1 0.6910326086956522 0.8834622823984526 0.027717391304347826 0.043520309477756286
1 0.689945652173913 0.3317214700193424 0.029891304347826088 0.0367504835589942
1 0.6896739130434782 0.5720502901353965 0.02391304347826087 0.039651837524177946
1 0.6896739130434782 0.72678916827853 0.02391304347826087 0.033849129593810444
1 0.6896739130434782 0.42408123791102514 0.02717391304347826 0.041586073500967116
1 0.6877717391304348 0.2601547388781431 0.027717391304347826 0.03481624758220503
1 0.6834239130434783 0.17794970986460348 0.025543478260869567 0.05222437137330754
1 0.6809782608695653 0.1029980657640232 0.030434782608695653 0.043520309477756286
1 0.6728260869565217 0.029980657640232108 0.03152173913043478 0.05222437137330754
0 0.6396739130434783 0.715183752417795 0.01847826086956522 0.043520309477756286
0 0.6391304347826087 0.9177949709864603 0.02282608695652174 0.0425531914893617
0 0.6385869565217391 0.6184719535783365 0.020652173913043477 0.043520309477756286
0 0.6372282608695652 0.5285299806576402 0.02010869565217391 0.043520309477756286
0 0.6201086956521739 0.503384912959381 0.025 0.045454545454545456
0 0.6040760869565217 0.5638297872340425 0.027717391304347826 0.05029013539651837
0 0.595108695652174 0.6262088974854932 0.02391304347826087 0.045454545454545456
0 0.5777173913043478 0.7277562862669246 0.02282608695652174 0.04932301740812379
0 0.5576086956521739 0.8351063829787234 0.030434782608695653 0.06286266924564797
0 0.532608695652174 0.9482591876208898 0.02608695652173913 0.05705996131528046
1 0.5263586956521739 0.03820116054158607 0.03858695652173913 0.07446808510638298
1 0.4989130434782609 0.10106382978723404 0.035869565217391305 0.0725338491295938
1 0.4625 0.1470019342359768 0.043478260869565216 0.08704061895551257
1 0.41684782608695653 0.16972920696324953 0.04782608695652174 0.086073500967118
1 0.28125 0.16972920696324953 0.07228260869565217 0.12475822050290135