1 0.7079976985040276 0.8816598360655737 0.029344073647871116 0.04610655737704918
1 0.7068469505178366 0.29713114754098363 0.03164556962025317 0.0389344262295082
1 0.7065592635212888 0.5517418032786885 0.02531645569620253 0.042008196721311473
1 0.7065592635212888 0.7156762295081968 0.02531645569620253 0.035860655737704916
1 0.7065592635212888 0.3949795081967213 0.028768699654775604 0.04405737704918033
1 0.7045454545454546 0.22131147540983606 0.029344073647871116 0.036885245901639344
1 0.6999424626006905 0.13422131147540983 0.02704257767548907 0.055327868852459015
1 0.6973532796317606 0.0548155737704918 0.03222094361334868 0.04610655737704918
0 0.6536248561565017 0.7033811475409836 0.019562715765247412 0.04610655737704918
0 0.6530494821634062 0.9180327868852459 0.024165707710011506 0.045081967213114756
0 0.6524741081703107 0.600922131147541 0.02186421173762946 0.04610655737704918
0 0.6510356731875719 0.5056352459016393 0.021288837744533946 0.04610655737704918
0 0.6329113924050633 0.47899590163934425 0.026467203682393557 0.04815573770491803
0 0.6159378596087457 0.5430327868852459 0.029344073647871116 0.05327868852459016
0 0.6064441887226697 0.6091188524590164 0.02531645569620253 0.04815573770491803
0 0.5880322209436134 0.7167008196721312 0.024165707710011506 0.05225409836065574
0 0.5667433831990794 0.8304303278688525 0.03222094361334868 0.06659836065573771
0 0.5402761795166858 0.9503073770491803 0.02761795166858458 0.060450819672131145
1 0.5336593785960875 0.012807377049180328 0.040851553509781355 0.025614754098360656
1 0.5046029919447641 0.052766393442622954 0.0379746835443038 0.07684426229508197
1 0.4660529344073648 0.1014344262295082 0.04602991944764097 0.09221311475409837
1 0.4177215189873418 0.1255122950819672 0.05063291139240506 0.09118852459016394
1 0.27416570771001153 0.1255122950819672 0.07652474108170311 0.13217213114754098