1 0.8903645833333333 0.10277777777777777 0.015104166666666667 0.022222222222222223
1 0.8885416666666667 0.1375 0.01875 0.030555555555555555
1 0.8903645833333333 0.16666666666666666 0.022395833333333334 0.03888888888888889
1 0.871875 0.17592592592592593 0.016666666666666666 0.044444444444444446
1 0.7122395833333334 0.17731481481481481 0.0234375 0.04722222222222222
1 0.41510416666666666 0.17916666666666667 0.019791666666666666 0.05092592592592592
1 0.54453125 0.17962962962962964 0.021354166666666667 0.040740740740740744
1 0.6278645833333333 0.17962962962962964 0.018229166666666668 0.040740740740740744
1 0.46484375 0.17962962962962964 0.022395833333333334 0.046296296296296294
1 0.7934895833333333 0.18055555555555555 0.019270833333333334 0.04259259259259259
1 0.8307291666666666 0.18055555555555555 0.025 0.04814814814814815
1 0.3765625 0.18287037037037038 0.01875 0.04722222222222222
1 0.33229166666666665 0.19027777777777777 0.028125 0.04351851851851852
1 0.29192708333333334 0.19444444444444445 0.0234375 0.05185185185185185
1 0.2526041666666667 0.20833333333333334 0.028125 0.053703703703703705
1 0.22109375 0.22592592592592592 0.030729166666666665 0.05925925925925926
1 0.19479166666666667 0.24305555555555555 0.030208333333333334 0.062037037037037036
1 0.17760416666666667 0.26296296296296295 0.027083333333333334 0.05925925925925926
0 0.6216145833333333 0.26481481481481484 0.0234375 0.03148148148148148
0 0.7307291666666667 0.2657407407407407 0.022916666666666665 0.03888888888888889
0 0.56953125 0.26666666666666666 0.0234375 0.03518518518518519
0 0.52109375 0.2689814814814815 0.0234375 0.03425925925925926
0 0.83359375 0.2712962962962963 0.030729166666666665 0.03888888888888889
0 0.9453125 0.27685185185185185 0.025 0.037037037037037035
1 0.16484375 0.2814814814814815 0.0265625 0.05925925925925926
0 0.5075520833333333 0.29814814814814816 0.024479166666666666 0.04259259259259259
1 0.16588541666666667 0.3143518518518518 0.03177083333333333 0.05648148148148148
0 0.5401041666666667 0.32546296296296295 0.027083333333333334 0.04722222222222222
0 0.5736979166666667 0.34074074074074073 0.024479166666666666 0.040740740740740744
1 0.175 0.3449074074074074 0.036458333333333336 0.05648148148148148
0 0.6283854166666667 0.37037037037037035 0.0265625 0.03888888888888889
1 0.19192708333333333 0.37962962962962965 0.028645833333333332 0.05740740740740741
0 0.6861979166666666 0.4046296296296296 0.033854166666666664 0.05185185185185185
1 0.22109375 0.4185185185185185 0.034895833333333334 0.06111111111111111
0 0.7471354166666667 0.44722222222222224 0.030729166666666665 0.044444444444444446
1 0.25703125 0.45787037037037037 0.04010416666666667 0.06574074074074074
0 0.8033854166666666 0.500462962962963 0.0328125 0.058333333333333334
1 0.2908854166666667 0.5046296296296297 0.0390625 0.06111111111111111
0 0.8575520833333333 0.5643518518518519 0.04739583333333333 0.075
1 0.315625 0.5666666666666667 0.046875 0.07407407407407407
0 0.9143229166666667 0.6444444444444445 0.05260416666666667 0.08703703703703704
1 0.32786458333333335 0.6444444444444445 0.04635416666666667 0.08148148148148149
1 0.98203125 0.06944444444444445 0.021354166666666667 0.04259259259259259
1 0.9197916666666667 0.07083333333333333 0.015625 0.032407407407407406
1 0.9583333333333334 0.07175925925925926 0.015625 0.03425925925925926
0 0.9778645833333334 0.7333333333333333 0.044270833333333336 0.09814814814814815
1 0.89765625 0.07407407407407407 0.016145833333333335 0.03333333333333333
1 0.9388020833333334 0.07407407407407407 0.011979166666666667 0.03333333333333333
1 0.32786458333333335 0.875462962962963 0.0671875 0.12314814814814815
1 0.8940104166666667 0.08888888888888889 0.011979166666666667 0.018518518518518517