1 0.28438228438228436 0.7588174273858921 0.029137529137529136 0.05705394190871369
1 0.28496503496503495 0.020228215767634856 0.024475524475524476 0.04045643153526971
1 0.28554778554778554 0.17946058091286307 0.022144522144522144 0.043568464730290454
1 0.28554778554778554 0.8402489626556017 0.03146853146853147 0.06016597510373444
1 0.28554778554778554 0.6623443983402489 0.03146853146853147 0.07157676348547717
1 0.2872960372960373 0.34387966804979253 0.02564102564102564 0.0508298755186722
1 0.2878787878787879 0.5036307053941909 0.024475524475524476 0.061203319502074686
1 0.293997668997669 0.9299792531120332 0.033216783216783216 0.06742738589211618
1 0.2974941724941725 0.9880705394190872 0.04020979020979021 0.023858921161825725
0 0.34265734265734266 0.3558091286307054 0.03146853146853147 0.058091286307053944
0 0.34265734265734266 0.14107883817427386 0.03146853146853147 0.07261410788381743
0 0.34324009324009325 0.45643153526970953 0.03263403263403263 0.06431535269709543
0 0.34702797202797203 0.5492738589211619 0.03205128205128205 0.0508298755186722
0 0.36217948717948717 0.5814315352697096 0.02972027972027972 0.052904564315352696
0 0.3793706293706294 0.5191908713692946 0.03496503496503497 0.07365145228215768
0 0.3942307692307692 0.4450207468879668 0.033216783216783216 0.07261410788381743
0 0.412004662004662 0.3428423236514523 0.039627039627039624 0.07365145228215768
0 0.4321095571095571 0.2225103734439834 0.050699300699300696 0.08609958506224066
0 0.4548368298368298 0.10736514522821576 0.06118881118881119 0.08817427385892117
0 0.48951048951048953 0.01867219917012448 0.04312354312354312 0.03734439834024896
1 0.4932983682983683 0.9787344398340249 0.05652680652680653 0.04253112033195021
1 0.5337995337995338 0.9496887966804979 0.05011655011655012 0.10062240663900415
1 0.5815850815850816 0.9372406639004149 0.0641025641025641 0.12551867219917012
1 0.7240675990675991 0.9310165975103735 0.08333333333333333 0.13796680497925312