1 0.871578947368421 0.1853932584269663 0.021052631578947368 0.031835205992509365
1 0.41342105263157897 0.1853932584269663 0.02894736842105263 0.04681647940074907
1 0.8328947368421052 0.1858614232209738 0.022631578947368423 0.042134831460674156
1 0.7907894736842105 0.18632958801498128 0.025789473684210525 0.03932584269662921
1 0.7073684210526315 0.18726591760299627 0.022105263157894735 0.035580524344569285
1 0.3721052631578947 0.18726591760299627 0.030526315789473683 0.05056179775280899
1 0.4623684210526316 0.18726591760299627 0.03631578947368421 0.05056179775280899
1 0.6239473684210526 0.1900749063670412 0.025789473684210525 0.04119850187265917
1 0.5428947368421052 0.19101123595505617 0.03105263157894737 0.03932584269662921
1 0.3265789473684211 0.20084269662921347 0.034210526315789476 0.05337078651685393
1 0.28578947368421054 0.20646067415730338 0.034736842105263156 0.06460674157303371
1 0.24552631578947368 0.2205056179775281 0.03736842105263158 0.0552434456928839
1 0.21157894736842106 0.2340823970037453 0.04842105263157895 0.054307116104868915
1 0.18842105263157893 0.250936329588015 0.031578947368421054 0.05056179775280899
1 0.1726315789473684 0.2743445692883895 0.031578947368421054 0.056179775280898875
0 0.8331578947368421 0.27715355805243447 0.031578947368421054 0.04681647940074907
0 0.6178947368421053 0.27902621722846443 0.029473684210526315 0.05056179775280899
0 0.7268421052631578 0.27902621722846443 0.03684210526315789 0.05056179775280899
0 0.5668421052631579 0.2799625468164794 0.03263157894736842 0.052434456928838954
0 0.9452631578947368 0.2851123595505618 0.031578947368421054 0.04962546816479401
0 0.5197368421052632 0.2860486891385768 0.025789473684210525 0.05149812734082397
1 0.15842105263157893 0.29728464419475653 0.03684210526315789 0.05898876404494382
0 0.503421052631579 0.3103932584269663 0.026842105263157896 0.047752808988764044
1 0.15789473684210525 0.3300561797752809 0.04421052631578947 0.04962546816479401
0 0.535 0.33801498127340823 0.03736842105263158 0.056179775280898875
0 0.5726315789473684 0.3618913857677903 0.03684210526315789 0.05337078651685393
1 0.16973684210526316 0.36657303370786515 0.03315789473684211 0.047752808988764044
0 0.6244736842105263 0.3904494382022472 0.03736842105263158 0.06367041198501873
1 0.18447368421052632 0.398876404494382 0.060526315789473685 0.04681647940074907
0 0.6855263157894737 0.42275280898876405 0.04368421052631579 0.08146067415730338
1 0.21263157894736842 0.4363295880149813 0.037894736842105266 0.06554307116104868
0 0.7439473684210526 0.4592696629213483 0.04473684210526316 0.09831460674157304
1 0.25105263157894736 0.4756554307116105 0.04105263157894737 0.06554307116104868
0 0.7997368421052632 0.5149812734082397 0.04052631578947368 0.06928838951310862
1 0.2873684210526316 0.5210674157303371 0.05052631578947368 0.09082397003745318
0 0.8542105263157894 0.5767790262172284 0.06 0.10299625468164794
1 0.30815789473684213 0.5861423220973783 0.06789473684210526 0.08052434456928839
0 0.9184210526315789 0.6619850187265918 0.05473684210526316 0.10486891385767791
1 0.3223684210526316 0.6629213483146067 0.06473684210526316 0.10299625468164794
0 0.9765789473684211 0.7579588014981273 0.04684210526315789 0.1151685393258427
1 0.3194736842105263 0.8918539325842697 0.08315789473684211 0.13389513108614232