1 0.6695652173913044 0.8815280464216635 0.02391304347826087 0.05125725338491296
1 0.6690217391304348 0.4284332688588008 0.025 0.058027079303675046
1 0.6682065217391304 0.7282398452611218 0.021195652173913043 0.03868471953578337
1 0.6676630434782609 0.5691489361702128 0.022282608695652174 0.041586073500967116
1 0.6671195652173914 0.33607350096711797 0.025543478260869567 0.05899419729206963
1 0.6646739130434782 0.2625725338491296 0.020652173913043477 0.0551257253384913
1 0.6627717391304347 0.18375241779497098 0.02010869565217391 0.06382978723404255
1 0.6565217391304348 0.10106382978723404 0.02391304347826087 0.04932301740812379
1 0.6516304347826087 0.031431334622823985 0.02717391304347826 0.06286266924564797
0 0.6168478260869565 0.9095744680851063 0.03152173913043478 0.06286266924564797
0 0.6157608695652174 0.6199226305609284 0.02282608695652174 0.05415860735009671
0 0.6157608695652174 0.7161508704061895 0.025 0.043520309477756286
0 0.6086956521739131 0.534816247582205 0.02826086956521739 0.058027079303675046
0 0.6002717391304347 0.5038684719535783 0.0375 0.05415860735009671
0 0.5831521739130435 0.5618955512572534 0.03369565217391304 0.06963249516441006
0 0.5706521739130435 0.625725338491296 0.02826086956521739 0.07156673114119923
0 0.5480978260869566 0.7292069632495164 0.035326086956521736 0.059961315280464215
0 0.5331521739130435 0.8346228239845261 0.035869565217391305 0.06382978723404255
0 0.5092391304347826 0.9443907156673114 0.04021739130434782 0.07446808510638298
1 0.5040760869565217 0.04206963249516441 0.04184782608695652 0.08413926499032882
1 0.4722826086956522 0.10493230174081238 0.04565217391304348 0.11315280464216634
1 0.43831521739130436 0.14313346228239845 0.042934782608695654 0.10638297872340426
1 0.39157608695652174 0.1702127659574468 0.049456521739130434 0.10251450676982592
1 0.2565217391304348 0.17166344294003869 0.075 0.13056092843326886