1 0.7447643979057592 0.8645251396648045 0.06544502617801047 0.12197392923649907
1 0.3403141361256545 0.6196461824953445 0.02617801047120419 0.038175046554934824
1 0.3413612565445026 0.17737430167597765 0.01780104712041885 0.028864059590316574
1 0.34319371727748693 0.035381750465549346 0.01832460732984293 0.048417132216014895
1 0.34345549738219894 0.3235567970204842 0.024083769633507852 0.04003724394785847
1 0.34397905759162306 0.7034450651769087 0.023036649214659685 0.038175046554934824
1 0.34528795811518326 0.4762569832402235 0.020418848167539267 0.04189944134078212
1 0.34764397905759165 0.7723463687150838 0.019895287958115182 0.049348230912476726
1 0.35 0.8524208566108007 0.021465968586387434 0.04003724394785847
1 0.3544502617801047 0.9287709497206704 0.023036649214659685 0.04003724394785847
1 0.3586387434554974 0.9799813780260708 0.031413612565445025 0.04003724394785847
0 0.39293193717277486 0.3356610800744879 0.021465968586387434 0.04562383612662942
0 0.3931937172774869 0.14757914338919925 0.027225130890052355 0.06052141527001862
0 0.3945026178010471 0.42178770949720673 0.024607329842931937 0.0633147113594041
0 0.3973821989528796 0.5069832402234636 0.027225130890052355 0.05307262569832402
0 0.4109947643979058 0.537243947858473 0.031413612565445025 0.0446927374301676
0 0.4261780104712042 0.4757914338919926 0.030366492146596858 0.055865921787709494
0 0.4397905759162304 0.4143389199255121 0.028272251308900525 0.0633147113594041
0 0.4549738219895288 0.3226256983240223 0.0356020942408377 0.06052141527001862
0 0.4735602094240838 0.22253258845437615 0.03612565445026178 0.06517690875232775
0 0.49267015706806283 0.11871508379888268 0.03455497382198953 0.07728119180633147
1 0.5049738219895288 0.9762569832402235 0.03612565445026178 0.04748603351955307
0 0.5238219895287958 0.0260707635009311 0.042408376963350786 0.0521415270018622
1 0.5345549738219896 0.9329608938547486 0.03769633507853403 0.10614525139664804
1 0.569371727748691 0.8868715083798883 0.03612565445026178 0.08100558659217877
1 0.612565445026178 0.866852886405959 0.04712041884816754 0.10800744878957169