1 0.29348958333333336 0.9310185185185185 0.06822916666666666 0.11574074074074074
1 0.43046875 0.21574074074074073 0.021354166666666667 0.046296296296296294
1 0.8291666666666667 0.2162037037037037 0.021875 0.041666666666666664
1 0.79453125 0.21712962962962962 0.0203125 0.03981481481481482
1 0.6778645833333333 0.2175925925925926 0.016145833333333335 0.03148148148148148
1 0.7572916666666667 0.22083333333333333 0.027083333333333334 0.032407407407407406
1 0.59609375 0.2212962962962963 0.022395833333333334 0.04259259259259259
1 0.38359375 0.2222222222222222 0.021354166666666667 0.040740740740740744
1 0.5106770833333333 0.22453703703703703 0.0234375 0.03611111111111111
1 0.3450520833333333 0.22870370370370371 0.027604166666666666 0.03518518518518519
1 0.30026041666666664 0.23287037037037037 0.022395833333333334 0.03796296296296296
1 0.25755208333333335 0.24074074074074073 0.022395833333333334 0.040740740740740744
1 0.22135416666666666 0.24814814814814815 0.0375 0.05555555555555555
1 0.18359375 0.26064814814814813 0.03802083333333333 0.05648148148148148
1 0.15989583333333332 0.2902777777777778 0.027083333333333334 0.05277777777777778
0 0.79921875 0.3050925925925926 0.0328125 0.049074074074074076
0 0.9080729166666667 0.30694444444444446 0.033854166666666664 0.05648148148148148
0 0.5893229166666667 0.3087962962962963 0.025520833333333333 0.03796296296296296
0 0.69453125 0.30925925925925923 0.033854166666666664 0.04814814814814815
0 0.5411458333333333 0.31157407407407406 0.035416666666666666 0.04351851851851852
1 0.14166666666666666 0.3125 0.03229166666666667 0.06388888888888888
0 0.4934895833333333 0.31666666666666665 0.0296875 0.04814814814814815
1 0.13072916666666667 0.337037037037037 0.029166666666666667 0.05185185185185185
0 0.4765625 0.34074074074074073 0.025 0.05555555555555555
1 0.1265625 0.35833333333333334 0.04375 0.053703703703703705
0 0.5109375 0.3675925925925926 0.03125 0.053703703703703705
0 0.5453125 0.39166666666666666 0.035416666666666666 0.05
1 0.13828125 0.3990740740740741 0.04114583333333333 0.06111111111111111
0 0.5966145833333333 0.4185185185185185 0.033854166666666664 0.06296296296296296
1 0.1578125 0.4337962962962963 0.04375 0.06574074074074074
0 0.6526041666666667 0.4513888888888889 0.036458333333333336 0.06388888888888888
1 0.18385416666666668 0.47314814814814815 0.041666666666666664 0.06111111111111111
0 0.7106770833333333 0.48518518518518516 0.043229166666666666 0.06111111111111111
1 0.22265625 0.5069444444444444 0.043229166666666666 0.06388888888888888
0 0.7684895833333333 0.5402777777777777 0.04114583333333333 0.075
1 0.2552083333333333 0.5592592592592592 0.059375 0.06666666666666667
0 0.81953125 0.5949074074074074 0.059895833333333336 0.09166666666666666
1 0.28098958333333335 0.6208333333333333 0.0453125 0.06388888888888888
0 0.8822916666666667 0.6736111111111112 0.058333333333333334 0.10092592592592593
1 0.2921875 0.6972222222222222 0.06041666666666667 0.08333333333333333
0 0.9518229166666666 0.7694444444444445 0.0640625 0.09814814814814815