1 0.2516574585635359 0.13703339882121807 0.06574585635359116 0.12868369351669942
1 0.6767955801104972 0.39538310412573674 0.027624309392265192 0.04027504911591356
1 0.6756906077348066 0.861984282907662 0.01878453038674033 0.030451866404715127
1 0.6737569060773481 0.9931237721021611 0.019337016574585635 0.0137524557956778
1 0.6734806629834255 0.7077603143418467 0.02541436464088398 0.04223968565815324
1 0.6729281767955801 0.3069744597249509 0.02430939226519337 0.04027504911591356
1 0.6715469613259668 0.5466601178781926 0.02154696132596685 0.04420432220039293
1 0.669060773480663 0.2342829076620825 0.020994475138121547 0.05206286836935167
1 0.6665745856353591 0.14980353634577603 0.022651933701657457 0.04223968565815324
1 0.661878453038674 0.06925343811394892 0.02430939226519337 0.04223968565815324
1 0.6574585635359116 0.018172888015717092 0.03314917127071823 0.036345776031434185
0 0.6212707182320442 0.6949901768172888 0.022651933701657457 0.0481335952848723
0 0.6209944751381216 0.8934184675834971 0.028729281767955802 0.06385068762278978
0 0.6196132596685083 0.6041257367387033 0.025966850828729283 0.06679764243614932
0 0.6165745856353592 0.5142436149312377 0.028729281767955802 0.055992141453831044
0 0.6022099447513812 0.4823182711198428 0.03314917127071823 0.047151277013752456
0 0.5861878453038674 0.5471512770137524 0.032044198895027624 0.05893909626719057
0 0.5718232044198895 0.611984282907662 0.02983425414364641 0.06679764243614932
0 0.5558011049723757 0.7087426326129665 0.03756906077348066 0.06385068762278978
0 0.5361878453038674 0.8143418467583498 0.03812154696132597 0.068762278978389
0 0.5160220994475138 0.9238703339882122 0.036464088397790057 0.08153241650294696
1 0.5030386740331492 0.022102161100196464 0.03812154696132597 0.04420432220039293
1 0.4718232044198895 0.06483300589390963 0.039779005524861875 0.11198428290766209
1 0.4350828729281768 0.11345776031434185 0.03812154696132597 0.08546168958742632
1 0.38950276243093923 0.13457760314341846 0.049723756906077346 0.11394891944990176