0 0.9631760644418872 0.9641393442622951 0.07364787111622555 0.07172131147540983
1 0.667433831990794 0.20133196721311475 0.023014959723820484 0.031762295081967214
1 0.5903337169159953 0.20184426229508196 0.01611047180667434 0.0389344262295082
1 0.6291714614499425 0.2023565573770492 0.02704257767548907 0.02971311475409836
1 0.507192174913694 0.20491803278688525 0.02474108170310702 0.045081967213114756
1 0.32537399309551207 0.21670081967213115 0.02704257767548907 0.042008196721311473
1 0.4197353279631761 0.2177254098360656 0.020138089758342925 0.04405737704918033
1 0.23216340621403914 0.22131147540983606 0.02704257767548907 0.036885245901639344
1 0.17261219792865362 0.22643442622950818 0.028768699654775604 0.05122950819672131
1 0.12802071346375143 0.22899590163934427 0.025891829689298044 0.06659836065573771
1 0.07105868814729574 0.2464139344262295 0.03624856156501726 0.060450819672131145
1 0.020425776754890677 0.25563524590163933 0.029344073647871116 0.0584016393442623
0 0.846662830840046 0.28739754098360654 0.02474108170310702 0.039959016393442626
0 0.9496547756041427 0.2894467213114754 0.02704257767548907 0.04405737704918033
0 0.9948216340621404 0.29149590163934425 0.010356731875719217 0.04405737704918033
0 0.7419447640966629 0.2930327868852459 0.025891829689298044 0.040983606557377046
0 0.6337744533947065 0.29508196721311475 0.02474108170310702 0.040983606557377046
0 0.5299194476409667 0.3043032786885246 0.02991944764096663 0.0430327868852459
0 0.4168584579976985 0.3135245901639344 0.025891829689298044 0.05737704918032787
0 0.35817031070195626 0.31915983606557374 0.023590333716915997 0.042008196721311473
0 0.3066743383199079 0.3355532786885246 0.04142692750287687 0.05430327868852459
0 0.2859608745684695 0.35706967213114754 0.03682393555811277 0.05225409836065574
0 0.3265247410817031 0.3801229508196721 0.03164556962025317 0.06762295081967214
0 0.3650747986191024 0.4021516393442623 0.039700805523590336 0.06454918032786885
0 0.42750287686996546 0.4354508196721312 0.04142692750287687 0.055327868852459015
0 0.48849252013808975 0.45543032786885246 0.04833141542002301 0.07889344262295082
0 0.5532220943613348 0.4979508196721312 0.047756041426927506 0.0778688524590164
0 0.6119102416570771 0.5430327868852459 0.03855005753739931 0.07991803278688525
0 0.6619677790563866 0.5993852459016393 0.05005753739930955 0.09631147540983606
1 0.027330264672036825 0.6372950819672131 0.05466052934407365 0.09016393442622951
0 0.7292865362485615 0.6752049180327869 0.05811277330264672 0.10450819672131148
1 0.05667433831990794 0.7064549180327869 0.06731875719217491 0.09528688524590163
0 0.7974683544303798 0.7648565573770492 0.06214039125431531 0.08913934426229508
1 0.07508630609896433 0.7961065573770492 0.06962025316455696 0.11270491803278689
0 0.8794591484464902 0.8698770491803278 0.07077100115074798 0.11885245901639344