1 0.6681134259259259 0.7736625514403292 0.017939814814814815 0.0411522633744856
1 0.6678240740740741 0.6358024691358025 0.02199074074074074 0.02880658436213992
1 0.6675347222222222 0.7052469135802469 0.01678240740740741 0.04835390946502058
1 0.6660879629629629 0.48713991769547327 0.02546296296296296 0.044238683127572016
1 0.6594328703703703 0.16203703703703703 0.023726851851851853 0.04835390946502058
1 0.6588541666666666 0.330761316872428 0.02488425925925926 0.0360082304526749
1 0.6568287037037037 0.00977366255144033 0.020833333333333332 0.01954732510288066
0 0.6163194444444444 0.9068930041152263 0.023148148148148147 0.046296296296296294
0 0.6151620370370371 0.713477366255144 0.023148148148148147 0.044238683127572016
0 0.6099537037037037 0.5277777777777778 0.024305555555555556 0.053497942386831275
0 0.6047453703703703 0.3256172839506173 0.032407407407407406 0.046296296296296294
0 0.6015625 0.22067901234567902 0.023726851851851853 0.04218106995884774
0 0.5923032407407407 0.1286008230452675 0.030671296296296297 0.07407407407407407
0 0.5801504629629629 0.09156378600823045 0.029513888888888888 0.06584362139917696
0 0.5671296296296297 0.1640946502057613 0.03819444444444445 0.056584362139917695
0 0.5546875 0.2330246913580247 0.036458333333333336 0.07098765432098765
0 0.5358796296296297 0.3446502057613169 0.03125 0.07407407407407407
0 0.5245949074074074 0.4537037037037037 0.04456018518518518 0.08641975308641975
0 0.5005787037037037 0.5694444444444444 0.04398148148148148 0.08539094650205761
0 0.47511574074074076 0.6743827160493827 0.04513888888888889 0.06893004115226338
0 0.44328703703703703 0.7638888888888888 0.05439814814814815 0.08950617283950617
0 0.40046296296296297 0.8842592592592593 0.059027777777777776 0.10390946502057613
0 0.3498263888888889 0.9753086419753086 0.050347222222222224 0.04938271604938271