1 0.34915254237288135 0.3073440643863179 0.014689265536723164 0.047283702213279676
1 0.35649717514124296 0.3375251509054326 0.022598870056497175 0.03319919517102616
1 0.35677966101694913 0.40492957746478875 0.01977401129943503 0.035211267605633804
1 0.3593220338983051 0.4723340040241449 0.01694915254237288 0.04527162977867203
1 0.3629943502824859 0.6161971830985915 0.01864406779661017 0.039235412474849095
1 0.36610169491525424 0.7741448692152918 0.0192090395480226 0.04124748490945674
1 0.37231638418079094 0.9371227364185111 0.022598870056497175 0.0613682092555332
0 0.40084745762711865 0.03873239436619718 0.0288135593220339 0.047283702213279676
0 0.4059322033898305 0.2107645875251509 0.02768361581920904 0.04527162977867203
0 0.40790960451977404 0.39235412474849096 0.023728813559322035 0.05030181086519115
0 0.4138418079096045 0.573943661971831 0.020903954802259886 0.059356136820925554
0 0.4214689265536723 0.7791750503018109 0.02824858757062147 0.05130784708249497
0 0.42203389830508475 0.880784708249497 0.02937853107344633 0.05331991951710262
0 0.43107344632768363 0.9753521126760564 0.02711864406779661 0.04929577464788732
0 0.44943502824858755 0.9874245472837022 0.03333333333333333 0.025150905432595575
0 0.4615819209039548 0.9371227364185111 0.02937853107344633 0.08148893360160966
0 0.4725988700564972 0.8656941649899397 0.03672316384180791 0.059356136820925554
0 0.4887005649717514 0.7580482897384306 0.0384180790960452 0.07746478873239436
0 0.5022598870056497 0.6493963782696177 0.04293785310734463 0.07344064386317907
0 0.5211864406779662 0.5331991951710262 0.03785310734463277 0.0744466800804829
0 0.5443502824858757 0.4341046277665996 0.03898305084745763 0.08148893360160966
0 0.5768361581920904 0.3380281690140845 0.04180790960451977 0.08853118712273642
0 0.6180790960451977 0.22736418511066397 0.04858757062146893 0.08853118712273642
0 0.6624293785310734 0.11820925553319919 0.05254237288135593 0.1096579476861167
0 0.714406779661017 0.017605633802816902 0.06271186440677966 0.035211267605633804