1 0.6530494821634062 0.7136270491803278 0.014959723820483314 0.04815573770491803
1 0.6455696202531646 0.6828893442622951 0.023014959723820484 0.03381147540983607
1 0.6452819332566168 0.6142418032786885 0.020138089758342925 0.035860655737704916
1 0.642692750287687 0.545594262295082 0.01726121979286536 0.04610655737704918
1 0.6389528193325662 0.399077868852459 0.0189873417721519 0.039959016393442626
1 0.6357882623705409 0.2382172131147541 0.019562715765247412 0.042008196721311473
1 0.6294591484464902 0.07223360655737705 0.023014959723820484 0.0625
0 0.6004027617951668 0.9815573770491803 0.029344073647871116 0.036885245901639344
0 0.5952243958573072 0.8119877049180327 0.02819332566168009 0.04610655737704918
0 0.593210586881473 0.6270491803278688 0.024165707710011506 0.05122950819672131
0 0.5871691599539701 0.4421106557377049 0.021288837744533946 0.060450819672131145
0 0.5794016110471807 0.23309426229508196 0.028768699654775604 0.05225409836065574
0 0.5788262370540852 0.12961065573770492 0.02991944764096663 0.05430327868852459
0 0.569620253164557 0.02920081967213115 0.02761795166858458 0.0584016393442623
0 0.5509205983889528 0.016905737704918034 0.03394706559263521 0.03381147540983607
0 0.5385500575373993 0.07223360655737705 0.02991944764096663 0.08299180327868852
0 0.5273302646720368 0.1449795081967213 0.037399309551208286 0.060450819672131145
0 0.5109321058688148 0.2546106557377049 0.039125431530494824 0.07889344262295082
0 0.49712313003452246 0.36526639344262296 0.04372842347525892 0.07479508196721311
0 0.4778481012658228 0.48360655737704916 0.03855005753739931 0.07581967213114754
0 0.4542577675489068 0.5845286885245902 0.039700805523590336 0.08299180327868852
0 0.42117376294591485 0.6823770491803278 0.04257767548906789 0.09016393442622951
0 0.37917146144994246 0.7950819672131147 0.04948216340621404 0.09016393442622951
0 0.3340046029919448 0.90625 0.053509781357882626 0.11168032786885246