0 0.8278645833333333 0.9277777777777778 0.0765625 0.11851851851851852
0 0.7825520833333334 0.22777777777777777 0.019270833333333334 0.03333333333333333
1 0.5825520833333333 0.24537037037037038 0.018229166666666668 0.024074074074074074
0 0.8221354166666667 0.24675925925925926 0.016145833333333335 0.028703703703703703
1 0.5658854166666667 0.2518518518518518 0.0109375 0.044444444444444446
1 0.49583333333333335 0.2537037037037037 0.019791666666666666 0.03333333333333333
1 0.5330729166666667 0.25416666666666665 0.018229166666666668 0.03981481481481482
1 0.42161458333333335 0.2611111111111111 0.022395833333333334 0.02962962962962963
0 0.8677083333333333 0.26990740740740743 0.026041666666666668 0.03425925925925926
1 0.34010416666666665 0.2708333333333333 0.020833333333333332 0.03981481481481482
1 0.2518229166666667 0.27685185185185185 0.028645833333333332 0.03888888888888889
1 0.1625 0.2810185185185185 0.021875 0.041666666666666664
1 0.10546875 0.2824074074074074 0.027604166666666666 0.05
0 0.91328125 0.28703703703703703 0.028645833333333332 0.044444444444444446
1 0.06041666666666667 0.2967592592592593 0.023958333333333335 0.05462962962962963
1 0.01328125 0.30694444444444446 0.0265625 0.058333333333333334
0 0.9231770833333334 0.31157407407407406 0.034895833333333334 0.04537037037037037
0 0.89296875 0.31666666666666665 0.019270833333333334 0.044444444444444446
0 0.8528645833333334 0.3199074074074074 0.022395833333333334 0.041666666666666664
0 0.7200520833333334 0.32685185185185184 0.027604166666666666 0.046296296296296294
0 0.8109375 0.3287037037037037 0.019791666666666666 0.05
0 0.6291666666666667 0.3351851851851852 0.03854166666666667 0.044444444444444446
0 0.5361979166666667 0.3365740740740741 0.034895833333333334 0.041666666666666664
0 0.4440104166666667 0.3490740740740741 0.027604166666666666 0.03888888888888889
0 0.33958333333333335 0.36018518518518516 0.030208333333333334 0.04259259259259259
0 0.28411458333333334 0.36574074074074076 0.028645833333333332 0.05
0 0.23203125 0.37592592592592594 0.028645833333333332 0.05185185185185185
0 0.21276041666666667 0.40370370370370373 0.03177083333333333 0.05555555555555555
0 0.25364583333333335 0.425462962962963 0.035416666666666666 0.049074074074074076
0 0.29140625 0.44537037037037036 0.0328125 0.06111111111111111
0 0.34661458333333334 0.46296296296296297 0.04114583333333333 0.05925925925925926
0 0.40677083333333336 0.49398148148148147 0.03958333333333333 0.06944444444444445
0 0.46510416666666665 0.5166666666666667 0.041666666666666664 0.06851851851851852
0 0.5205729166666667 0.5666666666666667 0.0453125 0.05740740740740741
0 0.5697916666666667 0.6203703703703703 0.034375 0.07777777777777778
0 0.62265625 0.6754629629629629 0.0546875 0.08055555555555556
1 0.011197916666666667 0.7324074074074074 0.022395833333333334 0.09814814814814815
0 0.6822916666666666 0.7472222222222222 0.05416666666666667 0.09074074074074075
1 0.022395833333333334 0.8310185185185185 0.04479166666666667 0.08981481481481482
0 0.7533854166666667 0.8324074074074074 0.05572916666666667 0.08888888888888889