0 0.6617486338797814 0.9936893203883496 0.019672131147540985 0.01262135922330097
1 0.6513661202185792 0.6325242718446602 0.014207650273224045 0.03398058252427184
1 0.6475409836065574 0.6014563106796117 0.02622950819672131 0.020388349514563107
1 0.646448087431694 0.470873786407767 0.019672131147540985 0.036893203883495145
1 0.6461748633879781 0.5402912621359224 0.023497267759562842 0.03398058252427184
1 0.6420765027322405 0.3325242718446602 0.017486338797814208 0.04174757281553398
1 0.6363387978142077 0.18058252427184465 0.023497267759562842 0.038834951456310676
1 0.6327868852459017 0.021359223300970873 0.022950819672131147 0.04271844660194175
0 0.6032786885245902 0.8888349514563106 0.0273224043715847 0.05145631067961165
0 0.5983606557377049 0.7194174757281553 0.02622950819672131 0.07184466019417475
0 0.5975409836065574 0.5461165048543689 0.02459016393442623 0.06504854368932039
0 0.5901639344262295 0.3742718446601942 0.022950819672131147 0.05145631067961165
0 0.5836065573770491 0.1796116504854369 0.025136612021857924 0.05631067961165048
0 0.580327868852459 0.0762135922330097 0.029508196721311476 0.05339805825242718
0 0.5450819672131147 0.02621359223300971 0.02896174863387978 0.05242718446601942
0 0.5333333333333333 0.08980582524271845 0.036065573770491806 0.06116504854368932
0 0.5229508196721312 0.19271844660194173 0.034972677595628415 0.0766990291262136
0 0.5046448087431694 0.3048543689320388 0.040983606557377046 0.07378640776699029
0 0.4912568306010929 0.41359223300970877 0.040437158469945354 0.07766990291262135
0 0.46174863387978143 0.5169902912621359 0.033879781420765025 0.08446601941747572
0 0.43005464480874317 0.6087378640776699 0.04590163934426229 0.06407766990291262
0 0.3975409836065574 0.7072815533980582 0.047540983606557376 0.10194174757281553
0 0.3551912568306011 0.8184466019417476 0.053551912568306013 0.10097087378640776
0 0.30491803278688523 0.9495145631067962 0.05245901639344262 0.10097087378640776