1 0.6543010752688172 0.6496175908221797 0.013978494623655914 0.033460803059273424
1 0.6505376344086021 0.6190248565965584 0.025806451612903226 0.020076481835564052
1 0.6494623655913978 0.4904397705544933 0.01935483870967742 0.036328871892925434
1 0.6491935483870968 0.5587954110898662 0.023118279569892472 0.033460803059273424
1 0.6451612903225806 0.35420650095602296 0.017204301075268817 0.04110898661567878
1 0.6395161290322581 0.2045889101338432 0.023118279569892472 0.03824091778202677
1 0.636021505376344 0.04254302103250478 0.02258064516129032 0.052581261950286805
0 0.6069892473118279 0.9020076481835564 0.026881720430107527 0.05066921606118547
0 0.6021505376344086 0.7351816443594646 0.025806451612903226 0.07074569789674952
0 0.6013440860215054 0.5645315487571702 0.024193548387096774 0.06405353728489484
0 0.5940860215053764 0.3953154875717017 0.02258064516129032 0.05066921606118547
0 0.5876344086021505 0.20363288718929254 0.024731182795698924 0.055449330783938815
0 0.5844086021505376 0.10181644359464627 0.02903225806451613 0.052581261950286805
0 0.578494623655914 0.016252390057361378 0.030107526881720432 0.032504780114722756
0 0.5497311827956989 0.045889101338432124 0.02849462365591398 0.06500956022944551
0 0.5381720430107527 0.11520076481835564 0.035483870967741936 0.06022944550669216
0 0.5279569892473118 0.21653919694072657 0.034408602150537634 0.07552581261950286
0 0.5099462365591397 0.32695984703632885 0.04032258064516129 0.07265774378585087
0 0.4967741935483871 0.4340344168260038 0.03978494623655914 0.07648183556405354
0 0.46774193548387094 0.5358508604206501 0.03333333333333333 0.08317399617590822
0 0.43655913978494626 0.6261950286806883 0.04516129032258064 0.06309751434034416
0 0.40456989247311825 0.7232313575525813 0.0467741935483871 0.10038240917782026
0 0.3629032258064516 0.8326959847036329 0.05268817204301075 0.0994263862332696
0 0.31344086021505374 0.9560229445506692 0.05161290322580645 0.08795411089866156