0 0.24262295081967214 0.9533980582524272 0.048087431693989074 0.09320388349514563
0 0.644808743169399 0.874757281553398 0.012021857923497269 0.02912621359223301
1 0.6322404371584699 0.5145631067961165 0.014207650273224045 0.02912621359223301
0 0.6319672131147541 0.941747572815534 0.01366120218579235 0.03495145631067961
1 0.6273224043715847 0.420873786407767 0.015300546448087432 0.030097087378640777
1 0.6273224043715847 0.48349514563106794 0.02622950819672131 0.02524271844660194
1 0.6234972677595628 0.35388349514563106 0.014207650273224045 0.03203883495145631
1 0.6193989071038252 0.20970873786407768 0.014754098360655738 0.04466019417475728
1 0.6128415300546448 0.06165048543689321 0.01912568306010929 0.030097087378640777
0 0.5912568306010929 0.9893203883495145 0.019672131147540985 0.021359223300970873
0 0.5885245901639344 0.925242718446602 0.01639344262295082 0.040776699029126215
0 0.5855191256830601 0.7674757281553398 0.016939890710382512 0.043689320388349516
0 0.5808743169398907 0.6029126213592233 0.022950819672131147 0.04854368932038835
0 0.5748633879781421 0.43155339805825244 0.020765027322404372 0.04951456310679612
0 0.5669398907103825 0.25533980582524274 0.02459016393442623 0.05048543689320388
0 0.559016393442623 0.050970873786407765 0.025136612021857924 0.059223300970873784
0 0.49508196721311476 0.07524271844660194 0.030601092896174863 0.08058252427184466
0 0.48333333333333334 0.18543689320388348 0.03114754098360656 0.062135922330097085
0 0.46530054644808744 0.29854368932038833 0.03551912568306011 0.09029126213592233
0 0.44153005464480877 0.39611650485436894 0.03715846994535519 0.08349514563106795
0 0.41065573770491803 0.4888349514563107 0.04644808743169399 0.08058252427184466
0 0.3778688524590164 0.5922330097087378 0.048633879781420766 0.08932038834951456
0 0.3412568306010929 0.7067961165048544 0.05191256830601093 0.09514563106796116
0 0.2896174863387978 0.8300970873786407 0.05245901639344262 0.13009708737864079