0 0.24893048128342246 0.9710076045627376 0.06042780748663101 0.05798479087452472
0 0.6491978609625668 0.9106463878326996 0.011764705882352941 0.028517110266159697
1 0.6368983957219251 0.5579847908745247 0.013903743315508022 0.028517110266159697
0 0.6366310160427807 0.9762357414448669 0.013368983957219251 0.034220532319391636
1 0.6320855614973262 0.46625475285171103 0.014973262032085561 0.029467680608365018
1 0.6320855614973262 0.5275665399239544 0.025668449197860963 0.024714828897338403
1 0.6283422459893048 0.40066539923954375 0.013903743315508022 0.03136882129277566
1 0.6243315508021391 0.25950570342205326 0.014438502673796792 0.043726235741444866
1 0.6179144385026738 0.11454372623574144 0.01871657754010695 0.029467680608365018
0 0.5941176470588235 0.9600760456273765 0.016042780748663103 0.039923954372623575
0 0.5911764705882353 0.8056083650190115 0.016577540106951873 0.04277566539923954
0 0.5866310160427808 0.6444866920152091 0.022459893048128343 0.04752851711026616
0 0.5807486631016042 0.4767110266159696 0.020320855614973262 0.04847908745247148
0 0.5729946524064171 0.3041825095057034 0.02406417112299465 0.049429657794676805
0 0.5652406417112299 0.10408745247148289 0.02459893048128342 0.05798479087452472
0 0.5609625668449197 0.013783269961977186 0.029946524064171122 0.027566539923954372
0 0.5133689839572193 0.02423954372623574 0.028877005347593583 0.04847908745247148
0 0.5026737967914439 0.12785171102661597 0.029946524064171122 0.07889733840304182
0 0.49117647058823527 0.23574144486692014 0.03048128342245989 0.060836501901140684
0 0.47352941176470587 0.3464828897338403 0.034759358288770054 0.08840304182509506
0 0.4502673796791444 0.44201520912547526 0.03636363636363636 0.0817490494296578
0 0.42005347593582887 0.5327946768060836 0.045454545454545456 0.07889733840304182
0 0.38796791443850265 0.6340304182509505 0.04759358288770053 0.08745247148288973
0 0.35213903743315506 0.7461977186311787 0.05080213903743316 0.09315589353612168
0 0.3016042780748663 0.8669201520912547 0.051336898395721926 0.12737642585551331