0 0.6719101123595506 0.952 0.01348314606741573 0.036
1 0.6592696629213484 0.5785 0.01741573033707865 0.035
1 0.6530898876404494 0.5485 0.016292134831460674 0.031
1 0.651685393258427 0.485 0.016853932584269662 0.038
1 0.6494382022471911 0.4175 0.015730337078651686 0.039
1 0.6432584269662921 0.2735 0.016853932584269662 0.043
1 0.6382022471910113 0.109 0.016853932584269662 0.042
0 0.6162921348314607 0.9935 0.016853932584269662 0.013
0 0.6098314606741573 0.8405 0.020786516853932586 0.045
0 0.6053370786516854 0.6735 0.024157303370786518 0.037
0 0.601685393258427 0.4975 0.021348314606741574 0.043
0 0.5918539325842697 0.3105 0.021910112359550562 0.051
0 0.5820224719101124 0.1035 0.025842696629213482 0.061
0 0.577808988764045 0.009 0.026404494382022473 0.018
0 0.525561797752809 0.0195 0.03539325842696629 0.039
0 0.5151685393258427 0.1255 0.04157303370786517 0.065
0 0.5002808988764045 0.2425 0.026404494382022473 0.073
0 0.48651685393258426 0.353 0.04269662921348315 0.068
0 0.46292134831460674 0.4565 0.038202247191011236 0.075
0 0.4314606741573034 0.5535 0.043820224719101124 0.085
0 0.39831460674157304 0.657 0.04157303370786517 0.104
0 0.35758426966292134 0.7815 0.056741573033707866 0.111
0 0.3098314606741573 0.913 0.05449438202247191 0.11
0 0.25786516853932584 0.984 0.06629213483146068 0.032