0 0.7465277777777778 0.16666666666666666 0.020833333333333332 0.024691358024691357
0 0.7867476851851852 0.18878600823045266 0.02141203703703704 0.0257201646090535
1 0.5303819444444444 0.18981481481481483 0.02025462962962963 0.03189300411522634
1 0.5130208333333334 0.20113168724279834 0.017939814814814815 0.029835390946502057
1 0.47627314814814814 0.2037037037037037 0.02199074074074074 0.030864197530864196
0 0.8362268518518519 0.20730452674897118 0.024305555555555556 0.033950617283950615
1 0.43721064814814814 0.20781893004115226 0.022569444444444444 0.02880658436213992
1 0.3538773148148148 0.2191358024691358 0.02488425925925926 0.030864197530864196
1 0.2586805555555556 0.22839506172839505 0.024305555555555556 0.030864197530864196
0 0.8859953703703703 0.23251028806584362 0.024305555555555556 0.02880658436213992
1 0.15769675925925927 0.24022633744855967 0.028356481481481483 0.03189300411522634
1 0.05005787037037037 0.24794238683127573 0.03298611111111111 0.03292181069958848
0 0.8943865740740741 0.2536008230452675 0.028356481481481483 0.0360082304526749
0 0.8637152777777778 0.25925925925925924 0.027199074074074073 0.0411522633744856
0 0.8208912037037037 0.26594650205761317 0.026041666666666668 0.03806584362139918
0 0.7777777777777778 0.26851851851851855 0.02199074074074074 0.030864197530864196
0 0.6820023148148148 0.2803497942386831 0.026041666666666668 0.03806584362139918
0 0.5853587962962963 0.28858024691358025 0.02141203703703704 0.044238683127572016
0 0.4835069444444444 0.2952674897119342 0.02488425925925926 0.03909465020576132
0 0.37528935185185186 0.3132716049382716 0.029513888888888888 0.040123456790123455
0 0.2554976851851852 0.33127572016460904 0.03530092592592592 0.047325102880658436
0 0.19155092592592593 0.33899176954732513 0.028935185185185185 0.04835390946502058
0 0.13194444444444445 0.3585390946502058 0.037037037037037035 0.04218106995884774
0 0.11429398148148148 0.39351851851851855 0.03761574074074074 0.05452674897119342
0 0.15625 0.4140946502057613 0.037037037037037035 0.060699588477366256
0 0.20081018518518517 0.4346707818930041 0.034722222222222224 0.06481481481481481
0 0.2682291666666667 0.4537037037037037 0.03761574074074074 0.07613168724279835
0 0.3359375 0.4809670781893004 0.04224537037037037 0.04835390946502058
0 0.39988425925925924 0.5061728395061729 0.03935185185185185 0.07818930041152264
0 0.4597800925925926 0.5493827160493827 0.043402777777777776 0.06995884773662552
0 0.5159143518518519 0.6069958847736625 0.04918981481481482 0.08024691358024691
0 0.5758101851851852 0.6676954732510288 0.06018518518518518 0.07613168724279835
0 0.6478587962962963 0.7422839506172839 0.0642361111111111 0.10390946502057613
0 0.7239583333333334 0.8297325102880658 0.06365740740740741 0.09979423868312758
0 0.7983217592592593 0.9248971193415638 0.08506944444444445 0.12139917695473251