0 0.6777777777777778 0.9566854990583804 0.07089947089947089 0.08662900188323917
0 0.66005291005291 0.2862523540489642 0.020634920634920634 0.02448210922787194
1 0.4301587301587302 0.2947269303201507 0.022222222222222223 0.026365348399246705
1 0.4132275132275132 0.3036723163841808 0.022222222222222223 0.025423728813559324
0 0.7023809523809523 0.3050847457627119 0.023809523809523808 0.02824858757062147
1 0.37962962962962965 0.3088512241054614 0.01746031746031746 0.02824858757062147
1 0.3431216931216931 0.314030131826742 0.019576719576719578 0.03295668549905838
0 0.7444444444444445 0.3225047080979284 0.02328042328042328 0.027306967984934087
1 0.2624338624338624 0.3239171374764595 0.02433862433862434 0.030131826741996232
1 0.17195767195767195 0.339924670433145 0.02433862433862434 0.030131826741996232
0 0.7523809523809524 0.3408662900188324 0.027513227513227514 0.02824858757062147
0 0.7256613756613757 0.346045197740113 0.02275132275132275 0.031073446327683617
0 0.6902116402116402 0.3549905838041431 0.021693121693121695 0.032015065913371
1 0.07195767195767196 0.3559322033898305 0.02328042328042328 0.04143126177024482
0 0.6513227513227513 0.3606403013182674 0.021164021164021163 0.030131826741996232
0 0.5685185185185185 0.3695856873822976 0.021693121693121695 0.03295668549905838
0 0.4804232804232804 0.3790018832391714 0.025396825396825397 0.046139359698681735
0 0.3843915343915344 0.3921845574387947 0.026984126984126985 0.044256120527306965
0 0.28359788359788357 0.4114877589453861 0.030687830687830688 0.04331450094161959
0 0.1685185185185185 0.4373822975517891 0.03968253968253968 0.051789077212806026
0 0.10476190476190476 0.4500941619585687 0.033862433862433865 0.04331450094161959
0 0.044444444444444446 0.4675141242937853 0.03492063492063492 0.046139359698681735
0 0.027777777777777776 0.4981167608286252 0.03439153439153439 0.05084745762711865
0 0.07116402116402117 0.5150659133709982 0.03650793650793651 0.054613935969868174
0 0.11507936507936507 0.5338983050847458 0.03650793650793651 0.05649717514124294
0 0.1791005291005291 0.551789077212806 0.038624338624338624 0.054613935969868174
0 0.24444444444444444 0.5706214689265536 0.044444444444444446 0.06779661016949153
0 0.3058201058201058 0.5936911487758946 0.0328042328042328 0.051789077212806026
0 0.36613756613756615 0.6304143126177024 0.04126984126984127 0.059322033898305086
0 0.4208994708994709 0.6807909604519774 0.03968253968253968 0.06779661016949153
0 0.4740740740740741 0.7250470809792844 0.0455026455026455 0.0847457627118644
0 0.5346560846560846 0.801789077212806 0.05555555555555555 0.0743879472693032
0 0.6058201058201058 0.878060263653484 0.05925925925925926 0.08380414312617702