0 0.6744791666666666 0.9490740740740741 0.06979166666666667 0.09259259259259259
0 0.65703125 0.2861111111111111 0.0203125 0.024074074074074074
1 0.43072916666666666 0.29444444444444445 0.021875 0.025925925925925925
1 0.4140625 0.30324074074074076 0.021875 0.025
0 0.6986979166666667 0.30462962962962964 0.0234375 0.027777777777777776
1 0.3809895833333333 0.30833333333333335 0.0171875 0.027777777777777776
1 0.3450520833333333 0.31342592592592594 0.019270833333333334 0.032407407407407406
0 0.7401041666666667 0.32175925925925924 0.022916666666666665 0.026851851851851852
1 0.265625 0.32314814814814813 0.023958333333333335 0.02962962962962963
1 0.1765625 0.3388888888888889 0.023958333333333335 0.02962962962962963
0 0.7479166666666667 0.3398148148148148 0.027083333333333334 0.027777777777777776
0 0.7216145833333333 0.3449074074074074 0.022395833333333334 0.030555555555555555
0 0.68671875 0.3537037037037037 0.021354166666666667 0.03148148148148148
1 0.078125 0.35462962962962963 0.022916666666666665 0.040740740740740744
0 0.6484375 0.3592592592592593 0.020833333333333332 0.02962962962962963
0 0.5669270833333333 0.3680555555555556 0.021354166666666667 0.032407407407407406
0 0.48020833333333335 0.3773148148148148 0.025 0.04537037037037037
0 0.38567708333333334 0.3902777777777778 0.0265625 0.04351851851851852
0 0.2864583333333333 0.40925925925925927 0.030208333333333334 0.04259259259259259
0 0.17317708333333334 0.43472222222222223 0.0390625 0.05092592592592592
0 0.11041666666666666 0.44722222222222224 0.03333333333333333 0.04259259259259259
0 0.051041666666666666 0.46435185185185185 0.034375 0.04537037037037037
0 0.03463541666666667 0.49444444444444446 0.033854166666666664 0.05
0 0.07734375 0.5111111111111111 0.0359375 0.053703703703703705
0 0.12057291666666667 0.5296296296296297 0.0359375 0.05555555555555555
0 0.18359375 0.5472222222222223 0.03802083333333333 0.053703703703703705
0 0.24791666666666667 0.5657407407407408 0.04375 0.06666666666666667
0 0.30833333333333335 0.5884259259259259 0.03229166666666667 0.05092592592592592
0 0.36770833333333336 0.624537037037037 0.040625 0.058333333333333334
0 0.42161458333333335 0.674074074074074 0.0390625 0.06666666666666667
0 0.4739583333333333 0.7175925925925926 0.04479166666666667 0.08333333333333333
0 0.53359375 0.7930555555555555 0.0546875 0.07314814814814814
0 0.6036458333333333 0.8680555555555556 0.058333333333333334 0.0824074074074074