0 0.7664960182025028 0.22874493927125505 0.02901023890784983 0.13562753036437247
0 0.3731513083048919 0.2626518218623482 0.01478953356086462 0.039473684210526314
1 0.3782707622298066 0.7024291497975709 0.015927189988623434 0.04251012145748988
1 0.383674630261661 0.7348178137651822 0.015358361774744027 0.04251012145748988
0 0.3845278725824801 0.18168016194331985 0.017064846416382253 0.04554655870445344
1 0.38680318543799774 0.7990890688259109 0.017064846416382253 0.03340080971659919
1 0.38993174061433444 0.8689271255060729 0.019908987485779295 0.03744939271255061
0 0.39505119453924914 0.10121457489878542 0.016496018202502846 0.044534412955465584
0 0.4061433447098976 0.0860323886639676 0.017064846416382253 0.05263157894736842
0 0.40927189988623436 0.13714574898785425 0.01877133105802048 0.043522267206477734
0 0.41467576791808874 0.2049595141700405 0.019340159271899887 0.04149797570850203
0 0.4180887372013652 0.2793522267206478 0.01820250284414107 0.04048582995951417
0 0.4234926052332196 0.43775303643724695 0.019908987485779295 0.04149797570850203
0 0.42918088737201365 0.6062753036437247 0.027872582480091012 0.048582995951417005
0 0.43714448236632536 0.7899797570850202 0.026734926052332197 0.05161943319838057
0 0.44880546075085326 0.9767206477732794 0.026166097838452786 0.0465587044534413
0 0.5588737201365188 0.9402834008097166 0.03128555176336746 0.06275303643724696
0 0.5810580204778157 0.8248987854251012 0.03583617747440273 0.07894736842105263
0 0.611490329920364 0.7201417004048583 0.040955631399317405 0.07591093117408906
0 0.6382252559726962 0.618421052631579 0.051194539249146756 0.08704453441295547
0 0.684584755403868 0.5025303643724697 0.044937428896473265 0.1062753036437247
0 0.7306598407281001 0.36639676113360325 0.05062571103526735 0.11336032388663968