0 0.6631016042780749 0.9634030418250951 0.06203208556149733 0.07319391634980989
1 0.4077540106951872 0.2894486692015209 0.022994652406417113 0.025665399239543727
0 0.6433155080213904 0.2961026615969582 0.016042780748663103 0.025665399239543727
1 0.4122994652406417 0.3051330798479088 0.017112299465240642 0.022813688212927757
0 0.6852941176470588 0.3127376425855513 0.019786096256684493 0.026615969581749048
1 0.39438502673796794 0.3141634980988593 0.016577540106951873 0.027566539923954372
1 0.3598930481283422 0.3193916349809886 0.0213903743315508 0.030418250950570342
1 0.32272727272727275 0.32509505703422054 0.022994652406417113 0.028517110266159697
0 0.7283422459893049 0.33222433460076045 0.019251336898395723 0.029467680608365018
1 0.24064171122994651 0.33460076045627374 0.023529411764705882 0.03612167300380228
1 0.1483957219251337 0.3488593155893536 0.026203208556149733 0.030418250950570342
0 0.7377005347593583 0.3531368821292776 0.025133689839572194 0.029467680608365018
0 0.7098930481283422 0.3588403041825095 0.019786096256684493 0.03326996197718631
0 0.6737967914438503 0.36359315589353614 0.022459893048128343 0.029467680608365018
1 0.044919786096256686 0.3650190114068441 0.022459893048128343 0.03231939163498099
0 0.6342245989304813 0.36977186311787075 0.022459893048128343 0.028517110266159697
0 0.55 0.38165399239543724 0.02085561497326203 0.04277566539923954
0 0.4636363636363636 0.39543726235741444 0.019251336898395723 0.04752851711026616
0 0.3655080213903743 0.40304182509505704 0.026203208556149733 0.039923954372623575
0 0.2631016042780749 0.4244296577946768 0.029946524064171122 0.0408745247148289
0 0.146524064171123 0.4505703422053232 0.033155080213903745 0.049429657794676805
0 0.08288770053475936 0.45674904942965777 0.028877005347593583 0.05228136882129278
0 0.021925133689839574 0.4776615969581749 0.03529411764705882 0.05038022813688213
0 0.011229946524064172 0.5156844106463878 0.022459893048128343 0.05228136882129278
0 0.04732620320855615 0.5327946768060836 0.034759358288770054 0.04847908745247148
0 0.08903743315508021 0.5508555133079848 0.032620320855614976 0.04847908745247148
0 0.15454545454545454 0.5736692015209125 0.0427807486631016 0.06178707224334601
0 0.22165775401069518 0.5855513307984791 0.046524064171122995 0.060836501901140684
0 0.28475935828877 0.6102661596958175 0.040106951871657755 0.06463878326996197
0 0.34358288770053474 0.6535171102661597 0.04224598930481283 0.06178707224334601
0 0.39893048128342246 0.6996197718631179 0.045989304812834225 0.07224334600760456
0 0.4561497326203209 0.75 0.044919786096256686 0.06463878326996197
0 0.5187165775401069 0.8212927756653993 0.04919786096256684 0.08745247148288973
0 0.5887700534759358 0.8968631178707225 0.059893048128342244 0.10171102661596958