0 0.7582446808510638 0.1890359168241966 0.04627659574468085 0.10964083175803403
1 0.3784574468085106 0.6403591682419659 0.014361702127659574 0.04064272211720227
0 0.38218085106382976 0.22400756143667297 0.014361702127659574 0.02835538752362949
1 0.3872340425531915 0.6323251417769377 0.01276595744680851 0.030245746691871456
0 0.39148936170212767 0.1498109640831758 0.014893617021276596 0.03497164461247637
1 0.39228723404255317 0.6639886578449905 0.015425531914893617 0.02930056710775047
1 0.3952127659574468 0.724952741020794 0.01702127659574468 0.03780718336483932
1 0.3984042553191489 0.7906427221172023 0.015957446808510637 0.04064272211720227
0 0.4023936170212766 0.07372400756143667 0.01648936170212766 0.034026465028355386
1 0.40372340425531916 0.9357277882797732 0.02021276595744681 0.04158790170132325
0 0.4140957446808511 0.05718336483931947 0.01648936170212766 0.0444234404536862
0 0.4172872340425532 0.10633270321361059 0.018617021276595744 0.03497164461247637
0 0.4199468085106383 0.17013232514177692 0.01648936170212766 0.03969754253308128
0 0.42340425531914894 0.24007561436672967 0.015957446808510637 0.03969754253308128
0 0.4300531914893617 0.3889413988657845 0.023936170212765957 0.036862003780718335
0 0.4377659574468085 0.5415879017013232 0.026595744680851064 0.034026465028355386
0 0.4420212765957447 0.7150283553875236 0.022340425531914895 0.046313799621928164
0 0.45398936170212767 0.8960302457466919 0.022872340425531913 0.052930056710775046
0 0.5441489361702128 0.9640831758034026 0.03404255319148936 0.07183364839319471
0 0.5579787234042554 0.8577504725897921 0.036170212765957444 0.07088846880907372
0 0.5821808510638298 0.753780718336484 0.034574468085106384 0.07466918714555766
0 0.6079787234042553 0.6559546313799622 0.04042553191489362 0.08128544423440454
0 0.6361702127659574 0.554820415879017 0.036170212765957444 0.07939508506616257
0 0.676063829787234 0.444234404536862 0.04893617021276596 0.08695652173913043
0 0.7183510638297872 0.32041587901701324 0.056914893617021275 0.10586011342155009