0 0.24074074074074073 0.7617702448210922 0.04338624338624339 0.11299435028248588
1 0.6195767195767196 0.3220338983050847 0.015873015873015872 0.04331450094161959
0 0.6148148148148148 0.7358757062146892 0.015873015873015872 0.03483992467043315
1 0.6082010582010582 0.3272128060263653 0.015343915343915344 0.03672316384180791
0 0.6058201058201058 0.8107344632768362 0.015873015873015872 0.030131826741996232
1 0.6044973544973545 0.2999058380414313 0.020634920634920634 0.03295668549905838
1 0.6015873015873016 0.2382297551789077 0.021164021164021163 0.035781544256120526
1 0.5984126984126984 0.1699623352165725 0.01904761904761905 0.03295668549905838
0 0.5955026455026455 0.8865348399246704 0.015343915343915344 0.03295668549905838
1 0.5928571428571429 0.023069679849340868 0.018518518518518517 0.03483992467043315
0 0.5838624338624339 0.8987758945386064 0.01746031746031746 0.0480225988700565
0 0.5801587301587302 0.8502824858757062 0.019576719576719578 0.03954802259887006
0 0.5753968253968254 0.78954802259887 0.019576719576719578 0.0423728813559322
0 0.5735449735449736 0.7198681732580038 0.020105820105820106 0.044256120527306965
0 0.567989417989418 0.5734463276836158 0.020634920634920634 0.04331450094161959
0 0.5592592592592592 0.4199623352165725 0.020105820105820106 0.04896421845574388
0 0.5526455026455026 0.24811676082862524 0.02486772486772487 0.0480225988700565
0 0.5423280423280423 0.06308851224105462 0.022222222222222223 0.06779661016949153
0 0.45132275132275135 0.01647834274952919 0.03492063492063492 0.03295668549905838
0 0.4373015873015873 0.10404896421845575 0.03650793650793651 0.08757062146892655
0 0.4201058201058201 0.20951035781544255 0.037037037037037035 0.08380414312617702
0 0.3925925925925926 0.3027306967984934 0.04021164021164021 0.0856873822975518
0 0.36058201058201056 0.4011299435028249 0.049206349206349205 0.1016949152542373
0 0.3246031746031746 0.512241054613936 0.05026455026455026 0.0903954802259887
0 0.2796296296296296 0.6360640301318268 0.05026455026455026 0.10263653483992467