0 0.6489247311827957 0.9646271510516252 0.06451612903225806 0.07074569789674952
1 0.3978494623655914 0.28393881453154873 0.024731182795698924 0.028680688336520075
0 0.6341397849462366 0.2925430210325048 0.01989247311827957 0.028680688336520075
1 0.40080645161290324 0.30449330783938816 0.020967741935483872 0.027724665391969407
0 0.6768817204301075 0.30879541108986613 0.017204301075268817 0.028680688336520075
1 0.38521505376344084 0.31118546845124284 0.01881720430107527 0.0372848948374761
1 0.35 0.31644359464627153 0.02043010752688172 0.03824091778202677
1 0.3110215053763441 0.32217973231357555 0.01881720430107527 0.03441682600382409
0 0.7201612903225807 0.3274378585086042 0.01881720430107527 0.027724665391969407
1 0.2271505376344086 0.33221797323135754 0.01989247311827957 0.033460803059273424
0 0.7271505376344086 0.34847036328871894 0.027419354838709678 0.03154875717017208
1 0.13440860215053763 0.34847036328871894 0.025806451612903226 0.03537284894837476
0 0.6994623655913978 0.3551625239005736 0.02258064516129032 0.03537284894837476
0 0.6647849462365591 0.3637667304015296 0.024193548387096774 0.03537284894837476
1 0.029838709677419355 0.36663479923518166 0.02849462365591398 0.04110898661567878
0 0.625 0.367112810707457 0.025268817204301075 0.036328871892925434
0 0.5413978494623656 0.377151051625239 0.024731182795698924 0.0372848948374761
0 0.45376344086021503 0.39292543021032506 0.02795698924731183 0.036328871892925434
0 0.3556451612903226 0.4048757170172084 0.027419354838709678 0.044933078393881457
0 0.25 0.4235181644359465 0.03870967741935484 0.040152963671128104
0 0.1303763440860215 0.44550669216061184 0.043548387096774194 0.05353728489483748
0 0.06478494623655914 0.4655831739961759 0.032795698924731186 0.05736137667304015
0 0.01021505376344086 0.4808795411089866 0.02043010752688172 0.055449330783938815
0 0.001881720430107527 0.51434034416826 0.003763440860215054 0.045889101338432124
0 0.027419354838709678 0.5391969407265774 0.03978494623655914 0.06118546845124283
0 0.07338709677419354 0.5439770554493308 0.03924731182795699 0.05927342256214149
0 0.14139784946236558 0.5712237093690249 0.04086021505376344 0.06022944550669216
0 0.20806451612903226 0.5879541108986616 0.04946236559139785 0.06309751434034416
0 0.27338709677419354 0.6132887189292543 0.05 0.06596558317399617
0 0.3336021505376344 0.6443594646271511 0.0478494623655914 0.06692160611854685
0 0.3868279569892473 0.6940726577437859 0.0489247311827957 0.07265774378585087
0 0.443010752688172 0.7519120458891013 0.05806451612903226 0.08891013384321224
0 0.5064516129032258 0.8169216061185468 0.05161290322580645 0.09082217973231357
0 0.5771505376344086 0.8981835564053537 0.05860215053763441 0.09082217973231357