0 0.23418079096045197 0.5875251509054326 0.029943502824858758 0.09054325955734406
0 0.6087570621468926 0.5608651911468813 0.010734463276836158 0.025150905432595575
0 0.6008474576271187 0.6151911468812877 0.011864406779661017 0.025150905432595575
0 0.5901129943502825 0.68158953722334 0.010734463276836158 0.025150905432595575
0 0.5822033898305085 0.7565392354124748 0.011864406779661017 0.02012072434607646
1 0.577683615819209 0.2147887323943662 0.012994350282485875 0.029175050301810865
1 0.572316384180791 0.14738430583501005 0.015819209039548022 0.029175050301810865
1 0.5694915254237288 0.07746478873239436 0.014689265536723164 0.030181086519114688
0 0.5638418079096045 0.8435613682092555 0.01807909604519774 0.03319919517102616
0 0.5542372881355933 0.8058350100603622 0.014689265536723164 0.03219315895372234
0 0.5511299435028248 0.738430583501006 0.012994350282485875 0.030181086519114688
0 0.5468926553672316 0.6659959758551308 0.014689265536723164 0.03420523138832998
0 0.5403954802259887 0.5120724346076458 0.01638418079096045 0.03420523138832998
0 0.5305084745762711 0.3485915492957746 0.01694915254237288 0.029175050301810865
0 0.523728813559322 0.16398390342052313 0.015819209039548022 0.03621730382293763
0 0.3946327683615819 0.018611670020120725 0.025423728813559324 0.03722334004024145
0 0.37401129943502825 0.12022132796780684 0.02824858757062147 0.06941649899396378
0 0.3418079096045198 0.2243460764587525 0.03615819209039548 0.06841046277665996
0 0.30847457627118646 0.33400402414486924 0.03954802259887006 0.08048289738430583
0 0.2675141242937853 0.4562374245472837 0.04576271186440678 0.08350100603621731