0 0.546875 0.9731481481481481 0.046875 0.053703703703703705
0 0.5330729166666667 0.35694444444444445 0.013020833333333334 0.017592592592592594
0 0.5611979166666666 0.3699074074074074 0.013020833333333334 0.019444444444444445
0 0.5955729166666667 0.3875 0.013020833333333334 0.017592592592592594
0 0.634375 0.40046296296296297 0.010416666666666666 0.019444444444444445
1 0.35390625 0.4078703703703704 0.015104166666666667 0.021296296296296296
1 0.3190104166666667 0.4166666666666667 0.015104166666666667 0.025925925925925925
1 0.2828125 0.4212962962962963 0.015625 0.024074074074074074
0 0.6794270833333333 0.4305555555555556 0.0171875 0.02962962962962963
1 0.20078125 0.4351851851851852 0.015104166666666667 0.025925925925925925
0 0.6598958333333333 0.4462962962962963 0.016666666666666666 0.024074074074074074
0 0.625 0.4513888888888889 0.015625 0.021296296296296296
1 0.11067708333333333 0.4537037037037037 0.015104166666666667 0.025925925925925925
0 0.5875 0.4583333333333333 0.017708333333333333 0.024074074074074074
1 0.009114583333333334 0.4675925925925926 0.018229166666666668 0.02962962962962963
0 0.5078125 0.4689814814814815 0.017708333333333333 0.026851851851851852
0 0.4231770833333333 0.48518518518518516 0.015104166666666667 0.027777777777777776
0 0.32760416666666664 0.4962962962962963 0.01875 0.025925925925925925
0 0.22447916666666667 0.5203703703703704 0.020833333333333332 0.024074074074074074
0 0.10286458333333333 0.5472222222222223 0.027604166666666666 0.03518518518518519
0 0.038802083333333334 0.5652777777777778 0.024479166666666666 0.03981481481481482
0 0.01171875 0.6361111111111111 0.0234375 0.046296296296296294
0 0.046614583333333334 0.6486111111111111 0.0296875 0.03425925925925926
0 0.115625 0.6625 0.03229166666666667 0.030555555555555555
0 0.18307291666666667 0.6828703703703703 0.03177083333333333 0.03981481481481482
0 0.246875 0.7078703703703704 0.030208333333333334 0.041666666666666664
0 0.30494791666666665 0.7416666666666667 0.0359375 0.046296296296296294
0 0.35885416666666664 0.7944444444444444 0.035416666666666666 0.05925925925925926
0 0.415625 0.8490740740740741 0.041666666666666664 0.06481481481481481
0 0.47890625 0.9162037037037037 0.043229166666666666 0.075