0 0.5664804469273743 0.9835984095427436 0.05027932960893855 0.032803180914512925
0 0.5516759776536313 0.334493041749503 0.013966480446927373 0.018886679920477135
0 0.5818435754189945 0.34840954274353875 0.013966480446927373 0.020874751491053677
0 0.6187150837988827 0.3672962226640159 0.013966480446927373 0.018886679920477135
0 0.6603351955307263 0.3812127236580517 0.0111731843575419 0.020874751491053677
1 0.3594972067039106 0.38916500994035785 0.016201117318435754 0.02286282306163022
1 0.32206703910614526 0.3986083499005964 0.016201117318435754 0.027833001988071572
1 0.28324022346368716 0.40357852882703776 0.01675977653631285 0.02584493041749503
0 0.708659217877095 0.4135188866799205 0.018435754189944135 0.03180914512922465
1 0.1952513966480447 0.41848906560636184 0.016201117318435754 0.027833001988071572
0 0.6877094972067039 0.4304174950298211 0.017877094972067038 0.02584493041749503
0 0.6502793296089385 0.43588469184890655 0.01675977653631285 0.02286282306163022
1 0.09860335195530726 0.4383697813121272 0.016201117318435754 0.027833001988071572
0 0.6100558659217877 0.4433399602385686 0.01899441340782123 0.02584493041749503
0 0.5245810055865922 0.4547713717693837 0.01899441340782123 0.02882703777335984
0 0.43379888268156425 0.4721669980119284 0.016201117318435754 0.02982107355864811
0 0.33128491620111733 0.4840954274353877 0.02011173184357542 0.027833001988071572
0 0.2206703910614525 0.5099403578528827 0.0223463687150838 0.02584493041749503
0 0.09022346368715084 0.5387673956262425 0.029608938547486034 0.03777335984095427
0 0.021508379888268158 0.5581510934393639 0.026256983240223464 0.042743538767395624
0 0.0025139664804469273 0.6341948310139165 0.005027932960893855 0.04970178926441352
0 0.02988826815642458 0.6476143141153081 0.031843575418994415 0.036779324055666
0 0.10391061452513967 0.6625248508946322 0.034636871508379886 0.032803180914512925
0 0.17625698324022346 0.6843936381709742 0.03407821229050279 0.042743538767395624
0 0.2446927374301676 0.7112326043737575 0.03240223463687151 0.04473161033797217
0 0.3069832402234637 0.7475149105367793 0.038547486033519554 0.04970178926441352
0 0.364804469273743 0.8041749502982107 0.03798882681564246 0.0636182902584493
0 0.42569832402234636 0.8628230616302187 0.0446927374301676 0.06958250497017893
0 0.49357541899441343 0.9348906560636183 0.04636871508379888 0.0805168986083499