0 0.756145251396648 0.536779324055666 0.045251396648044694 0.09542743538767395
1 0.376536312849162 0.023359840954274354 0.008938547486033519 0.018886679920477135
1 0.37681564245810056 0.0874751491053678 0.007262569832402235 0.019880715705765408
1 0.3784916201117318 0.15109343936381708 0.008379888268156424 0.019880715705765408
1 0.379608938547486 0.21620278330019882 0.008379888268156424 0.016898608349900597
1 0.38184357541899444 0.28180914512922467 0.008379888268156424 0.018886679920477135
1 0.3824022346368715 0.352882703777336 0.009497206703910615 0.017892644135188866
1 0.3840782122905028 0.5004970178926441 0.009497206703910615 0.02286282306163022
1 0.3840782122905028 0.4259443339960239 0.009497206703910615 0.016898608349900597
1 0.3857541899441341 0.6158051689860835 0.009497206703910615 0.02286282306163022
1 0.3863128491620112 0.5800198807157058 0.010614525139664804 0.02286282306163022
1 0.3871508379888268 0.6535785288270378 0.01005586592178771 0.02286282306163022
1 0.388268156424581 0.6814115308151093 0.01005586592178771 0.02286282306163022
1 0.39106145251396646 0.709741550695825 0.01005586592178771 0.02186878727634195
0 0.39189944134078214 0.05666003976143141 0.011731843575418994 0.02385685884691849
0 0.39301675977653633 0.13320079522862824 0.009497206703910615 0.02385685884691849
1 0.3935754189944134 0.7345924453280318 0.009497206703910615 0.019880715705765408
0 0.39497206703910615 0.20825049701789264 0.013407821229050279 0.018886679920477135
0 0.39664804469273746 0.28777335984095426 0.012290502793296089 0.0268389662027833
0 0.39776536312849164 0.4120278330019881 0.0111731843575419 0.02286282306163022
0 0.3986033519553073 0.3658051689860835 0.011731843575418994 0.02385685884691849
0 0.4005586592178771 0.44831013916500995 0.0111731843575419 0.019880715705765408
0 0.4013966480446927 0.4801192842942346 0.009497206703910615 0.019880715705765408
1 0.4033519553072626 0.7509940357852882 0.0111731843575419 0.018886679920477135
0 0.40698324022346366 0.4865805168986084 0.010614525139664804 0.02286282306163022
0 0.4103351955307263 0.47813121272365805 0.009497206703910615 0.019880715705765408
1 0.41145251396648047 0.7529821073558648 0.010614525139664804 0.02485089463220676
0 0.41201117318435754 0.4686878727634195 0.010614525139664804 0.016898608349900597
0 0.4164804469273743 0.45129224652087474 0.011731843575418994 0.02186878727634195
1 0.4181564245810056 0.7529821073558648 0.010614525139664804 0.02286282306163022
0 0.4195530726256983 0.4294234592445328 0.01452513966480447 0.02385685884691849
0 0.4259776536312849 0.37773359840954274 0.012849162011173185 0.03180914512922465
1 0.4276536312849162 0.7509940357852882 0.011731843575418994 0.032803180914512925
0 0.43770949720670393 0.31411530815109345 0.012849162011173185 0.02982107355864811
1 0.4388268156424581 0.7445328031809145 0.012849162011173185 0.02982107355864811
1 0.4446927374301676 0.7460238568588469 0.01452513966480447 0.03479125248508946
0 0.4460893854748603 0.23658051689860835 0.015083798882681564 0.03180914512922465
1 0.45083798882681564 0.7768389662027833 0.01452513966480447 0.030815109343936383
1 0.4547486033519553 0.8424453280318092 0.01899441340782123 0.03876739562624255
0 0.4581005586592179 0.16202783300198806 0.01675977653631285 0.03180914512922465
1 0.4594972067039106 0.9165009940357853 0.016201117318435754 0.041749502982107355
0 0.4670391061452514 0.14761431411530815 0.01675977653631285 0.03479125248508946
0 0.47067039106145253 0.1918489065606362 0.015083798882681564 0.033797216699801194
0 0.4759776536312849 0.25795228628230615 0.01675977653631285 0.03876739562624255
0 0.4798882681564246 0.3275347912524851 0.01564245810055866 0.032803180914512925
0 0.4871508379888268 0.47862823061630216 0.017877094972067038 0.04473161033797217
0 0.49860335195530725 0.647117296222664 0.022905027932960894 0.0437375745526839
0 0.5075418994413408 0.8334990059642147 0.019553072625698324 0.04671968190854871
0 0.6374301675977654 0.9756461232604374 0.03687150837988827 0.048707753479125246
0 0.658659217877095 0.8742544731610338 0.04022346368715084 0.07852882703777336
0 0.6868715083798883 0.768389662027833 0.04189944134078212 0.0874751491053678
0 0.7184357541899441 0.658051689860835 0.042458100558659215 0.09145129224652088