0 0.239247311827957 0.40344168260038243 0.04086021505376344 0.09177820267686425
1 0.603225806451613 0.8972275334608031 0.008602150537634409 0.018164435946462717
1 0.6029569892473118 0.8355640535372849 0.006989247311827957 0.019120458891013385
1 0.6016129032258064 0.9646271510516252 0.007526881720430108 0.017208413001912046
1 0.6013440860215054 0.7743785850860421 0.008064516129032258 0.019120458891013385
1 0.600268817204301 0.7117590822179732 0.008064516129032258 0.016252390057361378
1 0.5981182795698925 0.6486615678776291 0.008064516129032258 0.018164435946462717
1 0.5975806451612903 0.5803059273422562 0.00913978494623656 0.017208413001912046
1 0.5959677419354839 0.43833652007648183 0.00913978494623656 0.02198852772466539
1 0.5959677419354839 0.510038240917782 0.00913978494623656 0.016252390057361378
1 0.5943548387096774 0.3274378585086042 0.00913978494623656 0.02198852772466539
1 0.5938172043010753 0.3618546845124283 0.01021505376344086 0.02198852772466539
1 0.593010752688172 0.2911089866156788 0.00967741935483871 0.02198852772466539
1 0.5919354838709677 0.26434034416826 0.00967741935483871 0.02198852772466539
0 0.589516129032258 0.9918738049713193 0.00913978494623656 0.016252390057361378
0 0.589247311827957 0.9297323135755258 0.00967741935483871 0.02198852772466539
1 0.589247311827957 0.23709369024856597 0.00967741935483871 0.021032504780114723
0 0.5884408602150538 0.8652007648183556 0.01129032258064516 0.022944550669216062
0 0.5873655913978495 0.7915869980879541 0.00913978494623656 0.022944550669216062
1 0.5868279569892473 0.21319311663479923 0.00913978494623656 0.019120458891013385
0 0.5854838709677419 0.7194072657743786 0.012903225806451613 0.018164435946462717
0 0.5838709677419355 0.642925430210325 0.011827956989247311 0.02581261950286807
0 0.5827956989247312 0.5234225621414914 0.010752688172043012 0.02198852772466539
0 0.581989247311828 0.5678776290630975 0.01129032258064516 0.022944550669216062
0 0.5801075268817204 0.48852772466539196 0.010752688172043012 0.019120458891013385
0 0.5793010752688172 0.45793499043977054 0.00913978494623656 0.019120458891013385
1 0.5774193548387097 0.1974187380497132 0.010752688172043012 0.018164435946462717
0 0.5739247311827957 0.4517208413001912 0.01021505376344086 0.02198852772466539
0 0.5706989247311828 0.4598470363288719 0.00913978494623656 0.019120458891013385
1 0.5696236559139785 0.19550669216061187 0.01021505376344086 0.02390057361376673
0 0.5690860215053763 0.46892925430210325 0.01021505376344086 0.016252390057361378
0 0.5647849462365592 0.48565965583174 0.01129032258064516 0.021032504780114723
1 0.5631720430107527 0.19550669216061187 0.01021505376344086 0.02198852772466539
0 0.5618279569892473 0.5066921606118547 0.013978494623655914 0.022944550669216062
0 0.5556451612903226 0.5564053537284895 0.012365591397849462 0.030592734225621414
1 0.5540322580645162 0.1974187380497132 0.01129032258064516 0.03154875717017208
0 0.5443548387096774 0.6175908221797323 0.012365591397849462 0.028680688336520075
1 0.5432795698924732 0.20363288718929254 0.012365591397849462 0.028680688336520075
1 0.5376344086021505 0.20219885277246655 0.013978494623655914 0.033460803059273424
0 0.5362903225806451 0.6921606118546845 0.014516129032258065 0.030592734225621414
1 0.5317204301075269 0.1725621414913958 0.013978494623655914 0.029636711281070746
1 0.5279569892473118 0.10946462715105162 0.01827956989247312 0.0372848948374761
0 0.524731182795699 0.7638623326959847 0.016129032258064516 0.030592734225621414
1 0.5233870967741936 0.03824091778202677 0.015591397849462365 0.040152963671128104
0 0.5161290322580645 0.7777246653919694 0.016129032258064516 0.033460803059273424
0 0.5126344086021506 0.7351816443594646 0.014516129032258065 0.032504780114722756
0 0.5075268817204301 0.6716061185468452 0.016129032258064516 0.0372848948374761
0 0.5037634408602151 0.6046845124282982 0.015053763440860216 0.03154875717017208
0 0.4967741935483871 0.45936902485659653 0.017204301075268817 0.043021032504780114
0 0.48575268817204303 0.29732313575525815 0.02204301075268817 0.04206500956022945
0 0.4771505376344086 0.11806883365200765 0.01881720430107527 0.044933078393881457
0 0.3317204301075269 0.0788718929254302 0.03870967741935484 0.07552581261950286
0 0.3045698924731183 0.1806883365200765 0.04032258064516129 0.0841300191204589
0 0.27419354838709675 0.28680688336520077 0.04086021505376344 0.08795411089866156