0 0.7718531468531469 0.6224066390041494 0.018065268065268064 0.0912863070539419
1 0.3986013986013986 0.5819502074688797 0.008158508158508158 0.01867219917012448
1 0.3994755244755245 0.6654564315352697 0.007575757575757576 0.021784232365145227
1 0.40064102564102566 0.7022821576763485 0.007575757575757576 0.01867219917012448
1 0.4018065268065268 0.7432572614107884 0.011072261072261072 0.023858921161825725
1 0.40355477855477856 0.7717842323651453 0.009906759906759906 0.022821576763485476
1 0.40559440559440557 0.8013485477178424 0.009324009324009324 0.021784232365145227
1 0.40821678321678323 0.8283195020746889 0.008741258741258742 0.017634854771784232
1 0.4187062937062937 0.845954356846473 0.008741258741258742 0.01970954356846473
1 0.42657342657342656 0.850103734439834 0.01048951048951049 0.021784232365145227
0 0.42715617715617715 0.5503112033195021 0.008158508158508158 0.017634854771784232
0 0.4318181818181818 0.5311203319502075 0.009324009324009324 0.01867219917012448
1 0.43502331002331 0.8495850622406639 0.011072261072261072 0.024896265560165973
0 0.4353146853146853 0.5098547717842323 0.009324009324009324 0.01970954356846473
0 0.44114219114219116 0.4559128630705394 0.009324009324009324 0.023858921161825725
1 0.44493006993006995 0.850103734439834 0.011072261072261072 0.023858921161825725
0 0.4519230769230769 0.38641078838174275 0.009906759906759906 0.028008298755186723
1 0.45396270396270394 0.8433609958506224 0.01048951048951049 0.024896265560165973
1 0.46124708624708627 0.8392116182572614 0.014568764568764568 0.029045643153526972
0 0.4618298368298368 0.30809128630705396 0.013403263403263404 0.029045643153526972
1 0.46765734265734266 0.8724066390041494 0.012237762237762238 0.03112033195020747
1 0.47115384615384615 0.9424273858921162 0.014568764568764568 0.04045643153526971
0 0.4752331002331002 0.229253112033195 0.014568764568764568 0.029045643153526972
0 0.4833916083916084 0.21473029045643152 0.015734265734265736 0.035269709543568464
0 0.48805361305361306 0.2603734439834025 0.015734265734265736 0.035269709543568464
0 0.4935897435897436 0.3257261410788382 0.015151515151515152 0.03734439834024896
0 0.4970862470862471 0.4004149377593361 0.013986013986013986 0.03734439834024896
0 0.5055361305361306 0.5606846473029046 0.015734265734265736 0.03630705394190872
0 0.5154428904428905 0.733402489626556 0.0168997668997669 0.04149377593360996
0 0.5262237762237763 0.9315352697095436 0.019813519813519812 0.04564315352697095
0 0.6856060606060606 0.9678423236514523 0.035547785547785545 0.06431535269709543
0 0.7147435897435898 0.8630705394190872 0.03787878787878788 0.08298755186721991
0 0.747960372960373 0.7474066390041494 0.04020979020979021 0.09024896265560166