0 0.229020979020979 0.33143153526970953 0.019813519813519812 0.11099585062240663
1 0.6127622377622378 0.7977178423236515 0.00641025641025641 0.016597510373443983
1 0.6121794871794872 0.8620331950207469 0.005244755244755245 0.016597510373443983
1 0.6121794871794872 0.9310165975103735 0.005244755244755245 0.017634854771784232
1 0.6107226107226107 0.7328838174273858 0.006993006993006993 0.017634854771784232
1 0.6095571095571095 0.66701244813278 0.006993006993006993 0.01867219917012448
1 0.6081002331002331 0.5980290456431535 0.007575757575757576 0.017634854771784232
1 0.6072261072261073 0.524896265560166 0.006993006993006993 0.016597510373443983
1 0.6063519813519813 0.44813278008298757 0.007575757575757576 0.01867219917012448
1 0.6043123543123543 0.370850622406639 0.006993006993006993 0.01970954356846473
1 0.6031468531468531 0.2474066390041494 0.006993006993006993 0.021784232365145227
1 0.6028554778554779 0.28526970954356845 0.007575757575757576 0.01867219917012448
1 0.6013986013986014 0.20798755186721993 0.006993006993006993 0.021784232365145227
0 0.6008158508158508 0.9678423236514523 0.006993006993006993 0.02074688796680498
0 0.6002331002331003 0.8978215767634855 0.006993006993006993 0.01970954356846473
0 0.5993589743589743 0.8298755186721992 0.007575757575757576 0.02074688796680498
1 0.5990675990675991 0.17842323651452283 0.008158508158508158 0.02074688796680498
0 0.5981934731934732 0.75 0.007575757575757576 0.01867219917012448
1 0.5981934731934732 0.1483402489626556 0.007575757575757576 0.022821576763485476
0 0.5961538461538461 0.6732365145228216 0.006993006993006993 0.02074688796680498
1 0.5944055944055944 0.12188796680497925 0.009324009324009324 0.01970954356846473
0 0.5938228438228438 0.591804979253112 0.006993006993006993 0.01970954356846473
0 0.5914918414918415 0.5067427385892116 0.006993006993006993 0.023858921161825725
0 0.5912004662004662 0.46473029045643155 0.007575757575757576 0.02074688796680498
1 0.5909090909090909 0.1078838174273859 0.01048951048951049 0.022821576763485476
0 0.5903263403263403 0.4263485477178423 0.006993006993006993 0.02074688796680498
1 0.5882867132867133 0.10529045643153527 0.007575757575757576 0.021784232365145227
0 0.5877039627039627 0.391597510373444 0.007575757575757576 0.021784232365145227
1 0.583916083916084 0.1037344398340249 0.006993006993006993 0.02074688796680498
0 0.5833333333333334 0.38278008298755184 0.008158508158508158 0.02074688796680498
0 0.5795454545454546 0.39107883817427386 0.007575757575757576 0.01867219917012448
1 0.5775058275058275 0.09854771784232365 0.008158508158508158 0.029045643153526972
0 0.5766317016317016 0.4019709543568465 0.008741258741258742 0.01970954356846473
0 0.5722610722610723 0.4221991701244813 0.006993006993006993 0.024896265560165973
0 0.5693473193473193 0.44242738589211617 0.009324009324009324 0.025933609958506226
1 0.5687645687645687 0.1016597510373444 0.009324009324009324 0.026970954356846474
0 0.5620629370629371 0.49688796680497926 0.011072261072261072 0.03112033195020747
1 0.5582750582750583 0.10062240663900415 0.009324009324009324 0.029045643153526972
0 0.5527389277389277 0.5637966804979253 0.008741258741258742 0.032157676348547715
1 0.5480769230769231 0.10684647302904564 0.012237762237762238 0.026970954356846474
1 0.5413752913752914 0.11099585062240663 0.011655011655011656 0.029045643153526972
0 0.5405011655011654 0.6447095435684648 0.013403263403263404 0.03008298755186722
1 0.5352564102564102 0.07572614107883817 0.011072261072261072 0.029045643153526972
1 0.5308857808857809 0.013485477178423237 0.015151515151515152 0.026970954356846474
0 0.5291375291375291 0.7230290456431535 0.01282051282051282 0.03319502074688797
0 0.5218531468531469 0.7370331950207469 0.013403263403263404 0.03630705394190872
0 0.5171911421911422 0.691908713692946 0.013403263403263404 0.03319502074688797
0 0.5104895104895105 0.625 0.013986013986013986 0.04045643153526971
0 0.5067016317016317 0.5513485477178424 0.013403263403263404 0.038381742738589214
0 0.497960372960373 0.3926348547717842 0.014568764568764568 0.03630705394190872
0 0.486013986013986 0.2142116182572614 0.016317016317016316 0.046680497925311204
0 0.47465034965034963 0.022302904564315353 0.020396270396270396 0.044605809128630707
0 0.28846153846153844 0.08713692946058091 0.03263403263403263 0.08091286307053942
0 0.2534965034965035 0.20383817427385892 0.039627039627039624 0.09439834024896265