0 0.4018324607329843 0.9636871508379888 0.05602094240837696 0.07262569832402235
1 0.63717277486911 0.330074487895717 0.008376963350785341 0.010242085661080074
1 0.6696335078534031 0.33100558659217877 0.008376963350785341 0.008379888268156424
1 0.7044502617801047 0.33100558659217877 0.008900523560209424 0.008379888268156424
1 0.6044502617801047 0.3333333333333333 0.008900523560209424 0.0111731843575419
1 0.5712041884816754 0.33519553072625696 0.009424083769633508 0.0111731843575419
1 0.5363874345549738 0.33752327746741156 0.008900523560209424 0.012104283054003724
1 0.49947643979057593 0.33891992551210426 0.008376963350785341 0.0111731843575419
1 0.4607329842931937 0.340316573556797 0.009424083769633508 0.012104283054003724
1 0.42172774869109947 0.3435754189944134 0.009947643979057591 0.0111731843575419
1 0.35942408376963353 0.34543761638733705 0.01099476439790576 0.0111731843575419
0 0.7633507853403141 0.34590316573556795 0.008376963350785341 0.008379888268156424
1 0.3785340314136126 0.34590316573556795 0.009424083769633508 0.012104283054003724
1 0.33952879581151835 0.34823091247672255 0.01099476439790576 0.0111731843575419
0 0.7230366492146597 0.34916201117318435 0.010471204188481676 0.0111731843575419
0 0.687696335078534 0.3500931098696462 0.009947643979057591 0.0111731843575419
0 0.6534031413612565 0.3514897579143389 0.010471204188481676 0.012104283054003724
1 0.32460732984293195 0.35195530726256985 0.010471204188481676 0.01303538175046555
0 0.6130890052356021 0.35335195530726254 0.009424083769633508 0.012104283054003724
1 0.3094240837696335 0.35335195530726254 0.011518324607329843 0.012104283054003724
0 0.5743455497382199 0.35661080074487894 0.010471204188481676 0.0111731843575419
1 0.2960732984293194 0.35940409683426444 0.009947643979057591 0.0148975791433892
0 0.5332460732984293 0.36033519553072624 0.009947643979057591 0.0111731843575419
0 0.49031413612565444 0.36405959031657353 0.012041884816753926 0.0111731843575419
0 0.46910994764397906 0.3645251396648045 0.010471204188481676 0.012104283054003724
1 0.28900523560209423 0.3649906890130354 0.011518324607329843 0.01675977653631285
0 0.44973821989528795 0.3659217877094972 0.010471204188481676 0.0111731843575419
1 0.28769633507853404 0.3691806331471136 0.01099476439790576 0.012104283054003724
0 0.43219895287958116 0.37011173184357543 0.01099476439790576 0.012104283054003724
1 0.2869109947643979 0.3761638733705773 0.010471204188481676 0.0111731843575419
0 0.42774869109947644 0.3770949720670391 0.010471204188481676 0.01303538175046555
0 0.4319371727748691 0.38314711359404097 0.009424083769633508 0.012104283054003724
1 0.28429319371727746 0.38640595903165736 0.014659685863874346 0.01303538175046555
0 0.437434554973822 0.3878026070763501 0.009947643979057591 0.013966480446927373
0 0.4476439790575916 0.3947858472998138 0.012565445026178011 0.0111731843575419
0 0.45785340314136125 0.3994413407821229 0.013089005235602094 0.0148975791433892
1 0.2858638743455497 0.40037243947858475 0.013612565445026177 0.0148975791433892
0 0.48534031413612566 0.41108007448789574 0.015706806282722512 0.017690875232774673
1 0.28534031413612565 0.4171322160148976 0.014659685863874346 0.0148975791433892
0 0.5191099476439791 0.4259776536312849 0.016230366492146597 0.013966480446927373
1 0.28848167539267017 0.4334264432029795 0.013612565445026177 0.019553072625698324
1 0.2905759162303665 0.4441340782122905 0.014659685863874346 0.0186219739292365
0 0.5599476439790576 0.44553072625698326 0.015183246073298429 0.021415270018621976
1 0.27277486910994764 0.45391061452513964 0.014659685863874346 0.017690875232774673
1 0.237434554973822 0.46089385474860334 0.021465968586387434 0.024208566108007448
0 0.599476439790576 0.46368715083798884 0.016753926701570682 0.020484171322160148
1 0.19790575916230366 0.46834264432029793 0.019895287958115182 0.0186219739292365
0 0.606544502617801 0.4753258845437616 0.01832460732984293 0.021415270018621976
0 0.5837696335078534 0.4827746741154562 0.016753926701570682 0.021415270018621976
1 0.11047120418848168 0.48463687150837986 0.023036649214659685 0.023277467411545624
0 0.55 0.4934823091247672 0.020418848167539267 0.0223463687150838
0 0.5128272251308901 0.4995344506517691 0.0193717277486911 0.021415270018621976
1 0.01099476439790576 0.505586592178771 0.02198952879581152 0.024208566108007448
0 0.4327225130890052 0.5135009310986964 0.01832460732984293 0.023277467411545624
0 0.3426701570680628 0.5325884543761639 0.02356020942408377 0.0260707635009311
0 0.2431937172774869 0.5507448789571695 0.02774869109947644 0.032588454376163874
0 0.13350785340314136 0.5768156424581006 0.028272251308900525 0.032588454376163874
0 0.010732984293193717 0.6126629422718808 0.021465968586387434 0.035381750465549346
0 0.0193717277486911 0.7388268156424581 0.0387434554973822 0.049348230912476726
0 0.08952879581151832 0.749534450651769 0.0387434554973822 0.05027932960893855
0 0.1581151832460733 0.7704841713221602 0.04293193717277487 0.049348230912476726
0 0.22146596858638742 0.8054003724394786 0.039790575916230364 0.055865921787709494
0 0.27853403141361255 0.8482309124767226 0.040837696335078534 0.0521415270018622
0 0.33743455497382197 0.904096834264432 0.04764397905759162 0.0633147113594041