0 0.14453125 0.31527777777777777 0.015104166666666667 0.025
0 0.10520833333333333 0.33240740740740743 0.027083333333333334 0.040740740740740744
0 0.0640625 0.36203703703703705 0.022916666666666665 0.03888888888888889
0 0.5645833333333333 0.36898148148148147 0.023958333333333335 0.04351851851851852
0 0.6044270833333333 0.37175925925925923 0.0203125 0.04537037037037037
0 0.5177083333333333 0.37546296296296294 0.01875 0.05277777777777778
0 0.46901041666666665 0.3768518518518518 0.0203125 0.040740740740740744
0 0.41484375 0.3824074074074074 0.0296875 0.03333333333333333
0 0.36432291666666666 0.38287037037037036 0.019270833333333334 0.04351851851851852
0 0.3138020833333333 0.39166666666666666 0.025520833333333333 0.03888888888888889
0 0.259375 0.3972222222222222 0.028125 0.040740740740740744
0 0.014322916666666666 0.4046296296296296 0.0203125 0.040740740740740744
0 0.2046875 0.40694444444444444 0.028125 0.04537037037037037
0 0.14088541666666668 0.4300925925925926 0.025520833333333333 0.04537037037037037
0 0.08463541666666667 0.4324074074074074 0.030729166666666665 0.06851851851851852
0 0.016927083333333332 0.44907407407407407 0.033854166666666664 0.05185185185185185
1 0.7078125 0.4986111111111111 0.029166666666666667 0.05277777777777778
1 0.5697916666666667 0.5009259259259259 0.034375 0.04814814814814815
1 0.43072916666666666 0.5032407407407408 0.027083333333333334 0.05277777777777778
1 0.3614583333333333 0.5180555555555556 0.027083333333333334 0.04537037037037037
1 0.28463541666666664 0.5282407407407408 0.0296875 0.062037037037037036
1 0.21067708333333332 0.5574074074074075 0.0296875 0.06851851851851852
1 0.12604166666666666 0.5824074074074074 0.0375 0.05925925925925926
1 0.037760416666666664 0.6092592592592593 0.04114583333333333 0.06111111111111111