0 0.4344405594405594 0.38589211618257263 0.027389277389277388 0.04771784232365145
0 0.4361888111888112 0.3065352697095436 0.028554778554778556 0.04045643153526971
0 0.4385198135198135 0.47925311203319504 0.033216783216783216 0.03734439834024896
0 0.4393939393939394 0.5762448132780082 0.02564102564102564 0.04045643153526971
0 0.4428904428904429 0.6841286307053942 0.02097902097902098 0.05912863070539419
0 0.4431818181818182 0.7847510373443983 0.027389277389277388 0.038381742738589214
0 0.44871794871794873 0.8853734439834025 0.024475524475524476 0.0508298755186722
0 0.4522144522144522 0.9828838174273858 0.02564102564102564 0.03423236514522822
1 0.5160256410256411 0.10062240663900415 0.033216783216783216 0.058091286307053944
1 0.5174825174825175 0.3755186721991701 0.030303030303030304 0.06846473029045644
1 0.5189393939393939 0.6524896265560166 0.033216783216783216 0.05394190871369295
1 0.5282634032634033 0.7904564315352697 0.028554778554778556 0.05394190871369295
1 0.5346736596736597 0.9434647302904564 0.03904428904428905 0.05912863070539419