0 0.6055491990846682 0.5661914460285132 0.02688787185354691 0.04684317718940937
0 0.6038329519450801 0.6440936863543788 0.02803203661327231 0.03971486761710794
0 0.6015446224256293 0.4745417515274949 0.03260869565217391 0.03665987780040733
0 0.6006864988558352 0.37932790224032586 0.02517162471395881 0.03971486761710794
0 0.597254004576659 0.27342158859470467 0.020594965675057208 0.05804480651731161
0 0.5969679633867276 0.17464358452138493 0.02688787185354691 0.03767820773930754
0 0.5915331807780321 0.07586558044806517 0.02402745995423341 0.04989816700610998
1 0.5254576659038902 0.8462321792260692 0.03260869565217391 0.05702647657841141
1 0.5240274599542334 0.5763747454175153 0.029748283752860413 0.06720977596741344
1 0.5225972540045767 0.3044806517311609 0.03260869565217391 0.05295315682281059
1 0.5134439359267735 0.1690427698574338 0.02803203661327231 0.05295315682281059
1 0.5071510297482837 0.023930753564154784 0.03832951945080092 0.04786150712830957