0 0.21666666666666667 0.3 0.020218579234972677 0.03300970873786408
0 0.17841530054644808 0.3262135922330097 0.020218579234972677 0.03300970873786408
0 0.13442622950819672 0.34757281553398056 0.02841530054644809 0.05048543689320388
0 0.0912568306010929 0.37912621359223303 0.024043715846994537 0.04563106796116505
0 0.6090163934426229 0.38106796116504854 0.021311475409836064 0.035922330097087375
0 0.651912568306011 0.38106796116504854 0.019672131147540985 0.04563106796116505
0 0.5579234972677596 0.38300970873786405 0.022950819672131147 0.039805825242718446
0 0.5049180327868853 0.3864077669902913 0.022950819672131147 0.040776699029126215
0 0.4540983606557377 0.38932038834951455 0.017486338797814208 0.04271844660194175
0 0.4 0.39611650485436894 0.018579234972677595 0.031067961165048542
0 0.3489071038251366 0.3995145631067961 0.025683060109289616 0.037864077669902914
0 0.29207650273224045 0.40631067961165046 0.026775956284153007 0.037864077669902914
0 0.04289617486338798 0.41019417475728154 0.025683060109289616 0.05533980582524272
0 0.23743169398907105 0.42766990291262136 0.026775956284153007 0.05533980582524272
0 0.01912568306010929 0.4330097087378641 0.029508196721311476 0.05242718446601942
0 0.16721311475409836 0.4354368932038835 0.022950819672131147 0.037864077669902914
0 0.11284153005464481 0.4470873786407767 0.025683060109289616 0.05533980582524272
0 0.008743169398907104 0.4563106796116505 0.017486338797814208 0.05048543689320388
0 0.04590163934426229 0.4597087378640777 0.02841530054644809 0.05728155339805825
1 0.7666666666666667 0.5155339805825243 0.036065573770491806 0.062135922330097085
1 0.6191256830601093 0.5174757281553398 0.030601092896174863 0.06019417475728155
1 0.4721311475409836 0.5223300970873787 0.02841530054644809 0.05048543689320388
1 0.3942622950819672 0.5393203883495146 0.03114754098360656 0.05533980582524272
1 0.32076502732240436 0.541747572815534 0.029508196721311476 0.06019417475728155
1 0.24371584699453552 0.5606796116504854 0.033879781420765025 0.06504854368932039
1 0.15628415300546447 0.5912621359223301 0.04480874316939891 0.07184466019417475
1 0.06885245901639345 0.6203883495145631 0.05027322404371585 0.0912621359223301