0 0.22383390216154722 0.31781376518218624 0.02104664391353811 0.03441295546558704
0 0.18401592718998863 0.3451417004048583 0.02104664391353811 0.03441295546558704
0 0.13822525597269625 0.3674089068825911 0.02957906712172924 0.05263157894736842
0 0.09328782707622298 0.40030364372469635 0.02502844141069397 0.04757085020242915
0 0.6322525597269625 0.4023279352226721 0.02218430034129693 0.03744939271255061
0 0.676905574516496 0.4023279352226721 0.020477815699658702 0.04757085020242915
0 0.5790671217292378 0.4043522267206478 0.023890784982935155 0.04149797570850203
0 0.5238907849829352 0.40789473684210525 0.023890784982935155 0.04251012145748988
0 0.4709897610921502 0.4109311740890688 0.01820250284414107 0.044534412955465584
0 0.41467576791808874 0.4180161943319838 0.019340159271899887 0.032388663967611336
0 0.36149032992036406 0.4215587044534413 0.026734926052332197 0.039473684210526314
0 0.30233219567690556 0.42864372469635625 0.027872582480091012 0.039473684210526314
0 0.04294653014789534 0.4326923076923077 0.026734926052332197 0.057692307692307696
0 0.24544937428896474 0.4509109311740891 0.027872582480091012 0.057692307692307696
0 0.01820250284414107 0.4564777327935223 0.030716723549488054 0.05465587044534413
0 0.17235494880546076 0.4590080971659919 0.023890784982935155 0.039473684210526314
0 0.11575654152445962 0.47115384615384615 0.026734926052332197 0.057692307692307696
0 0.008248009101251423 0.4807692307692308 0.016496018202502846 0.05263157894736842
0 0.04607508532423208 0.48431174089068824 0.02957906712172924 0.0597165991902834
1 0.7963594994311718 0.5425101214574899 0.03754266211604096 0.06477732793522267
1 0.6427758816837316 0.5445344129554656 0.03185437997724687 0.06275303643724696
1 0.48976109215017066 0.5495951417004049 0.02957906712172924 0.05263157894736842
1 0.4087030716723549 0.5673076923076923 0.032423208191126277 0.057692307692307696
1 0.3321956769055745 0.569838056680162 0.030716723549488054 0.06275303643724696
1 0.25199089874857794 0.5895748987854251 0.03526734926052332 0.06781376518218624
1 0.16097838452787258 0.6214574898785425 0.04664391353811149 0.07489878542510121
1 0.06996587030716724 0.6518218623481782 0.05233219567690557 0.0951417004048583