0 0.3111979166666667 0.2902777777777778 0.0203125 0.03425925925925926
1 0.10494791666666667 0.2972222222222222 0.019270833333333334 0.03888888888888889
1 0.08828125 0.3111111111111111 0.0140625 0.03888888888888889
0 0.27760416666666665 0.31157407407407406 0.022916666666666665 0.04537037037037037
1 0.06510416666666667 0.31574074074074077 0.020833333333333332 0.03888888888888889
0 0.23411458333333332 0.3300925925925926 0.019270833333333334 0.03611111111111111
1 0.018229166666666668 0.35138888888888886 0.028125 0.04537037037037037
0 0.19921875 0.36018518518518516 0.025520833333333333 0.05
0 0.68125 0.3731481481481482 0.028125 0.04814814814814815
0 0.7177083333333333 0.3736111111111111 0.022916666666666665 0.04351851851851852
0 0.6278645833333333 0.37453703703703706 0.025520833333333333 0.041666666666666664
0 0.5786458333333333 0.3763888888888889 0.01875 0.03611111111111111
0 0.4786458333333333 0.3787037037037037 0.021875 0.040740740740740744
0 0.5286458333333334 0.38101851851851853 0.022916666666666665 0.03611111111111111
0 0.42890625 0.38287037037037036 0.024479166666666666 0.04351851851851852
0 0.15130208333333334 0.38935185185185184 0.0203125 0.03425925925925926
0 0.37864583333333335 0.39166666666666666 0.021875 0.03888888888888889
0 0.32890625 0.399537037037037 0.024479166666666666 0.03611111111111111
0 0.2677083333333333 0.41574074074074074 0.021875 0.040740740740740744
0 0.21848958333333332 0.4263888888888889 0.0296875 0.04351851851851852
0 0.15651041666666668 0.43194444444444446 0.025520833333333333 0.04537037037037037
0 0.12135416666666667 0.4337962962962963 0.022916666666666665 0.04351851851851852
1 0.6903645833333333 0.49675925925925923 0.030729166666666665 0.05462962962962963
1 0.8380208333333333 0.49722222222222223 0.029166666666666667 0.05
1 0.5484375 0.5041666666666667 0.028125 0.06388888888888888
1 0.475 0.5171296296296296 0.021875 0.04351851851851852
1 0.40286458333333336 0.5199074074074074 0.0296875 0.04537037037037037
1 0.3346354166666667 0.5425925925925926 0.030729166666666665 0.04814814814814815
1 0.259375 0.5768518518518518 0.03333333333333333 0.06666666666666667
1 0.17734375 0.5893518518518519 0.0359375 0.05462962962962963
1 0.08333333333333333 0.6069444444444444 0.04375 0.075