0 0.31402116402116403 0.2857815442561205 0.020634920634920634 0.03483992467043315
1 0.10449735449735449 0.2928436911487759 0.019576719576719578 0.03954802259887006
1 0.08756613756613757 0.3069679849340866 0.014285714285714285 0.03954802259887006
0 0.2798941798941799 0.3074387947269303 0.02328042328042328 0.046139359698681735
1 0.06402116402116402 0.3116760828625235 0.021164021164021163 0.03954802259887006
0 0.2357142857142857 0.326271186440678 0.019576719576719578 0.03672316384180791
1 0.0164021164021164 0.3479284369114878 0.02857142857142857 0.046139359698681735
0 0.20026455026455026 0.3568738229755179 0.025925925925925925 0.05084745762711865
0 0.68994708994709 0.3700564971751412 0.02857142857142857 0.04896421845574388
0 0.726984126984127 0.3705273069679849 0.02328042328042328 0.044256120527306965
0 0.6357142857142857 0.3714689265536723 0.025925925925925925 0.0423728813559322
0 0.5857142857142857 0.3733521657250471 0.01904761904761905 0.03672316384180791
0 0.48412698412698413 0.3757062146892655 0.022222222222222223 0.04143126177024482
0 0.5349206349206349 0.378060263653484 0.02328042328042328 0.03672316384180791
0 0.4335978835978836 0.3799435028248588 0.02486772486772487 0.044256120527306965
0 0.15158730158730158 0.3865348399246704 0.020634920634920634 0.03483992467043315
0 0.3825396825396825 0.3888888888888889 0.022222222222222223 0.03954802259887006
0 0.33201058201058203 0.3968926553672316 0.02486772486772487 0.03672316384180791
0 0.2698412698412698 0.4133709981167608 0.022222222222222223 0.04143126177024482
0 0.21984126984126984 0.4241996233521657 0.03015873015873016 0.044256120527306965
0 0.15687830687830687 0.42984934086629 0.025925925925925925 0.046139359698681735
0 0.12116402116402117 0.4317325800376648 0.02328042328042328 0.044256120527306965
1 0.6992063492063492 0.4957627118644068 0.031216931216931216 0.05555555555555555
1 0.8492063492063492 0.4962335216572505 0.02962962962962963 0.05084745762711865
1 0.555026455026455 0.5032956685499058 0.02857142857142857 0.06497175141242938
1 0.4804232804232804 0.5164783427495292 0.022222222222222223 0.044256120527306965
1 0.40714285714285714 0.5193032015065914 0.03015873015873016 0.046139359698681735
1 0.3378306878306878 0.5423728813559322 0.031216931216931216 0.04896421845574388
1 0.2613756613756614 0.5772128060263654 0.033862433862433865 0.06779661016949153
1 0.17804232804232803 0.589924670433145 0.03650793650793651 0.05555555555555555
1 0.08253968253968254 0.6078154425612052 0.044444444444444446 0.07627118644067797