1 0.14804469273743018 0.2644135188866799 0.017877094972067038 0.041749502982107355
0 0.3553072625698324 0.2649105367793241 0.024581005586592177 0.03876739562624255
1 0.10307262569832402 0.2852882703777336 0.026256983240223464 0.0536779324055666
0 0.31564245810055863 0.28628230616302186 0.02905027932960894 0.041749502982107355
0 0.27569832402234634 0.3061630218687873 0.021787709497206705 0.03180914512922465
1 0.046089385474860335 0.3096421471172962 0.020670391061452513 0.03876739562624255
0 0.6268156424581005 0.33151093439363816 0.02569832402234637 0.04671968190854871
0 0.23519553072625698 0.334493041749503 0.024581005586592177 0.03876739562624255
0 0.8483240223463687 0.3349900596421471 0.027374301675977653 0.0437375745526839
0 0.6824022346368716 0.33697813121272363 0.028491620111731845 0.0437375745526839
0 0.738268156424581 0.33697813121272363 0.03407821229050279 0.0536779324055666
0 0.5164804469273743 0.3379721669980119 0.022905027932960894 0.05168986083499006
0 0.7997206703910614 0.3394632206759443 0.022905027932960894 0.048707753479125246
0 0.5720670391061452 0.341948310139165 0.02011173184357542 0.0636182902584493
0 0.45977653631284915 0.34592445328031807 0.030167597765363128 0.061630218687872766
0 0.21620111731843575 0.3573558648111332 0.02346368715083799 0.048707753479125246
0 0.40893854748603353 0.35934393638170975 0.034636871508379886 0.03876739562624255
0 0.3455307262569832 0.3648111332007952 0.021787709497206705 0.0536779324055666
0 0.19944134078212292 0.37375745526838966 0.02346368715083799 0.041749502982107355
0 0.2980446927374302 0.37475149105367794 0.027374301675977653 0.0536779324055666
0 0.23743016759776536 0.3841948310139165 0.02905027932960894 0.048707753479125246
1 0.6446927374301676 0.4801192842942346 0.03128491620111732 0.08151093439363817
1 0.5664804469273743 0.48111332007952284 0.03128491620111732 0.08349900596421471
1 0.8125698324022347 0.4850894632206759 0.028491620111731845 0.061630218687872766
1 0.4949720670391061 0.4860834990059642 0.035754189944134075 0.073558648111332
1 0.982122905027933 0.48807157057654077 0.030167597765363128 0.08151093439363817
1 0.4173184357541899 0.5054671968190855 0.034636871508379886 0.06660039761431412
1 0.3377094972067039 0.518389662027833 0.031843575418994415 0.06858846918489066
1 0.26145251396648045 0.5452286282306164 0.035754189944134075 0.06660039761431412
1 0.16759776536312848 0.5511928429423459 0.04022346368715084 0.06858846918489066
1 0.07681564245810056 0.5561630218687873 0.043016759776536316 0.07852882703777336