0 0.3925414364640884 0.7445972495088409 0.02154696132596685 0.043222003929273084
0 0.4044198895027624 0.8143418467583498 0.023204419889502764 0.05108055009823183
0 0.4154696132596685 0.8845776031434185 0.017679558011049725 0.03831041257367387
0 0.42955801104972374 0.26719056974459726 0.025966850828729283 0.04518664047151277
0 0.4312154696132597 0.9557956777996071 0.02154696132596685 0.043222003929273084
0 0.4325966850828729 0.1694499017681729 0.02430939226519337 0.05009823182711198
0 0.4325966850828729 0.07121807465618861 0.02983425414364641 0.05992141453831041
0 0.4331491712707182 0.4611984282907662 0.028729281767955802 0.04027504911591356
0 0.4353591160220994 0.36345776031434185 0.03535911602209945 0.03536345776031434
0 0.4375690607734807 0.5609037328094303 0.03425414364640884 0.05304518664047151
0 0.4439226519337017 0.9842829076620825 0.02707182320441989 0.03143418467583497
0 0.44502762430939224 0.650294695481336 0.02154696132596685 0.060903732809430254
0 0.4480662983425414 0.7617878192534381 0.02983425414364641 0.03831041257367387
0 0.4535911602209945 0.8452848722986247 0.02983425414364641 0.0481335952848723
0 0.45883977900552486 0.9518664047151277 0.02707182320441989 0.05108055009823183
1 0.5121546961325967 0.2357563850687623 0.045303867403314914 0.0550098231827112
1 0.512707182320442 0.37328094302554027 0.04640883977900553 0.0550098231827112
1 0.5154696132596686 0.49901768172888017 0.04088397790055249 0.06286836935166994
1 0.5262430939226519 0.6355599214145383 0.037016574585635356 0.060903732809430254
1 0.5334254143646409 0.7755402750491159 0.03812154696132597 0.055992141453831044
1 0.5483425414364641 0.9096267190569745 0.037016574585635356 0.06286836935166994