0 0.5252717391304348 0.2973887814313346 0.01141304347826087 0.02804642166344294
1 0.2940217391304348 0.3036750483558994 0.02391304347826087 0.04061895551257253
0 0.48940217391304347 0.3089941972920696 0.01576086956521739 0.02611218568665377
1 0.24375 0.3239845261121857 0.01576086956521739 0.03288201160541586
0 0.4513586956521739 0.33849129593810445 0.021195652173913043 0.03288201160541586
1 0.18505434782608696 0.35106382978723405 0.021195652173913043 0.03288201160541586
0 0.41304347826086957 0.3583172147001934 0.020652173913043477 0.02804642166344294
0 0.39320652173913045 0.3723404255319149 0.026630434782608695 0.0425531914893617
1 0.12065217391304348 0.37379110251450676 0.02826086956521739 0.045454545454545456
0 0.6877717391304348 0.3771760154738878 0.021195652173913043 0.0425531914893617
0 0.7442934782608696 0.3786266924564797 0.022282608695652174 0.045454545454545456
0 0.6323369565217392 0.38007736943907156 0.026630434782608695 0.0425531914893617
0 0.5820652173913043 0.3916827852998066 0.02391304347826087 0.061895551257253385
0 0.8008152173913043 0.3921663442940039 0.026630434782608695 0.047388781431334626
0 0.866304347826087 0.3945841392649903 0.025 0.05222437137330754
1 0.08152173913043478 0.3945841392649903 0.02826086956521739 0.05222437137330754
0 0.9277173913043478 0.3955512572533849 0.025 0.04061895551257253
0 0.3842391304347826 0.3960348162475822 0.02826086956521739 0.045454545454545456
0 0.5160326086956522 0.4008704061895551 0.027717391304347826 0.045454545454545456
0 0.4157608695652174 0.4008704061895551 0.02282608695652174 0.035783365570599614
0 0.9902173913043478 0.40377176015473887 0.01956521739130435 0.05705996131528046
0 0.4747282608695652 0.40377176015473887 0.021195652173913043 0.047388781431334626
1 0.0641304347826087 0.41150870406189555 0.02391304347826087 0.047388781431334626
1 0.042119565217391304 0.43278529980657643 0.025543478260869567 0.02804642166344294
1 0.027445652173913045 0.45454545454545453 0.026630434782608695 0.0425531914893617
1 0.02418478260869565 0.4816247582205029 0.025543478260869567 0.0425531914893617
1 0.044021739130434785 0.5072533849129593 0.034782608695652174 0.0551257253384913
1 0.08206521739130435 0.519825918762089 0.034782608695652174 0.047388781431334626
1 0.6622282608695652 0.5290135396518375 0.0375 0.059961315280464215
1 0.7407608695652174 0.5299806576402321 0.029347826086956522 0.0425531914893617
1 0.825 0.5343326885880078 0.04021739130434782 0.05705996131528046
1 0.5858695652173913 0.5372340425531915 0.051086956521739134 0.05705996131528046
1 0.13342391304347825 0.5391682785299806 0.03206521739130435 0.05705996131528046
1 0.5103260869565217 0.5488394584139265 0.035869565217391305 0.06673114119922631
1 0.9921195652173913 0.5556092843326886 0.01576086956521739 0.06479690522243714
1 0.35244565217391305 0.5560928433268859 0.0375 0.061895551257253385
1 0.19266304347826088 0.5565764023210832 0.04184782608695652 0.05705996131528046
1 0.4331521739130435 0.558027079303675 0.03369565217391304 0.059961315280464215
1 0.27065217391304347 0.5599613152804642 0.04021739130434782 0.059961315280464215