0 0.6087301587301587 0.6751412429378532 0.019576719576719578 0.032015065913371
0 0.6005291005291006 0.6111111111111112 0.022222222222222223 0.022598870056497175
1 0.6002645502645503 0.18879472693032015 0.015343915343915344 0.03483992467043315
1 0.5888888888888889 0.0951035781544256 0.022222222222222223 0.03954802259887006
0 0.5886243386243386 0.5451977401129944 0.02486772486772487 0.04143126177024482
0 0.5767195767195767 0.4788135593220339 0.022222222222222223 0.025423728813559324
0 0.5616402116402116 0.42984934086629 0.025925925925925925 0.03672316384180791
0 0.5584656084656084 0.9651600753295668 0.02486772486772487 0.060263653483992465
0 0.5558201058201058 0.7763653483992468 0.02486772486772487 0.038606403013182675
0 0.5558201058201058 0.870527306967985 0.02486772486772487 0.02919020715630885
0 0.5515873015873016 0.6657250470809792 0.02486772486772487 0.05273069679849341
0 0.5505291005291005 0.4891713747645951 0.019576719576719578 0.038606403013182675
0 0.5497354497354497 0.5856873822975518 0.02328042328042328 0.04331450094161959
1 0.4804232804232804 0.10028248587570622 0.0328042328042328 0.06497175141242938
1 0.4801587301587302 0.02401129943502825 0.040740740740740744 0.0480225988700565
1 0.4746031746031746 0.9180790960451978 0.033862433862433865 0.062146892655367235
1 0.4738095238095238 0.788135593220339 0.035449735449735446 0.05084745762711865
1 0.4732804232804233 0.3785310734463277 0.03650793650793651 0.060263653483992465
1 0.4722222222222222 0.23681732580037665 0.03015873015873016 0.06497175141242938
1 0.4708994708994709 0.6544256120527306 0.0328042328042328 0.05273069679849341
1 0.46904761904761905 0.5207156308851224 0.031216931216931216 0.062146892655367235