0 0.38430851063829785 0.34026465028355385 0.019680851063829788 0.03213610586011342
0 0.3925531914893617 0.4045368620037807 0.022340425531914895 0.022684310018903593
1 0.3928191489361702 0.8284499054820416 0.015425531914893617 0.03497164461247637
1 0.40425531914893614 0.9224952741020794 0.022340425531914895 0.03969754253308128
0 0.40452127659574466 0.4706994328922495 0.025 0.04158790170132325
0 0.41648936170212764 0.5373345935727788 0.022340425531914895 0.02551984877126654
0 0.43164893617021277 0.5864839319470699 0.026063829787234042 0.036862003780718335
0 0.4348404255319149 0.04914933837429111 0.025 0.06049149338374291
0 0.4375 0.2386578449905482 0.025 0.038752362948960305
0 0.4375 0.1441398865784499 0.025 0.02930056710775047
0 0.4417553191489362 0.3497164461247637 0.025 0.052930056710775046
0 0.4428191489361702 0.526937618147448 0.019680851063829788 0.038752362948960305
0 0.44361702127659575 0.43005671077504726 0.023404255319148935 0.043478260869565216
1 0.5132978723404256 0.917296786389414 0.03297872340425532 0.06521739130434782
1 0.513563829787234 0.9848771266540642 0.040957446808510635 0.030245746691871456
1 0.5191489361702127 0.09640831758034027 0.03404255319148936 0.062381852551984876
1 0.5199468085106383 0.22684310018903592 0.03563829787234043 0.05103969754253308
1 0.5204787234042553 0.6379962192816635 0.036702127659574466 0.06049149338374291
1 0.5215425531914893 0.7802457466918714 0.03031914893617021 0.06521739130434782
1 0.5228723404255319 0.3610586011342155 0.03297872340425532 0.052930056710775046
1 0.5247340425531914 0.4952741020793951 0.03138297872340425 0.062381852551984876