1 0.38218085106382976 0.665406427221172 0.019680851063829788 0.030245746691871456
0 0.3827127659574468 0.27032136105860116 0.015425531914893617 0.03213610586011342
1 0.3925531914893617 0.7410207939508506 0.022340425531914895 0.026465028355387523
0 0.39335106382978724 0.33601134215500944 0.02074468085106383 0.027410207939508508
0 0.4 0.4050094517958412 0.023404255319148935 0.036862003780718335
1 0.4031914893617021 0.8232514177693762 0.01702127659574468 0.034026465028355386
1 0.41329787234042553 0.9177693761814745 0.018085106382978722 0.034026465028355386
0 0.41436170212765955 0.4655009451795841 0.018085106382978722 0.02930056710775047
0 0.4252659574468085 0.5373345935727788 0.02074468085106383 0.02930056710775047
0 0.43617021276595747 0.5699432892249527 0.02446808510638298 0.03780718336483932
0 0.44335106382978723 0.052930056710775046 0.025 0.04158790170132325
0 0.44707446808510637 0.23487712665406427 0.03031914893617021 0.036862003780718335
0 0.44707446808510637 0.14508506616257089 0.025 0.046313799621928164
0 0.44920212765957446 0.5850661625708885 0.026063829787234042 0.03969754253308128
0 0.45132978723404255 0.42485822306238186 0.025 0.048204158790170135
0 0.45132978723404255 0.5236294896030246 0.019680851063829788 0.030245746691871456
0 0.45159574468085106 0.3497164461247637 0.02872340425531915 0.043478260869565216
1 0.5180851063829788 0.9896030245746692 0.023404255319148935 0.020793950850661626
1 0.5268617021276596 0.22448015122873347 0.040957446808510635 0.0671077504725898
1 0.5276595744680851 0.0893194706994329 0.03404255319148936 0.057655954631379965
1 0.5281914893617021 0.7707939508506616 0.03829787234042553 0.06521739130434782
1 0.5295212765957447 0.9139886578449905 0.040957446808510635 0.05860113421550094
1 0.5300531914893617 0.6342155009451795 0.03138297872340425 0.06994328922495274
1 0.5343085106382979 0.35775047258979203 0.03138297872340425 0.055765595463137994
1 0.5361702127659574 0.4919659735349716 0.03829787234042553 0.055765595463137994