1 0.6562140391254315 0.33299180327868855 0.021288837744533946 0.03278688524590164
0 0.655638665132336 0.7612704918032787 0.01668584579976985 0.03483606557377049
1 0.6449942462600691 0.2510245901639344 0.024165707710011506 0.028688524590163935
0 0.6441311852704258 0.6900614754098361 0.02243958573072497 0.02971311475409836
0 0.6369390103567318 0.6152663934426229 0.02531645569620253 0.039959016393442626
1 0.6334867663981588 0.16188524590163936 0.018411967779056387 0.036885245901639344
1 0.622554660529344 0.05942622950819672 0.019562715765247412 0.036885245901639344
0 0.6214039125431531 0.5496926229508197 0.019562715765247412 0.031762295081967214
0 0.609608745684695 0.4718237704918033 0.02243958573072497 0.031762295081967214
0 0.5978135788262371 0.4364754098360656 0.026467203682393557 0.040983606557377046
0 0.5900460299194477 0.9871926229508197 0.02704257767548907 0.025614754098360656
0 0.586018411967779 0.7996926229508197 0.03279631760644419 0.039959016393442626
0 0.586018411967779 0.8970286885245902 0.02704257767548907 0.050204918032786885
0 0.583716915995397 0.42008196721311475 0.02819332566168009 0.0430327868852459
0 0.5814154200230149 0.59375 0.02704257767548907 0.05225409836065574
0 0.5814154200230149 0.48668032786885246 0.021288837744533946 0.03278688524590164
0 0.5811277330264673 0.6752049180327869 0.031070195627157654 0.0471311475409836
1 0.49971231300345226 0.8109631147540983 0.04430379746835443 0.07274590163934426
1 0.498849252013809 0.9574795081967213 0.03682393555811277 0.0625
1 0.4982738780207135 0.21875 0.04142692750287687 0.0706967213114754
1 0.49683544303797467 0.06352459016393443 0.04430379746835443 0.06352459016393443
1 0.4962600690448792 0.3668032786885246 0.03394706559263521 0.07581967213114754
1 0.4916570771001151 0.6664959016393442 0.03394706559263521 0.060450819672131145
1 0.4896432681242808 0.5210040983606558 0.04142692750287687 0.060450819672131145