0 0.35412087912087914 0.12451171875 0.007142857142857143 0.0244140625
0 0.3585164835164835 0.14794921875 0.00934065934065934 0.0263671875
0 0.36236263736263735 0.58837890625 0.010439560439560439 0.0263671875
0 0.3631868131868132 0.17431640625 0.008791208791208791 0.0244140625
1 0.3659340659340659 0.61669921875 0.01098901098901099 0.0263671875
1 0.3697802197802198 0.64892578125 0.01098901098901099 0.0283203125
0 0.37142857142857144 0.24169921875 0.00989010989010989 0.0263671875
0 0.37857142857142856 0.3076171875 0.008791208791208791 0.029296875
1 0.3791208791208791 0.7216796875 0.013186813186813187 0.03125
0 0.3892857142857143 0.3759765625 0.012637362637362638 0.033203125
1 0.3903846153846154 0.81201171875 0.014835164835164835 0.0361328125
0 0.4013736263736264 0.4423828125 0.012637362637362638 0.03125
1 0.4021978021978022 0.912109375 0.015384615384615385 0.04296875
0 0.4142857142857143 0.51513671875 0.013186813186813187 0.0341796875
0 0.4225274725274725 0.55029296875 0.014285714285714285 0.0361328125
0 0.4340659340659341 0.56689453125 0.016483516483516484 0.0478515625
0 0.4351648351648352 0.0185546875 0.01868131868131868 0.037109375
0 0.43653846153846154 0.20849609375 0.019230769230769232 0.0517578125
0 0.43653846153846154 0.11181640625 0.014835164835164835 0.0458984375
0 0.4392857142857143 0.4052734375 0.01703296703296703 0.044921875
0 0.4398351648351648 0.32275390625 0.01703296703296703 0.0439453125
0 0.4403846153846154 0.50537109375 0.015934065934065933 0.0458984375
1 0.5082417582417582 0.9853515625 0.027472527472527472 0.029296875
1 0.5181318681318682 0.05419921875 0.024175824175824177 0.0693359375
1 0.5186813186813187 0.90625 0.027472527472527472 0.072265625
1 0.5200549450549451 0.19189453125 0.028021978021978023 0.0693359375
1 0.5217032967032967 0.333984375 0.028021978021978023 0.068359375
1 0.5222527472527473 0.76513671875 0.028021978021978023 0.0693359375
1 0.5230769230769231 0.61865234375 0.023076923076923078 0.0693359375
1 0.525 0.4697265625 0.03021978021978022 0.064453125