0 0.6952247191011236 0.2465 0.014044943820224719 0.013
0 0.6817415730337079 0.2545 0.015168539325842697 0.017
0 0.42837078651685395 0.2615 0.015168539325842697 0.019
0 0.6665730337078651 0.263 0.014044943820224719 0.016
1 0.41207865168539326 0.268 0.015168539325842697 0.02
1 0.39353932584269663 0.275 0.016292134831460674 0.02
0 0.6278089887640449 0.278 0.015168539325842697 0.018
0 0.5898876404494382 0.291 0.016853932584269662 0.016
1 0.35168539325842696 0.292 0.017977528089887642 0.024
0 0.550561797752809 0.3105 0.019101123595505618 0.023
1 0.2997191011235955 0.3125 0.020786516853932586 0.027
0 0.5123595505617977 0.3325 0.017977528089887642 0.023
1 0.24213483146067416 0.334 0.024719101123595506 0.028
0 0.4705056179775281 0.356 0.019662921348314606 0.024
1 0.17640449438202246 0.3595 0.02359550561797753 0.029
0 0.4502808988764045 0.371 0.020786516853932586 0.026
1 0.13848314606741574 0.373 0.02752808988764045 0.032
1 0.11685393258426967 0.3915 0.025842696629213482 0.035
0 0.44073033707865167 0.392 0.02752808988764045 0.03
0 0.7581460674157303 0.394 0.025280898876404494 0.034
0 0.6469101123595505 0.3965 0.029775280898876405 0.035
0 0.7025280898876405 0.3965 0.026404494382022473 0.027
0 0.8202247191011236 0.398 0.024719101123595506 0.034
0 0.5337078651685393 0.4015 0.025842696629213482 0.031
0 0.5811797752808989 0.4025 0.025280898876404494 0.031
0 0.476123595505618 0.4035 0.026404494382022473 0.029
0 0.8831460674157303 0.407 0.025842696629213482 0.032
0 0.9491573033707865 0.4125 0.03089887640449438 0.033
1 0.09662921348314607 0.4185 0.03146067415730337 0.035
1 0.08146067415730338 0.437 0.030337078651685393 0.036
1 0.07780898876404495 0.4625 0.03314606741573034 0.035
1 0.09550561797752809 0.486 0.033707865168539325 0.046
1 0.13342696629213482 0.512 0.039887640449438204 0.05
1 0.19016853932584268 0.527 0.03651685393258427 0.05
1 0.7356741573033708 0.545 0.039887640449438204 0.044
1 0.2455056179775281 0.546 0.04157303370786517 0.05
1 0.6564606741573034 0.5485 0.039887640449438204 0.051
1 0.8207865168539326 0.551 0.04157303370786517 0.046
1 0.5747191011235955 0.5515 0.03932584269662921 0.051
1 0.326685393258427 0.5525 0.039887640449438204 0.051
1 0.4109550561797753 0.554 0.039887640449438204 0.042
1 0.4966292134831461 0.5575 0.03707865168539326 0.055
1 0.9106741573033708 0.561 0.04157303370786517 0.056