0 0.5120967741935484 0.26147227533460804 0.012365591397849462 0.014340344168260038
1 0.31048387096774194 0.2624282982791587 0.01129032258064516 0.018164435946462717
0 0.5577956989247311 0.26864244741873805 0.012365591397849462 0.017208413001912046
1 0.3365591397849462 0.27007648183556404 0.011827956989247311 0.018164435946462717
0 0.6086021505376344 0.27151051625239003 0.012903225806451613 0.015296367112810707
1 0.36532258064516127 0.2786806883365201 0.013440860215053764 0.018164435946462717
1 0.3975806451612903 0.28776290630975143 0.014516129032258065 0.01338432122370937
1 0.4166666666666667 0.3030592734225621 0.016129032258064516 0.030592734225621414
1 0.403494623655914 0.3102294455066922 0.014516129032258065 0.018164435946462717
0 0.6099462365591398 0.3178776290630975 0.017741935483870968 0.016252390057361378
1 0.3849462365591398 0.3188336520076482 0.015053763440860216 0.018164435946462717
1 0.34301075268817205 0.3326959847036329 0.016129032258064516 0.021032504780114723
0 0.5728494623655914 0.33460803059273425 0.017741935483870968 0.017208413001912046
0 0.5362903225806451 0.3489483747609943 0.01989247311827957 0.0248565965583174
1 0.2938172043010753 0.3508604206500956 0.01881720430107527 0.022944550669216062
0 0.49946236559139784 0.36950286806883365 0.02043010752688172 0.020076481835564052
1 0.23763440860215054 0.3738049713193117 0.021505376344086023 0.0248565965583174
1 0.1739247311827957 0.39435946462715105 0.020967741935483872 0.027724665391969407
0 0.4612903225806452 0.4072657743785851 0.01935483870967742 0.040152963671128104
1 0.139247311827957 0.4130019120458891 0.024731182795698924 0.032504780114722756
0 0.443010752688172 0.4149139579349904 0.02258064516129032 0.040152963671128104
1 0.11586021505376344 0.42877629063097517 0.025268817204301075 0.029636711281070746
0 0.7325268817204301 0.4297323135755258 0.025268817204301075 0.03154875717017208
0 0.6803763440860215 0.4306883365200765 0.023118279569892472 0.03154875717017208
0 0.7905913978494624 0.43307839388145314 0.024193548387096774 0.02676864244741874
0 0.6268817204301075 0.43355640535372847 0.023655913978494623 0.033460803059273424
0 0.4327956989247312 0.4349904397705545 0.023655913978494623 0.04206500956022945
0 0.5647849462365592 0.43833652007648183 0.025268817204301075 0.029636711281070746
0 0.5193548387096775 0.43833652007648183 0.024731182795698924 0.027724665391969407
0 0.8510752688172043 0.44263862332695986 0.02258064516129032 0.032504780114722756
0 0.4637096774193548 0.4445506692160612 0.020967741935483872 0.04206500956022945
1 0.09731182795698924 0.45124282982791586 0.02258064516129032 0.032504780114722756
0 0.9123655913978495 0.4517208413001912 0.02258064516129032 0.029636711281070746
0 0.9760752688172043 0.4569789674952199 0.02849462365591398 0.030592734225621414
1 0.0825268817204301 0.47609942638623326 0.02849462365591398 0.036328871892925434
1 0.09758064516129032 0.5181644359464627 0.032795698924731186 0.040152963671128104
1 0.13413978494623655 0.5411089866156787 0.027419354838709678 0.040152963671128104
1 0.18655913978494623 0.5592734225621415 0.03333333333333333 0.03824091778202677
1 0.24086021505376345 0.5755258126195029 0.03225806451612903 0.04206500956022945
1 0.7115591397849462 0.5769598470363289 0.03494623655913978 0.04110898661567878
1 0.6330645161290323 0.5774378585086042 0.03064516129032258 0.040152963671128104
1 0.32204301075268815 0.5822179732313576 0.035483870967741936 0.04397705544933078
1 0.7913978494623656 0.5826959847036329 0.03333333333333333 0.043021032504780114
1 0.5577956989247311 0.5869980879541109 0.032795698924731186 0.04206500956022945
1 0.40161290322580645 0.5874760994263862 0.03333333333333333 0.044933078393881457
1 0.4827956989247312 0.5893881453154876 0.03333333333333333 0.043021032504780114
1 0.875268817204301 0.5922562141491395 0.034408602150537634 0.04875717017208413