0 0.34805555555555556 0.45207509881422925 0.008333333333333333 0.022727272727272728
1 0.3486111111111111 0.8226284584980237 0.010555555555555556 0.020750988142292492
0 0.3522222222222222 0.36808300395256915 0.01 0.022727272727272728
1 0.35305555555555557 0.7747035573122529 0.010555555555555556 0.021739130434782608
0 0.35388888888888886 0.274703557312253 0.008888888888888889 0.023715415019762844
1 0.35805555555555557 0.7218379446640316 0.010555555555555556 0.024703557312252964
1 0.36333333333333334 0.6625494071146245 0.0077777777777777776 0.0266798418972332
1 0.37222222222222223 0.6274703557312253 0.017777777777777778 0.029644268774703556
1 0.3763888888888889 0.6516798418972332 0.010555555555555556 0.0266798418972332
0 0.38083333333333336 0.27223320158102765 0.009444444444444445 0.03260869565217391
1 0.3813888888888889 0.6857707509881423 0.010555555555555556 0.02766798418972332
1 0.3894444444444444 0.7628458498023716 0.012222222222222223 0.029644268774703556
0 0.39055555555555554 0.3404150197628458 0.01 0.03260869565217391
0 0.3988888888888889 0.4076086956521739 0.014444444444444444 0.036561264822134384
1 0.4 0.8532608695652174 0.013333333333333334 0.03458498023715415
0 0.41083333333333333 0.475296442687747 0.011666666666666667 0.037549407114624504
1 0.41333333333333333 0.9565217391304348 0.014444444444444444 0.039525691699604744
0 0.43277777777777776 0.5454545454545454 0.023333333333333334 0.03557312252964427
0 0.43722222222222223 0.5790513833992095 0.023333333333333334 0.041501976284584984
0 0.44583333333333336 0.04693675889328063 0.018333333333333333 0.046442687747035576
0 0.4463888888888889 0.14278656126482214 0.018333333333333333 0.042490118577075096
0 0.44805555555555554 0.24110671936758893 0.019444444444444445 0.043478260869565216
0 0.4488888888888889 0.5978260869565217 0.024444444444444446 0.043478260869565216
0 0.4508333333333333 0.35523715415019763 0.017222222222222222 0.046442687747035576
0 0.4508333333333333 0.43873517786561267 0.01611111111111111 0.045454545454545456
0 0.45444444444444443 0.54100790513834 0.024444444444444446 0.038537549407114624
1 0.5305555555555556 0.950592885375494 0.024444444444444446 0.05928853754940711
1 0.5313888888888889 0.08547430830039526 0.02388888888888889 0.06422924901185771
1 0.5316666666666666 0.22974308300395258 0.023333333333333334 0.05632411067193676
1 0.5344444444444445 0.8013833992094862 0.025555555555555557 0.06521739130434782
1 0.5372222222222223 0.36808300395256915 0.024444444444444446 0.06027667984189723
1 0.5375 0.6551383399209486 0.026111111111111113 0.06126482213438735
1 0.5386111111111112 0.5059288537549407 0.025 0.06126482213438735