0 0.11692708333333333 0.4736111111111111 0.0140625 0.026851851851851852
0 0.0546875 0.475 0.0125 0.02962962962962963
0 0.33880208333333334 0.475462962962963 0.009895833333333333 0.025
0 0.18229166666666666 0.4759259259259259 0.017708333333333333 0.022222222222222223
0 0.28515625 0.48194444444444445 0.009895833333333333 0.025
0 0.2515625 0.4828703703703704 0.0125 0.026851851851851852
0 0.3177083333333333 0.4842592592592593 0.0125 0.02962962962962963
1 0.49635416666666665 0.5111111111111111 0.0125 0.022222222222222223
1 0.4739583333333333 0.5152777777777777 0.0125 0.026851851851851852
1 0.4440104166666667 0.5222222222222223 0.015104166666666667 0.03148148148148148
1 0.028645833333333332 0.5236111111111111 0.017708333333333333 0.025
1 0.4075520833333333 0.5259259259259259 0.015104166666666667 0.02962962962962963
1 0.11223958333333334 0.5273148148148148 0.0203125 0.017592592592592594
1 0.3658854166666667 0.5314814814814814 0.0203125 0.03148148148148148
1 0.321875 0.5319444444444444 0.017708333333333333 0.026851851851851852
1 0.19401041666666666 0.5333333333333333 0.015104166666666667 0.020370370370370372
1 0.275 0.5333333333333333 0.017708333333333333 0.02962962962962963