0 0.5146276595744681 0.20463137996219283 0.014361702127659574 0.017958412098298678
0 0.510904255319149 0.10727788279773157 0.014361702127659574 0.017958412098298678
0 0.5103723404255319 0.046313799621928164 0.015425531914893617 0.022684310018903593
0 0.5095744680851064 0.166351606805293 0.01702127659574468 0.022684310018903593
1 0.49414893617021277 0.4905482041587902 0.01276595744680851 0.022684310018903593
1 0.49175531914893617 0.4499054820415879 0.015425531914893617 0.022684310018903593
1 0.4877659574468085 0.3955576559546314 0.018085106382978722 0.027410207939508508
1 0.4856382978723404 0.32939508506616255 0.01702127659574468 0.027410207939508508
1 0.4824468085106383 0.2537807183364839 0.018085106382978722 0.036862003780718335
1 0.4821808510638298 0.17391304347826086 0.015425531914893617 0.03213610586011342
1 0.48138297872340424 0.0888468809073724 0.01702127659574468 0.03213610586011342