0 0.04581005586592179 0.4821073558648111 0.01899441340782123 0.033797216699801194
0 0.185195530726257 0.4835984095427435 0.015083798882681564 0.0268389662027833
0 0.11424581005586593 0.4840954274353877 0.016201117318435754 0.02186878727634195
0 0.3527932960893855 0.4845924453280318 0.018435754189944135 0.02882703777335984
0 0.2589385474860335 0.4865805168986084 0.015083798882681564 0.0268389662027833
0 0.33324022346368715 0.4870775347912525 0.015083798882681564 0.033797216699801194
0 0.29553072625698323 0.4885685884691849 0.017877094972067038 0.0268389662027833
1 0.538268156424581 0.5164015904572564 0.018435754189944135 0.036779324055666
1 0.523463687150838 0.5248508946322068 0.013407821229050279 0.033797216699801194
1 0.4972067039106145 0.5273359840954275 0.01899441340782123 0.03876739562624255
1 0.4650837988826816 0.5323061630218688 0.016201117318435754 0.02882703777335984
1 0.02011173184357542 0.5347912524850894 0.02346368715083799 0.033797216699801194
1 0.10865921787709497 0.5397614314115308 0.021787709497206705 0.02982107355864811
1 0.4282122905027933 0.5397614314115308 0.020670391061452513 0.033797216699801194
1 0.3804469273743017 0.5447316103379721 0.02346368715083799 0.033797216699801194
1 0.19944134078212292 0.5462226640159046 0.01899441340782123 0.0268389662027833
1 0.2835195530726257 0.5472166998011928 0.021787709497206705 0.02882703777335984
1 0.33631284916201115 0.5482107355864811 0.01899441340782123 0.030815109343936383