0 0.5083783783783784 0.23413461538461539 0.015675675675675675 0.03173076923076923
0 0.5072972972972973 0.07259615384615385 0.014594594594594595 0.025961538461538463
0 0.5070270270270271 0.20048076923076924 0.018378378378378378 0.025961538461538463
0 0.5062162162162163 0.13557692307692307 0.014594594594594595 0.03076923076923077
1 0.49108108108108106 0.5533653846153846 0.02 0.03173076923076923
1 0.4864864864864865 0.5278846153846154 0.018378378378378378 0.023076923076923078
1 0.4851351351351351 0.4826923076923077 0.02108108108108108 0.032692307692307694
1 0.48243243243243245 0.42740384615384613 0.015675675675675675 0.027884615384615386
1 0.4783783783783784 0.3639423076923077 0.018378378378378378 0.035576923076923075
1 0.4756756756756757 0.28173076923076923 0.018378378378378378 0.04038461538461539
1 0.4743243243243243 0.11490384615384615 0.015675675675675675 0.0375
1 0.4737837837837838 0.20576923076923076 0.016756756756756756 0.032692307692307694