0 0.5200534759358288 0.20817490494296578 0.014438502673796792 0.028517110266159697
0 0.5128342245989305 0.22480988593155893 0.012834224598930482 0.025665399239543727
0 0.5106951871657754 0.12595057034220533 0.012834224598930482 0.025665399239543727
0 0.510427807486631 0.06416349809885931 0.016577540106951873 0.03326996197718631
0 0.510427807486631 0.186787072243346 0.011229946524064172 0.02376425855513308
1 0.49973262032085564 0.533745247148289 0.01229946524064171 0.02376425855513308
1 0.4946524064171123 0.5090304182509505 0.013903743315508022 0.029467680608365018
1 0.4914438502673797 0.47100760456273766 0.013903743315508022 0.029467680608365018
1 0.48850267379679146 0.4144486692015209 0.014438502673796792 0.026615969581749048
1 0.4844919786096257 0.3445817490494297 0.014973262032085561 0.027566539923954372
1 0.4823529411764706 0.26996197718631176 0.014973262032085561 0.03231939163498099
1 0.4799465240641711 0.10788973384030419 0.014438502673796792 0.03136882129277566
1 0.47967914438502673 0.19629277566539924 0.017112299465240642 0.03517110266159696