0 0.007552083333333333 0.4625 0.015104166666666667 0.019444444444444445
0 0.3380208333333333 0.4625 0.015625 0.025
0 0.06171875 0.46805555555555556 0.016145833333333335 0.019444444444444445
0 0.12526041666666668 0.47129629629629627 0.0171875 0.024074074074074074
0 0.34713541666666664 0.475 0.0140625 0.022222222222222223
0 0.18958333333333333 0.475462962962963 0.016666666666666666 0.021296296296296296
0 0.29296875 0.4787037037037037 0.0140625 0.022222222222222223
0 0.2591145833333333 0.4791666666666667 0.018229166666666668 0.028703703703703703
0 0.3263020833333333 0.4791666666666667 0.013020833333333334 0.019444444444444445
1 0.51640625 0.4976851851851852 0.013020833333333334 0.021296296296296296
1 0.5028645833333333 0.5064814814814815 0.016145833333333335 0.024074074074074074
1 0.48203125 0.5120370370370371 0.016145833333333335 0.024074074074074074
1 0.4510416666666667 0.5171296296296296 0.014583333333333334 0.025
1 0.03802083333333333 0.5212962962962963 0.01875 0.025925925925925925
1 0.4127604166666667 0.524074074074074 0.015104166666666667 0.025925925925925925
1 0.11796875 0.524537037037037 0.019270833333333334 0.021296296296296296
1 0.371875 0.5277777777777778 0.017708333333333333 0.025925925925925925
1 0.20364583333333333 0.5305555555555556 0.017708333333333333 0.025925925925925925
1 0.2830729166666667 0.5319444444444444 0.0171875 0.025
1 0.33151041666666664 0.5324074074074074 0.019270833333333334 0.02962962962962963