0 0.3427777777777778 0.43626482213438733 0.016666666666666666 0.0266798418972332
0 0.04805555555555555 0.44219367588932806 0.017222222222222222 0.020750988142292492
0 0.11583333333333333 0.44565217391304346 0.018333333333333333 0.025691699604743084
0 0.3525 0.44960474308300397 0.015 0.023715415019762844
0 0.18444444444444444 0.450098814229249 0.017777777777777778 0.022727272727272728
0 0.2947222222222222 0.4535573122529644 0.015 0.023715415019762844
0 0.2586111111111111 0.4540513833992095 0.019444444444444445 0.030632411067193676
0 0.3302777777777778 0.4540513833992095 0.013888888888888888 0.020750988142292492
1 0.5330555555555555 0.47381422924901184 0.013888888888888888 0.022727272727272728
1 0.5186111111111111 0.48320158102766797 0.017222222222222222 0.025691699604743084
1 0.4963888888888889 0.4891304347826087 0.017222222222222222 0.025691699604743084
1 0.4633333333333333 0.4945652173913043 0.015555555555555555 0.0266798418972332
1 0.02277777777777778 0.4990118577075099 0.02 0.02766798418972332
1 0.4225 0.5019762845849802 0.01611111111111111 0.02766798418972332
1 0.10805555555555556 0.5024703557312253 0.020555555555555556 0.022727272727272728
1 0.3788888888888889 0.5059288537549407 0.01888888888888889 0.02766798418972332
1 0.19944444444444445 0.508893280632411 0.01888888888888889 0.02766798418972332
1 0.2841666666666667 0.5103754940711462 0.018333333333333333 0.0266798418972332
1 0.3358333333333333 0.5108695652173914 0.020555555555555556 0.03162055335968379