1 0.5049479166666667 0.4615740740740741 0.0140625 0.023148148148148147
0 0.01328125 0.4648148148148148 0.0140625 0.020370370370370372
0 0.06822916666666666 0.4685185185185185 0.017708333333333333 0.016666666666666666
1 0.5145833333333333 0.4689814814814815 0.010416666666666666 0.026851851851851852
0 0.3528645833333333 0.47129629629629627 0.016145833333333335 0.020370370370370372
0 0.13125 0.47175925925925927 0.017708333333333333 0.025
1 0.5239583333333333 0.4726851851851852 0.011458333333333333 0.021296296296296296
0 0.19505208333333332 0.47453703703703703 0.0140625 0.019444444444444445
0 0.26328125 0.4777777777777778 0.0140625 0.020370370370370372
0 0.3302083333333333 0.4777777777777778 0.013541666666666667 0.020370370370370372
0 0.2984375 0.47962962962962963 0.01875 0.025925925925925925
1 0.5205729166666667 0.5013888888888889 0.011979166666666667 0.028703703703703703
1 0.5075520833333333 0.5087962962962963 0.015104166666666667 0.026851851851851852
1 0.4869791666666667 0.513425925925926 0.017708333333333333 0.032407407407407406
1 0.45546875 0.5194444444444445 0.0171875 0.025925925925925925
1 0.04375 0.5203703703703704 0.020833333333333332 0.025925925925925925
1 0.4192708333333333 0.5231481481481481 0.015625 0.027777777777777776
1 0.125 0.5254629629629629 0.01875 0.021296296296296296
1 0.3765625 0.5282407407407408 0.01875 0.028703703703703703
1 0.20859375 0.5305555555555556 0.018229166666666668 0.025925925925925925
1 0.33645833333333336 0.5310185185185186 0.01875 0.026851851851851852
1 0.2872395833333333 0.5319444444444444 0.018229166666666668 0.023148148148148147