1 0.5070680628272252 0.46322160148975794 0.014136125654450262 0.023277467411545624
0 0.012827225130890052 0.4664804469273743 0.014136125654450262 0.020484171322160148
0 0.06806282722513089 0.4702048417132216 0.01780104712041885 0.01675977653631285
1 0.5167539267015707 0.47067039106145253 0.010471204188481676 0.027001862197392923
0 0.3541884816753927 0.4729981378026071 0.016230366492146597 0.020484171322160148
0 0.13141361256544504 0.473463687150838 0.01780104712041885 0.025139664804469275
1 0.5261780104712042 0.4743947858472998 0.011518324607329843 0.021415270018621976
0 0.1955497382198953 0.4762569832402235 0.014136125654450262 0.019553072625698324
0 0.26413612565445027 0.4795158286778399 0.014136125654450262 0.020484171322160148
0 0.33141361256544505 0.4795158286778399 0.013612565445026177 0.020484171322160148
0 0.2994764397905759 0.4813780260707635 0.018848167539267015 0.0260707635009311
1 0.5227748691099476 0.5032588454376163 0.012041884816753926 0.028864059590316574
1 0.5096858638743456 0.5107076350093109 0.015183246073298429 0.027001862197392923
1 0.48900523560209425 0.5153631284916201 0.01780104712041885 0.032588454376163874
1 0.4573298429319372 0.521415270018622 0.017277486910994764 0.0260707635009311
1 0.043455497382198956 0.5223463687150838 0.020942408376963352 0.0260707635009311
1 0.42094240837696334 0.5251396648044693 0.015706806282722512 0.027932960893854747
1 0.12513089005235603 0.5274674115456238 0.018848167539267015 0.021415270018621976
1 0.37801047120418846 0.5302607076350093 0.018848167539267015 0.028864059590316574
1 0.20916230366492147 0.5325884543761639 0.01832460732984293 0.0260707635009311
1 0.337696335078534 0.5330540037243948 0.018848167539267015 0.027001862197392923
1 0.2882198952879581 0.5339851024208566 0.01832460732984293 0.023277467411545624