0 0.5678770949720671 0.4726640159045726 0.009497206703910615 0.016898608349900597
0 0.5673184357541899 0.46123260437375746 0.009497206703910615 0.015904572564612324
1 0.5659217877094972 0.7062624254473161 0.01005586592178771 0.020874751491053677
0 0.5639664804469273 0.44980119284294234 0.007262569832402235 0.016898608349900597
1 0.5620111731843576 0.7012922465208747 0.008938547486033519 0.020874751491053677
0 0.5617318435754189 0.4388667992047714 0.008379888268156424 0.014910536779324055
0 0.5594972067039106 0.4269383697813121 0.008379888268156424 0.016898608349900597
1 0.5572625698324022 0.694831013916501 0.009497206703910615 0.019880715705765408
0 0.5553072625698324 0.41898608349900596 0.008938547486033519 0.020874751491053677
0 0.5508379888268157 0.43141153081510936 0.0111731843575419 0.02186878727634195
1 0.5494413407821229 0.6963220675944334 0.018435754189944135 0.02286282306163022
1 0.5477653631284917 0.7072564612326043 0.015083798882681564 0.02286282306163022
0 0.5469273743016759 0.44781312127236583 0.012290502793296089 0.02485089463220676
1 0.5435754189944134 0.7301192842942346 0.01899441340782123 0.0268389662027833
0 0.5435754189944134 0.46322067594433397 0.012290502793296089 0.019880715705765408
1 0.5421787709497207 0.7534791252485089 0.015083798882681564 0.02584493041749503
0 0.5402234636871508 0.47514910536779326 0.0111731843575419 0.02186878727634195
0 0.5396648044692738 0.003976143141153081 0.01675977653631285 0.007952286282306162
0 0.5379888268156424 0.09940357852882704 0.01564245810055866 0.033797216699801194
1 0.5377094972067039 0.7753479125248509 0.017318435754189943 0.02385685884691849
0 0.5349162011173184 0.21123260437375746 0.013966480446927373 0.030815109343936383
0 0.5346368715083799 0.4870775347912525 0.01452513966480447 0.02584493041749503
1 0.5337988826815643 0.7952286282306164 0.019553072625698324 0.02385685884691849
0 0.5329608938547487 0.3305168986083499 0.01564245810055866 0.032803180914512925
1 0.5315642458100559 0.8146123260437376 0.015083798882681564 0.030815109343936383
0 0.5310055865921788 0.45029821073558646 0.013966480446927373 0.02982107355864811
0 0.5307262569832403 0.38916500994035785 0.01564245810055866 0.030815109343936383
1 0.5262569832402234 0.8280318091451292 0.01564245810055866 0.02982107355864811
1 0.5170391061452514 0.8136182902584493 0.016201117318435754 0.032803180914512925
1 0.5134078212290503 0.7823061630218688 0.01675977653631285 0.03180914512922465
1 0.5100558659217878 0.7410536779324056 0.017877094972067038 0.03876739562624255
1 0.5050279329608939 0.09045725646123261 0.01899441340782123 0.03578528827037773
1 0.5047486033519553 0.6829025844930418 0.019553072625698324 0.039761431411530816
1 0.5019553072625699 0.6158051689860835 0.019553072625698324 0.04473161033797217
1 0.5019553072625699 0.5357852882703777 0.018435754189944135 0.039761431411530816
1 0.5016759776536313 0.2360834990059642 0.02011173184357542 0.03876739562624255
1 0.5005586592178771 0.4617296222664016 0.017877094972067038 0.03876739562624255
1 0.5 0.37375745526838966 0.017877094972067038 0.039761431411530816