0 0.5523936170212767 0.43714555765595464 0.009042553191489361 0.01606805293005671
0 0.5518617021276596 0.42627599243856334 0.009042553191489361 0.015122873345935728
1 0.550531914893617 0.6592627599243857 0.009574468085106383 0.01984877126654064
0 0.5486702127659574 0.41540642722117205 0.006914893617021276 0.01606805293005671
1 0.5468085106382978 0.6545368620037807 0.00851063829787234 0.01984877126654064
0 0.5465425531914894 0.4050094517958412 0.007978723404255319 0.014177693761814745
0 0.5444148936170212 0.3936672967863894 0.007978723404255319 0.01606805293005671
1 0.5422872340425532 0.6483931947069943 0.009042553191489361 0.01890359168241966
0 0.5404255319148936 0.3861058601134216 0.00851063829787234 0.01984877126654064
0 0.5361702127659574 0.39792060491493386 0.010638297872340425 0.020793950850661626
1 0.5348404255319149 0.6498109640831758 0.017553191489361703 0.021739130434782608
1 0.5332446808510638 0.6602079395085066 0.014361702127659574 0.021739130434782608
0 0.5324468085106383 0.41351606805293006 0.011702127659574468 0.023629489603024575
1 0.5292553191489362 0.6819470699432892 0.018085106382978722 0.02551984877126654
0 0.5292553191489362 0.4281663516068053 0.011702127659574468 0.01890359168241966
1 0.5279255319148937 0.7041587901701323 0.014361702127659574 0.024574669187145556
0 0.5260638297872341 0.43950850661625707 0.010638297872340425 0.020793950850661626
0 0.523936170212766 0.08223062381852551 0.014893617021276596 0.03213610586011342
1 0.5236702127659575 0.724952741020794 0.01648936170212766 0.022684310018903593
0 0.5210106382978723 0.1885633270321361 0.013297872340425532 0.02930056710775047
0 0.5207446808510638 0.45085066162570886 0.013829787234042552 0.024574669187145556
1 0.5199468085106383 0.7438563327032136 0.018617021276595744 0.022684310018903593
0 0.5191489361702127 0.30198487712665406 0.014893617021276596 0.031190926275992438
1 0.5178191489361702 0.7622873345935728 0.014361702127659574 0.02930056710775047
0 0.5172872340425532 0.4158790170132325 0.013297872340425532 0.02835538752362949
0 0.5170212765957447 0.35775047258979203 0.014893617021276596 0.02930056710775047
1 0.5127659574468085 0.775047258979206 0.014893617021276596 0.02835538752362949
1 0.5039893617021277 0.7613421550094518 0.015425531914893617 0.031190926275992438
1 0.500531914893617 0.7315689981096408 0.015957446808510637 0.030245746691871456
1 0.4973404255319149 0.69234404536862 0.01702127659574468 0.036862003780718335
1 0.4925531914893617 0.07372400756143667 0.018085106382978722 0.034026465028355386
1 0.4922872340425532 0.6370510396975425 0.018617021276595744 0.03780718336483932
1 0.4896276595744681 0.5732514177693762 0.018617021276595744 0.04253308128544423
1 0.4896276595744681 0.497164461247637 0.017553191489361703 0.03780718336483932
1 0.48936170212765956 0.21219281663516068 0.019148936170212766 0.036862003780718335
1 0.48829787234042554 0.42674858223062384 0.01702127659574468 0.036862003780718335
1 0.4877659574468085 0.3431001890359168 0.01702127659574468 0.03780718336483932