0 0.09228723404255319 0.43194706994328924 0.014361702127659574 0.022684310018903593
0 0.056914893617021275 0.43431001890359167 0.01276595744680851 0.027410207939508508
0 0.11835106382978723 0.43572778827977315 0.015425531914893617 0.030245746691871456
0 0.1622340425531915 0.43714555765595464 0.01276595744680851 0.01984877126654064
0 0.14122340425531915 0.43903591682419657 0.014361702127659574 0.023629489603024575
0 0.005319148936170213 0.44376181474480153 0.010638297872340425 0.027410207939508508
0 0.20718085106382977 0.44565217391304346 0.015425531914893617 0.017958412098298678
0 0.4930851063829787 0.44565217391304346 0.007446808510638298 0.027410207939508508
1 0.6478723404255319 0.44848771266540643 0.013829787234042552 0.027410207939508508
0 0.25638297872340426 0.45179584120982985 0.01276595744680851 0.030245746691871456
1 0.6598404255319149 0.45415879017013233 0.011170212765957447 0.02551984877126654
0 0.5053191489361702 0.4555765595463138 0.013829787234042552 0.022684310018903593
1 0.674468085106383 0.45793950850661624 0.019148936170212766 0.027410207939508508
0 0.31436170212765957 0.4621928166351607 0.01702127659574468 0.03213610586011342
0 0.3718085106382979 0.46455576559546313 0.01702127659574468 0.027410207939508508
0 0.5167553191489361 0.4669187145557656 0.017553191489361703 0.022684310018903593
0 0.49813829787234043 0.46880907372400754 0.014361702127659574 0.020793950850661626
0 0.4654255319148936 0.46928166351606804 0.018085106382978722 0.027410207939508508
0 0.4340425531914894 0.4716446124763705 0.01702127659574468 0.03213610586011342
1 0.6981382978723404 0.4829867674858223 0.01648936170212766 0.030245746691871456
1 0.13138297872340426 0.4929111531190926 0.018085106382978722 0.027410207939508508
1 0.05292553191489362 0.4948015122873346 0.015425531914893617 0.02551984877126654
1 0.16436170212765958 0.4952741020793951 0.01702127659574468 0.022684310018903593
1 0.09627659574468085 0.4957466918714556 0.01702127659574468 0.027410207939508508
1 0.23590425531914894 0.5033081285444234 0.019680851063829788 0.03497164461247637
1 0.6885638297872341 0.5042533081285444 0.01648936170212766 0.03497164461247637
1 0.010638297872340425 0.5042533081285444 0.018085106382978722 0.03497164461247637
1 0.6779255319148936 0.5085066162570888 0.015425531914893617 0.03969754253308128
1 0.3093085106382979 0.5118147448015122 0.014361702127659574 0.027410207939508508
1 0.622872340425532 0.5170132325141777 0.019148936170212766 0.022684310018903593
1 0.6539893617021276 0.5170132325141777 0.015425531914893617 0.04158790170132325
1 0.3827127659574468 0.5193761814744802 0.02074468085106383 0.027410207939508508
1 0.45611702127659576 0.5231568998109641 0.015425531914893617 0.02551984877126654
1 0.586968085106383 0.524102079395085 0.01648936170212766 0.027410207939508508
1 0.5436170212765957 0.5255198487712666 0.018085106382978722 0.030245746691871456
1 0.5045212765957446 0.525992438563327 0.019680851063829788 0.036862003780718335