0 0.09192708333333334 0.43703703703703706 0.0140625 0.022222222222222223
0 0.057291666666666664 0.4393518518518518 0.0125 0.026851851851851852
0 0.11744791666666667 0.44074074074074077 0.015104166666666667 0.02962962962962963
0 0.16041666666666668 0.44212962962962965 0.0125 0.019444444444444445
0 0.13984375 0.4439814814814815 0.0140625 0.023148148148148147
0 0.005989583333333334 0.4486111111111111 0.011979166666666667 0.026851851851851852
0 0.20442708333333334 0.45046296296296295 0.015104166666666667 0.017592592592592594
0 0.484375 0.45046296296296295 0.007291666666666667 0.026851851851851852
1 0.6359375 0.4532407407407407 0.013541666666666667 0.026851851851851852
0 0.2526041666666667 0.4564814814814815 0.0125 0.02962962962962963
1 0.64765625 0.4587962962962963 0.0109375 0.025
0 0.49635416666666665 0.4601851851851852 0.013541666666666667 0.022222222222222223
1 0.6619791666666667 0.4625 0.01875 0.026851851851851852
0 0.309375 0.4666666666666667 0.016666666666666666 0.03148148148148148
0 0.365625 0.4689814814814815 0.016666666666666666 0.026851851851851852
0 0.5075520833333333 0.47129629629629627 0.0171875 0.022222222222222223
0 0.48932291666666666 0.47314814814814815 0.0140625 0.020370370370370372
0 0.45729166666666665 0.4736111111111111 0.017708333333333333 0.026851851851851852
0 0.4265625 0.4759259259259259 0.016666666666666666 0.03148148148148148
1 0.68515625 0.48703703703703705 0.016145833333333335 0.02962962962962963
1 0.13020833333333334 0.49675925925925923 0.017708333333333333 0.026851851851851852
1 0.053385416666666664 0.4986111111111111 0.015104166666666667 0.025
1 0.1625 0.49907407407407406 0.016666666666666666 0.022222222222222223
1 0.09583333333333334 0.49953703703703706 0.016666666666666666 0.026851851851851852
1 0.23255208333333333 0.5069444444444444 0.019270833333333334 0.03425925925925926
1 0.67578125 0.5078703703703704 0.016145833333333335 0.03425925925925926
1 0.011979166666666667 0.5078703703703704 0.017708333333333333 0.03425925925925926
1 0.6653645833333334 0.5120370370370371 0.015104166666666667 0.03888888888888889
1 0.30442708333333335 0.5152777777777777 0.0140625 0.026851851851851852
1 0.6114583333333333 0.5203703703703704 0.01875 0.022222222222222223
1 0.6419270833333334 0.5203703703703704 0.015104166666666667 0.040740740740740744
1 0.3763020833333333 0.5226851851851851 0.0203125 0.026851851851851852
1 0.44817708333333334 0.5263888888888889 0.015104166666666667 0.025
1 0.5763020833333333 0.5273148148148148 0.016145833333333335 0.026851851851851852
1 0.5338541666666666 0.5287037037037037 0.017708333333333333 0.02962962962962963
1 0.49557291666666664 0.5291666666666667 0.019270833333333334 0.03611111111111111