0 0.0675 0.4051383399209486 0.015 0.023715415019762844
0 0.030555555555555555 0.4076086956521739 0.013333333333333334 0.02865612648221344
0 0.09472222222222222 0.4090909090909091 0.01611111111111111 0.03162055335968379
0 0.14055555555555554 0.4105731225296443 0.013333333333333334 0.020750988142292492
0 0.11861111111111111 0.4125494071146245 0.015 0.024703557312252964
0 0.1875 0.41946640316205536 0.01611111111111111 0.018774703557312252
0 0.4861111111111111 0.41946640316205536 0.0077777777777777776 0.02865612648221344
1 0.6477777777777778 0.4224308300395257 0.014444444444444444 0.02865612648221344
0 0.2388888888888889 0.4258893280632411 0.013333333333333334 0.03162055335968379
1 0.6602777777777777 0.42835968379446643 0.011666666666666667 0.0266798418972332
0 0.4988888888888889 0.4298418972332016 0.014444444444444444 0.023715415019762844
1 0.6755555555555556 0.4323122529644269 0.02 0.02865612648221344
0 0.29944444444444446 0.4367588932806324 0.017777777777777778 0.03359683794466403
0 0.35944444444444446 0.4392292490118577 0.017777777777777778 0.02865612648221344
0 0.5108333333333334 0.441699604743083 0.018333333333333333 0.023715415019762844
0 0.4913888888888889 0.44367588932806323 0.015 0.021739130434782608
0 0.4572222222222222 0.4441699604743083 0.01888888888888889 0.02865612648221344
0 0.42444444444444446 0.44664031620553357 0.017777777777777778 0.03359683794466403
1 0.7002777777777778 0.45849802371541504 0.017222222222222222 0.03162055335968379
1 0.10833333333333334 0.4688735177865613 0.01888888888888889 0.02865612648221344
1 0.02638888888888889 0.4708498023715415 0.01611111111111111 0.0266798418972332
1 0.14277777777777778 0.47134387351778656 0.017777777777777778 0.023715415019762844
1 0.07166666666666667 0.4718379446640316 0.017777777777777778 0.02865612648221344
1 0.2175 0.4797430830039526 0.020555555555555556 0.036561264822134384
1 0.6902777777777778 0.4807312252964427 0.017222222222222222 0.036561264822134384
1 0.6791666666666667 0.4851778656126482 0.01611111111111111 0.041501976284584984
1 0.2941666666666667 0.48863636363636365 0.015 0.02865612648221344
1 0.6216666666666667 0.49407114624505927 0.02 0.023715415019762844
1 0.6541666666666667 0.49407114624505927 0.01611111111111111 0.043478260869565216
1 0.37083333333333335 0.4965415019762846 0.021666666666666667 0.02865612648221344
1 0.4475 0.5004940711462451 0.01611111111111111 0.0266798418972332
1 0.5841666666666666 0.5014822134387352 0.017222222222222222 0.02865612648221344
1 0.5388888888888889 0.5029644268774703 0.01888888888888889 0.03162055335968379
1 0.49805555555555553 0.5034584980237155 0.020555555555555556 0.038537549407114624