0 0.08781464530892448 0.4409368635437882 0.012013729977116704 0.026476578411405296
0 0.11727688787185354 0.4414460285132383 0.016018306636155607 0.023421588594704685
0 0.05348970251716247 0.4419551934826884 0.015446224256292907 0.020366598778004074
0 0.5031464530892449 0.4434826883910387 0.012013729977116704 0.017311608961303463
0 0.14187643020594964 0.445010183299389 0.013729977116704805 0.016293279022403257
0 0.16475972540045766 0.4485743380855397 0.016018306636155607 0.017311608961303463
0 0.5085812356979404 0.4511201629327902 0.010297482837528604 0.018329938900203666
0 0.5185926773455377 0.45672097759674135 0.009725400457665904 0.019348268839103868
0 0.21109839816933637 0.45723014256619143 0.014874141876430207 0.020366598778004074
0 0.2637299771167048 0.4623217922606925 0.014874141876430207 0.018329938900203666
1 0.6816361556064073 0.46283095723014256 0.012013729977116704 0.025458248472505093
0 0.5283180778032036 0.4663951120162933 0.010869565217391304 0.020366598778004074
0 0.5357551487414187 0.47046843177189407 0.012013729977116704 0.020366598778004074
1 0.6959382151029748 0.47046843177189407 0.012013729977116704 0.026476578411405296
0 0.3220823798627002 0.4745417515274949 0.018306636155606407 0.026476578411405296
1 0.7131006864988558 0.47810590631364563 0.015446224256292907 0.0274949083503055
0 0.38386727688787187 0.48065173116089616 0.016018306636155607 0.028513238289205704
0 0.5411899313501144 0.4816700610997963 0.013729977116704805 0.024439918533604887
0 0.4496567505720824 0.4862525458248472 0.014874141876430207 0.029531568228105907
0 0.5200228832951945 0.48676171079429736 0.013729977116704805 0.024439918533604887
0 0.48655606407322655 0.4893075356415479 0.015446224256292907 0.0274949083503055
1 0.7305491990846682 0.4954175152749491 0.021739130434782608 0.031568228105906315
1 0.04891304347826087 0.5005091649694501 0.01887871853546911 0.031568228105906315
1 0.13100686498855835 0.5040733197556008 0.016018306636155607 0.028513238289205704
1 0.09353546910755149 0.5056008146639511 0.01887871853546911 0.031568228105906315
1 0.16733409610983982 0.5076374745417516 0.02002288329519451 0.023421588594704685
1 0.007437070938215103 0.5127291242362525 0.014874141876430207 0.031568228105906315
1 0.2397025171624714 0.5168024439918534 0.017162471395881007 0.021384928716904276
1 0.7319794050343249 0.5178207739307535 0.015446224256292907 0.031568228105906315
1 0.31922196796338675 0.5274949083503055 0.016018306636155607 0.018329938900203666
1 0.7142448512585813 0.5285132382892057 0.016590389016018305 0.028513238289205704
1 0.6925057208237986 0.530040733197556 0.02002288329519451 0.023421588594704685
1 0.3975972540045767 0.535132382892057 0.019450800915331808 0.029531568228105907
1 0.6564645308924485 0.5371690427698574 0.02002288329519451 0.025458248472505093
1 0.6152745995423341 0.540224032586558 0.02345537757437071 0.031568228105906315
1 0.477116704805492 0.5422606924643585 0.014874141876430207 0.031568228105906315
1 0.5672196796338673 0.5437881873727087 0.01887871853546911 0.03054989816700611
1 0.5254576659038902 0.5437881873727087 0.01887871853546911 0.03054989816700611