0 0.08061797752808988 0.393 0.011797752808988765 0.026
0 0.10955056179775281 0.3935 0.015730337078651686 0.023
0 0.04691011235955056 0.394 0.015168539325842697 0.02
0 0.4884831460674157 0.3955 0.011797752808988765 0.017
0 0.13370786516853933 0.397 0.01348314606741573 0.016
0 0.15617977528089888 0.4005 0.015730337078651686 0.017
0 0.49382022471910114 0.403 0.010112359550561797 0.018
0 0.5036516853932584 0.4085 0.009550561797752809 0.019
0 0.20168539325842696 0.409 0.014606741573033709 0.02
0 0.2533707865168539 0.414 0.014606741573033709 0.018
1 0.6637640449438202 0.4145 0.011797752808988765 0.025
0 0.5132022471910113 0.418 0.010674157303370787 0.02
0 0.520505617977528 0.422 0.011797752808988765 0.02
1 0.6778089887640449 0.422 0.011797752808988765 0.026
0 0.3106741573033708 0.426 0.017977528089887642 0.026
1 0.6946629213483146 0.4295 0.015168539325842697 0.027
0 0.37134831460674156 0.432 0.015730337078651686 0.028
0 0.5258426966292135 0.433 0.01348314606741573 0.024
0 0.43595505617977526 0.4375 0.014606741573033709 0.029
0 0.505056179775281 0.438 0.01348314606741573 0.024
0 0.4721910112359551 0.4405 0.015168539325842697 0.027
1 0.7117977528089887 0.4465 0.021348314606741574 0.031
1 0.04241573033707865 0.4515 0.01853932584269663 0.031
1 0.12303370786516854 0.455 0.015730337078651686 0.028
1 0.08623595505617977 0.4565 0.01853932584269663 0.031
1 0.15870786516853932 0.4585 0.019662921348314606 0.023
1 0.0044943820224719105 0.4635 0.008988764044943821 0.031
1 0.22977528089887642 0.4675 0.016853932584269662 0.021
1 0.7132022471910112 0.4685 0.015168539325842697 0.031
1 0.30786516853932583 0.478 0.015730337078651686 0.018
1 0.6957865168539326 0.479 0.016292134831460674 0.028
1 0.674438202247191 0.4805 0.019662921348314606 0.023
1 0.3848314606741573 0.4855 0.019101123595505618 0.029
1 0.6390449438202247 0.4875 0.019662921348314606 0.025
1 0.5985955056179775 0.4905 0.023033707865168538 0.031
1 0.46292134831460674 0.4925 0.014606741573033709 0.031
1 0.5514044943820224 0.494 0.01853932584269663 0.03
1 0.5103932584269663 0.494 0.01853932584269663 0.03