0 0.11848958333333333 0.43425925925925923 0.0109375 0.024074074074074074
0 0.1453125 0.43472222222222223 0.014583333333333334 0.021296296296296296
0 0.08723958333333333 0.4351851851851852 0.0140625 0.018518518518518517
0 0.49661458333333336 0.43657407407407406 0.0109375 0.01574074074074074
0 0.16770833333333332 0.43796296296296294 0.0125 0.014814814814814815
0 0.18854166666666666 0.4412037037037037 0.014583333333333334 0.01574074074074074
0 0.034375 0.44212962962962965 0.013541666666666667 0.019444444444444445
0 0.5015625 0.44351851851851853 0.009375 0.016666666666666666
0 0.5106770833333333 0.4486111111111111 0.008854166666666666 0.017592592592592594
0 0.23072916666666668 0.44907407407407407 0.013541666666666667 0.018518518518518517
0 0.2786458333333333 0.4537037037037037 0.013541666666666667 0.016666666666666666
1 0.6591145833333333 0.45416666666666666 0.0109375 0.023148148148148147
0 0.51953125 0.45740740740740743 0.009895833333333333 0.018518518518518517
0 0.5263020833333333 0.46111111111111114 0.0109375 0.018518518518518517
1 0.6721354166666667 0.46111111111111114 0.0109375 0.024074074074074074
0 0.33177083333333335 0.4648148148148148 0.016666666666666666 0.024074074074074074
1 0.6877604166666667 0.46805555555555556 0.0140625 0.025
0 0.3880208333333333 0.4703703703703704 0.014583333333333334 0.025925925925925925
0 0.53125 0.47129629629629627 0.0125 0.022222222222222223
0 0.4479166666666667 0.475462962962963 0.013541666666666667 0.026851851851851852
0 0.5119791666666667 0.4759259259259259 0.0125 0.022222222222222223
0 0.48151041666666666 0.47824074074074074 0.0140625 0.025
1 0.7036458333333333 0.4837962962962963 0.019791666666666666 0.028703703703703703
1 0.08307291666666666 0.48842592592592593 0.0171875 0.028703703703703703
1 0.1578125 0.49166666666666664 0.014583333333333334 0.025925925925925925
1 0.12369791666666667 0.4930555555555556 0.0171875 0.028703703703703703
1 0.19088541666666667 0.4949074074074074 0.018229166666666668 0.021296296296296296
1 0.04296875 0.49953703703703706 0.018229166666666668 0.028703703703703703
1 0.25677083333333334 0.5032407407407408 0.015625 0.019444444444444445
1 0.7049479166666667 0.5041666666666667 0.0140625 0.028703703703703703
1 0.32916666666666666 0.512962962962963 0.014583333333333334 0.016666666666666666
1 0.6888020833333334 0.5138888888888888 0.015104166666666667 0.025925925925925925
1 0.6690104166666667 0.5152777777777777 0.018229166666666668 0.021296296296296296
1 0.4005208333333333 0.5199074074074074 0.017708333333333333 0.026851851851851852
1 0.6361979166666667 0.5217592592592593 0.018229166666666668 0.023148148148148147
1 0.5986979166666667 0.524537037037037 0.021354166666666667 0.028703703703703703
1 0.47291666666666665 0.5263888888888889 0.013541666666666667 0.028703703703703703
1 0.5549479166666667 0.5277777777777778 0.0171875 0.027777777777777776
1 0.5169270833333334 0.5277777777777778 0.0171875 0.027777777777777776