0 0.14166666666666666 0.42592592592592593 0.0125 0.024074074074074074
0 0.16666666666666666 0.4287037037037037 0.0125 0.022222222222222223
0 0.11041666666666666 0.4300925925925926 0.0125 0.019444444444444445
0 0.18880208333333334 0.4337962962962963 0.011979166666666667 0.021296296296296296
0 0.20911458333333333 0.43472222222222223 0.011979166666666667 0.017592592592592594
0 0.05651041666666667 0.4375 0.013020833333333334 0.023148148148148147
0 0.25104166666666666 0.44351851851851853 0.013541666666666667 0.014814814814814815
0 0.2989583333333333 0.4513888888888889 0.0125 0.017592592592592594
0 0.35182291666666665 0.45694444444444443 0.013020833333333334 0.017592592592592594
1 0.6919270833333333 0.46296296296296297 0.0109375 0.024074074074074074
0 0.40729166666666666 0.4671296296296296 0.013541666666666667 0.021296296296296296
1 0.7046875 0.46805555555555556 0.014583333333333334 0.023148148148148147
0 0.5494791666666666 0.46944444444444444 0.013541666666666667 0.020370370370370372
1 0.7174479166666666 0.47314814814814815 0.0109375 0.018518518518518517
0 0.5309895833333333 0.47453703703703703 0.0140625 0.017592592592592594
0 0.49895833333333334 0.475 0.014583333333333334 0.022222222222222223
0 0.4674479166666667 0.4759259259259259 0.016145833333333335 0.027777777777777776
1 0.10625 0.48194444444444445 0.01875 0.028703703703703703
1 0.14609375 0.4847222222222222 0.016145833333333335 0.028703703703703703
1 0.17864583333333334 0.4888888888888889 0.015625 0.025925925925925925
1 0.06614583333333333 0.4930555555555556 0.015625 0.025
1 0.7330729166666666 0.4930555555555556 0.016145833333333335 0.028703703703703703
1 0.21067708333333332 0.4949074074074074 0.015104166666666667 0.025
1 0.278125 0.5009259259259259 0.015625 0.025925925925925925
1 0.7234375 0.5046296296296297 0.014583333333333334 0.025925925925925925
1 0.34739583333333335 0.5111111111111111 0.013541666666666667 0.022222222222222223
1 0.7091145833333333 0.512962962962963 0.013020833333333334 0.022222222222222223
1 0.41953125 0.5185185185185185 0.016145833333333335 0.025925925925925925
1 0.6869791666666667 0.5208333333333334 0.015625 0.025
1 0.65546875 0.5236111111111111 0.016145833333333335 0.025
1 0.49192708333333335 0.5282407407407408 0.0171875 0.028703703703703703
1 0.5372395833333333 0.5305555555555556 0.0203125 0.03333333333333333
1 0.5744791666666667 0.5319444444444444 0.016666666666666666 0.030555555555555555
1 0.6169270833333333 0.5319444444444444 0.016145833333333335 0.030555555555555555