0 0.1365079365079365 0.4274952919020716 0.012698412698412698 0.02448210922787194
0 0.1619047619047619 0.4303201506591337 0.012698412698412698 0.022598870056497175
0 0.10476190476190476 0.4317325800376648 0.012698412698412698 0.01977401129943503
0 0.18439153439153438 0.4354990583804143 0.01216931216931217 0.021657250470809793
0 0.20502645502645503 0.4364406779661017 0.01216931216931217 0.017890772128060263
0 0.05 0.4392655367231638 0.013227513227513227 0.023540489642184557
0 0.24761904761904763 0.4453860640301318 0.013756613756613757 0.015065913370998116
0 0.2962962962962963 0.4533898305084746 0.012698412698412698 0.017890772128060263
0 0.35 0.4590395480225989 0.013227513227513227 0.017890772128060263
1 0.6955026455026455 0.4651600753295669 0.011111111111111112 0.02448210922787194
0 0.40634920634920635 0.4693973634651601 0.013756613756613757 0.021657250470809793
1 0.7084656084656085 0.4703389830508475 0.014814814814814815 0.023540489642184557
0 0.5507936507936508 0.4717514124293785 0.013756613756613757 0.02071563088512241
1 0.7214285714285714 0.4755178907721281 0.011111111111111112 0.018832391713747645
0 0.532010582010582 0.4769303201506591 0.014285714285714285 0.017890772128060263
0 0.49947089947089945 0.4774011299435028 0.014814814814814815 0.022598870056497175
0 0.46746031746031746 0.4783427495291902 0.0164021164021164 0.02824858757062147
1 0.10052910052910052 0.4844632768361582 0.01904761904761905 0.02919020715630885
1 0.141005291005291 0.4872881355932203 0.0164021164021164 0.02919020715630885
1 0.17407407407407408 0.4915254237288136 0.015873015873015872 0.026365348399246705
1 0.059788359788359786 0.4957627118644068 0.015873015873015872 0.025423728813559324
1 0.7373015873015873 0.4957627118644068 0.0164021164021164 0.02919020715630885
1 0.2066137566137566 0.4976459510357815 0.015343915343915344 0.025423728813559324
1 0.2751322751322751 0.5037664783427496 0.015873015873015872 0.026365348399246705
1 0.7275132275132276 0.507532956685499 0.014814814814814815 0.026365348399246705
1 0.3455026455026455 0.5141242937853108 0.013756613756613757 0.022598870056497175
1 0.7129629629629629 0.5160075329566854 0.013227513227513227 0.022598870056497175
1 0.41878306878306876 0.5216572504708098 0.0164021164021164 0.026365348399246705
1 0.6904761904761905 0.5240112994350282 0.015873015873015872 0.025423728813559324
1 0.6584656084656084 0.5268361581920904 0.0164021164021164 0.025423728813559324
1 0.49232804232804234 0.5315442561205274 0.01746031746031746 0.02919020715630885
1 0.5383597883597884 0.5338983050847458 0.020634920634920634 0.03389830508474576
1 0.5761904761904761 0.5353107344632768 0.016931216931216932 0.031073446327683617
1 0.6193121693121693 0.5353107344632768 0.0164021164021164 0.031073446327683617