0 0.5292553191489362 0.05387523629489603 0.00851063829787234 0.024574669187145556
0 0.5247340425531914 0.14083175803402648 0.010106382978723405 0.022684310018903593
0 0.5215425531914893 0.23676748582230625 0.010106382978723405 0.023629489603024575
1 0.5180851063829788 0.8539697542533081 0.013829787234042552 0.01984877126654064
0 0.5156914893617022 0.33742911153119093 0.01223404255319149 0.024574669187145556
1 0.5151595744680851 0.8771266540642723 0.013297872340425532 0.026465028355387523
0 0.5143617021276595 0.5954631379962193 0.011702127659574468 0.024574669187145556
1 0.5122340425531915 0.9002835538752363 0.010638297872340425 0.01984877126654064
0 0.511436170212766 0.5619092627599244 0.010106382978723405 0.02551984877126654
0 0.5111702127659574 0.503780718336484 0.01276595744680851 0.026465028355387523
0 0.5106382978723404 0.44659735349716445 0.015957446808510637 0.02930056710775047
1 0.5007978723404255 0.9286389413988658 0.01648936170212766 0.02930056710775047
1 0.49627659574468086 0.10302457466918714 0.014893617021276596 0.02835538752362949
1 0.49414893617021277 0.9111531190926276 0.014893617021276596 0.026465028355387523
1 0.49042553191489363 0.22873345935727787 0.01276595744680851 0.024574669187145556
1 0.48936170212765956 0.8851606805293005 0.01276595744680851 0.023629489603024575
1 0.48617021276595745 0.359640831758034 0.014893617021276596 0.02930056710775047
1 0.4848404255319149 0.8449905482041588 0.014361702127659574 0.02835538752362949
1 0.4832446808510638 0.7878071833648393 0.014361702127659574 0.02930056710775047
1 0.48058510638297874 0.4910207939508507 0.01648936170212766 0.031190926275992438
1 0.47925531914893615 0.5732514177693762 0.019148936170212766 0.036862003780718335
1 0.47845744680851066 0.6408317580340265 0.017553191489361703 0.030245746691871456
1 0.47845744680851066 0.7178638941398866 0.017553191489361703 0.02930056710775047