0 0.07630208333333334 0.4023148148148148 0.013020833333333334 0.01574074074074074
0 0.08619791666666667 0.4125 0.0140625 0.01574074074074074
0 0.53203125 0.4152777777777778 0.009895833333333333 0.010185185185185186
0 0.50703125 0.4166666666666667 0.009895833333333333 0.011111111111111112
0 0.5541666666666667 0.4185185185185185 0.0125 0.011111111111111112
0 0.09869791666666666 0.41898148148148145 0.011979166666666667 0.013888888888888888
0 0.46484375 0.4203703703703704 0.011979166666666667 0.012962962962962963
0 0.57265625 0.42407407407407405 0.011979166666666667 0.012962962962962963
0 0.4197916666666667 0.4273148148148148 0.014583333333333334 0.013888888888888888
0 0.5916666666666667 0.4287037037037037 0.011458333333333333 0.012962962962962963
0 0.3703125 0.43148148148148147 0.013541666666666667 0.014814814814814815
0 0.12083333333333333 0.43425925925925923 0.014583333333333334 0.012962962962962963
0 0.3171875 0.43796296296296294 0.013541666666666667 0.014814814814814815
0 0.6286458333333333 0.4388888888888889 0.013541666666666667 0.014814814814814815
0 0.13359375 0.44027777777777777 0.013020833333333334 0.017592592592592594
0 0.2890625 0.4412037037037037 0.0125 0.013888888888888888
0 0.2557291666666667 0.44305555555555554 0.014583333333333334 0.013888888888888888
0 0.15546875 0.44351851851851853 0.015104166666666667 0.016666666666666666
0 0.18802083333333333 0.44351851851851853 0.015625 0.014814814814814815
0 0.22239583333333332 0.44583333333333336 0.014583333333333334 0.010185185185185186
0 0.6744791666666666 0.44907407407407407 0.014583333333333334 0.014814814814814815
0 0.7299479166666667 0.45925925925925926 0.016145833333333335 0.020370370370370372
1 0.5041666666666667 0.4652777777777778 0.013541666666666667 0.019444444444444445
1 0.5377604166666666 0.4675925925925926 0.016145833333333335 0.018518518518518517
1 0.47291666666666665 0.4699074074074074 0.015625 0.017592592592592594
0 0.7893229166666667 0.4708333333333333 0.015104166666666667 0.017592592592592594
1 0.40729166666666666 0.4726851851851852 0.019791666666666666 0.017592592592592594
1 0.56484375 0.4736111111111111 0.0140625 0.021296296296296296
1 0.33671875 0.47638888888888886 0.018229166666666668 0.01574074074074074
1 0.5940104166666667 0.48055555555555557 0.016145833333333335 0.018518518518518517
1 0.01328125 0.48055555555555557 0.019270833333333334 0.024074074074074074
1 0.2596354166666667 0.48148148148148145 0.021354166666666667 0.020370370370370372
1 0.17942708333333332 0.48194444444444445 0.0203125 0.017592592592592594
0 0.85859375 0.4824074074074074 0.0171875 0.022222222222222223
1 0.09244791666666667 0.48518518518518516 0.0203125 0.022222222222222223
1 0.13359375 0.48518518518518516 0.0203125 0.024074074074074074
1 0.05182291666666667 0.48657407407407405 0.0203125 0.021296296296296296
0 0.959375 0.48703703703703705 0.016666666666666666 0.020370370370370372
0 0.896875 0.48842592592592593 0.017708333333333333 0.019444444444444445
1 0.6567708333333333 0.49166666666666664 0.017708333333333333 0.020370370370370372
0 0.93515625 0.49398148148148147 0.016145833333333335 0.023148148148148147
1 0.7265625 0.5106481481481482 0.019791666666666666 0.017592592592592594
1 0.8052083333333333 0.5273148148148148 0.016666666666666666 0.025
1 0.8875 0.5430555555555555 0.026041666666666668 0.026851851851851852
1 0.9458333333333333 0.5509259259259259 0.025 0.024074074074074074
1 0.9916666666666667 0.5583333333333333 0.016666666666666666 0.027777777777777776