0 0.46824942791762014 0.4719959266802444 0.006292906178489702 0.019348268839103868
0 0.4691075514874142 0.5208757637474541 0.006864988558352402 0.019348268839103868
0 0.4702517162471396 0.4287169042769857 0.006864988558352402 0.024439918533604887
0 0.47139588100686497 0.6033604887983707 0.008009153318077803 0.023421588594704685
0 0.47368421052631576 0.3925661914460285 0.008009153318077803 0.023421588594704685
0 0.47568649885583525 0.6914460285132383 0.008581235697940504 0.028513238289205704
0 0.4765446224256293 0.35539714867617106 0.008009153318077803 0.02240325865580448
0 0.4782608695652174 0.7881873727087576 0.009153318077803204 0.026476578411405296
0 0.48226544622425627 0.8920570264765784 0.009153318077803204 0.026476578411405296
0 0.482837528604119 0.2830957230142566 0.009153318077803204 0.026476578411405296
0 0.48426773455377575 0.9470468431771895 0.008581235697940504 0.024439918533604887
0 0.4891304347826087 0.1934826883910387 0.009153318077803204 0.028513238289205704
0 0.4954233409610984 0.08503054989816701 0.012585812356979404 0.031568228105906315
1 0.49914187643020597 0.5264765784114053 0.012013729977116704 0.026476578411405296
1 0.5005720823798627 0.4607942973523422 0.011441647597254004 0.031568228105906315
1 0.5020022883295194 0.5875763747454175 0.010869565217391304 0.03054989816700611
1 0.5037185354691075 0.7158859470468432 0.010869565217391304 0.038696537678207736
1 0.5042906178489702 0.4078411405295316 0.013157894736842105 0.0274949083503055
1 0.5060068649885584 0.8538696537678208 0.009725400457665904 0.035641547861507125
1 0.5085812356979404 0.35081466395112015 0.011441647597254004 0.031568228105906315
1 0.5091533180778032 0.9918533604887984 0.012585812356979404 0.016293279022403257
1 0.5154462242562929 0.22810590631364563 0.012585812356979404 0.034623217922606926
1 0.5271739130434783 0.09164969450101833 0.010869565217391304 0.038696537678207736