0 0.5305084745762711 0.04124748490945674 0.012429378531073447 0.02414486921529175
0 0.5299435028248588 0.8385311871227364 0.013559322033898305 0.029175050301810865
0 0.5262711864406779 0.7067404426559356 0.01638418079096045 0.03722334004024145
0 0.5262711864406779 0.7907444668008048 0.0096045197740113 0.02414486921529175
0 0.5234463276836158 0.06388329979879276 0.015254237288135594 0.02112676056338028
0 0.5220338983050847 0.8838028169014085 0.012429378531073447 0.02112676056338028
0 0.5206214689265537 0.9220321931589537 0.015254237288135594 0.02112676056338028
0 0.5192090395480226 0.9617706237424547 0.01807909604519774 0.026156941649899398
0 0.5189265536723164 0.6126760563380281 0.015254237288135594 0.026156941649899398
0 0.518361581920904 0.5216297786720322 0.01638418079096045 0.03118712273641851
0 0.5155367231638418 0.1011066398390342 0.010734463276836158 0.03118712273641851
0 0.5135593220338983 0.19416498993963782 0.01807909604519774 0.026156941649899398
0 0.5132768361581921 0.13883299798792756 0.015254237288135594 0.03621730382293763
0 0.5132768361581921 0.4225352112676056 0.015254237288135594 0.028169014084507043
0 0.5121468926553673 0.37072434607645877 0.015254237288135594 0.03118712273641851
0 0.5115819209039548 0.3118712273641851 0.01638418079096045 0.028169014084507043
0 0.5107344632768361 0.25251509054325955 0.012429378531073447 0.026156941649899398
1 0.49519774011299433 0.7831991951710262 0.020903954802259886 0.029175050301810865
1 0.4937853107344633 0.5930583501006036 0.01807909604519774 0.03118712273641851
1 0.4937853107344633 0.8490945674044266 0.01807909604519774 0.026156941649899398
1 0.49322033898305084 0.7178068410462777 0.0192090395480226 0.029175050301810865
1 0.4906779661016949 0.1056338028169014 0.015254237288135594 0.03822937625754527
1 0.4903954802259887 0.03319919517102616 0.0192090395480226 0.03621730382293763
1 0.48926553672316386 0.1790744466800805 0.01807909604519774 0.04627766599597585
1 0.48926553672316386 0.4582494969818913 0.01807909604519774 0.029175050301810865
1 0.4878531073446328 0.9084507042253521 0.015254237288135594 0.03420523138832998
1 0.48757062146892655 0.31891348088531185 0.0192090395480226 0.028169014084507043
1 0.48333333333333334 0.9673038229376257 0.022033898305084745 0.03118712273641851