0 0.5408602150537635 0.06022944550669216 0.011827956989247311 0.022944550669216062
0 0.5403225806451613 0.8178776290630975 0.012903225806451613 0.027724665391969407
0 0.5368279569892473 0.6926386233269598 0.015591397849462365 0.03537284894837476
0 0.5368279569892473 0.7724665391969407 0.00913978494623656 0.022944550669216062
0 0.5341397849462366 0.08173996175908221 0.014516129032258065 0.020076481835564052
0 0.5327956989247312 0.8608986615678776 0.011827956989247311 0.020076481835564052
0 0.5314516129032258 0.8972275334608031 0.014516129032258065 0.020076481835564052
0 0.5301075268817205 0.9349904397705545 0.017204301075268817 0.0248565965583174
0 0.5298387096774193 0.6032504780114722 0.014516129032258065 0.0248565965583174
0 0.5293010752688172 0.5167304015296367 0.015591397849462365 0.029636711281070746
0 0.5266129032258065 0.11711281070745698 0.01021505376344086 0.029636711281070746
0 0.524731182795699 0.2055449330783939 0.017204301075268817 0.0248565965583174
0 0.5244623655913978 0.15296367112810708 0.014516129032258065 0.03441682600382409
0 0.5244623655913978 0.4225621414913958 0.014516129032258065 0.02676864244741874
0 0.5233870967741936 0.37332695984703634 0.014516129032258065 0.029636711281070746
0 0.5228494623655914 0.3173996175908222 0.015591397849462365 0.02676864244741874
0 0.5220430107526882 0.2609942638623327 0.011827956989247311 0.0248565965583174
0 0.521505376344086 0.9961759082217974 0.01827956989247312 0.0076481835564053535
1 0.507258064516129 0.7652963671128107 0.01989247311827957 0.027724665391969407
1 0.5059139784946236 0.5846080305927343 0.017204301075268817 0.029636711281070746
1 0.5059139784946236 0.8279158699808795 0.017204301075268817 0.0248565965583174
1 0.5053763440860215 0.7031548757170172 0.01827956989247312 0.027724665391969407
1 0.5029569892473118 0.121414913957935 0.014516129032258065 0.036328871892925434
1 0.5026881720430108 0.052581261950286805 0.01827956989247312 0.03441682600382409
1 0.5016129032258064 0.19120458891013384 0.017204301075268817 0.04397705544933078
1 0.5016129032258064 0.45650095602294455 0.017204301075268817 0.027724665391969407
1 0.500268817204301 0.884321223709369 0.014516129032258065 0.032504780114722756
1 0.5 0.3240917782026769 0.01827956989247312 0.02676864244741874
1 0.4959677419354839 0.9402485659655831 0.020967741935483872 0.029636711281070746