0 0.5412568306010929 0.7543689320388349 0.015846994535519125 0.02330097087378641
0 0.5412568306010929 0.8825242718446602 0.015846994535519125 0.02330097087378641
0 0.5390710382513662 0.8344660194174758 0.014754098360655738 0.02815533980582524
0 0.5387978142076503 0.9262135922330097 0.013114754098360656 0.02330097087378641
0 0.5352459016393443 0.9650485436893204 0.011475409836065573 0.02330097087378641
0 0.5349726775956284 0.670388349514563 0.012021857923497269 0.030097087378640777
0 0.5330601092896174 0.5766990291262136 0.015846994535519125 0.03300970873786408
0 0.5322404371584699 0.17135922330097086 0.017486338797814208 0.037864077669902914
0 0.5308743169398907 0.9946601941747573 0.014754098360655738 0.010679611650485437
0 0.5306010928961749 0.4796116504854369 0.01639344262295082 0.03300970873786408
0 0.5297814207650273 0.20728155339805826 0.014754098360655738 0.02621359223300971
0 0.5292349726775957 0.4330097087378641 0.015846994535519125 0.021359223300970873
0 0.5281420765027323 0.26359223300970874 0.020218579234972677 0.02815533980582524
0 0.5281420765027323 0.31601941747572815 0.014754098360655738 0.02621359223300971
0 0.5270491803278688 0.37524271844660195 0.014754098360655738 0.02815533980582524
1 0.5092896174863388 0.8266990291262136 0.017486338797814208 0.02815533980582524
1 0.5087431693989071 0.6446601941747573 0.018579234972677595 0.03300970873786408
1 0.5079234972677595 0.7660194174757281 0.020218579234972677 0.03300970873786408
1 0.5079234972677595 0.8907766990291263 0.014754098360655738 0.030097087378640777
1 0.5079234972677595 0.10388349514563107 0.020218579234972677 0.03300970873786408
1 0.5073770491803279 0.03349514563106796 0.021311475409836064 0.037864077669902914
1 0.5065573770491804 0.38155339805825245 0.017486338797814208 0.040776699029126215
1 0.5062841530054645 0.5150485436893204 0.020218579234972677 0.035922330097087375
1 0.5057377049180328 0.17281553398058253 0.015846994535519125 0.031067961165048542
1 0.5057377049180328 0.24563106796116504 0.015846994535519125 0.040776699029126215
1 0.5021857923497268 0.9558252427184466 0.017486338797814208 0.02815533980582524
1 0.5005464480874317 0.996116504854369 0.018579234972677595 0.007766990291262136