0 0.6286486486486487 0.42259615384615384 0.012972972972972972 0.027884615384615386
0 0.7 0.42259615384615384 0.012972972972972972 0.027884615384615386
0 0.6732432432432433 0.4264423076923077 0.015675675675675675 0.025961538461538463
0 0.7243243243243244 0.4269230769230769 0.012972972972972972 0.023076923076923078
0 0.745945945945946 0.43317307692307694 0.012972972972972972 0.020192307692307693
0 0.5818918918918919 0.43365384615384617 0.016756756756756756 0.021153846153846155
0 0.5297297297297298 0.43701923076923077 0.018378378378378378 0.027884615384615386
0 0.30405405405405406 0.43846153846153846 0.02108108108108108 0.03076923076923077
0 0.7664864864864865 0.4408653846153846 0.014054054054054054 0.025961538461538463
0 0.4756756756756757 0.44134615384615383 0.018378378378378378 0.028846153846153848
0 0.3240540540540541 0.4427884615384615 0.014594594594594595 0.025961538461538463
0 0.44972972972972974 0.44375 0.011891891891891892 0.027884615384615386
0 0.3554054054054054 0.44567307692307695 0.015675675675675675 0.035576923076923075
0 0.3845945945945946 0.44567307692307695 0.014594594594594595 0.025961538461538463
0 0.4175675675675676 0.44759615384615387 0.015675675675675675 0.025961538461538463
1 0.11864864864864864 0.45048076923076924 0.014594594594594595 0.025961538461538463
0 0.8094594594594594 0.4514423076923077 0.016756756756756756 0.027884615384615386
1 0.13243243243243244 0.4596153846153846 0.014054054054054054 0.03076923076923077
0 0.8629729729729729 0.46490384615384617 0.026486486486486487 0.025961538461538463
1 0.14972972972972973 0.46826923076923077 0.015135135135135135 0.032692307692307694
1 0.17270270270270272 0.46923076923076923 0.023243243243243242 0.03076923076923077
0 0.9221621621621622 0.4754807692307692 0.01945945945945946 0.027884615384615386
1 0.19702702702702704 0.4774038461538462 0.023243243243243242 0.0375
1 0.668918918918919 0.47884615384615387 0.015675675675675675 0.03076923076923077
1 0.5675675675675675 0.4798076923076923 0.018378378378378378 0.032692307692307694
1 0.6351351351351351 0.48125 0.018378378378378378 0.035576923076923075
1 0.7045945945945946 0.48125 0.016756756756756756 0.025961538461538463
1 0.2664864864864865 0.48125 0.018378378378378378 0.035576923076923075
1 0.2272972972972973 0.48221153846153847 0.02108108108108108 0.0375
1 0.42108108108108105 0.48365384615384616 0.022702702702702703 0.03076923076923077
1 0.4954054054054054 0.4841346153846154 0.02 0.035576923076923075
1 0.30486486486486486 0.48509615384615384 0.017297297297297298 0.027884615384615386
1 0.34540540540540543 0.48509615384615384 0.022702702702702703 0.027884615384615386
1 0.7408108108108108 0.4913461538461538 0.015675675675675675 0.03076923076923077
0 0.994054054054054 0.49375 0.011891891891891892 0.035576923076923075
1 0.7702702702702703 0.49423076923076925 0.018378378378378378 0.032692307692307694
1 0.8413513513513513 0.51875 0.016756756756756756 0.0375
1 0.9221621621621622 0.5403846153846154 0.01945945945945946 0.04230769230769231