0 0.5444148936170212 0.8308128544423441 0.015425531914893617 0.022684310018903593
0 0.5428191489361702 0.7533081285444234 0.010106382978723405 0.022684310018903593
0 0.5420212765957447 0.8813799621928167 0.011702127659574468 0.02930056710775047
0 0.5396276595744681 0.9262759924385633 0.014361702127659574 0.015122873345935728
0 0.5382978723404256 0.6677693761814745 0.011702127659574468 0.027410207939508508
0 0.5361702127659574 0.5793950850661626 0.01276595744680851 0.024574669187145556
0 0.5361702127659574 0.9617202268431002 0.01276595744680851 0.01984877126654064
0 0.5361702127659574 0.18714555765595464 0.01276595744680851 0.020793950850661626
0 0.5340425531914894 0.22258979206049148 0.01702127659574468 0.02551984877126654
0 0.5324468085106383 0.996219281663516 0.01276595744680851 0.007561436672967864
0 0.5324468085106383 0.2726843100189036 0.01276595744680851 0.01606805293005671
0 0.5324468085106383 0.3818525519848771 0.01276595744680851 0.022684310018903593
0 0.5324468085106383 0.4848771266540643 0.01276595744680851 0.020793950850661626
0 0.5316489361702128 0.32655954631379963 0.014361702127659574 0.02551984877126654
0 0.5313829787234042 0.43809073724007563 0.011702127659574468 0.02551984877126654
1 0.5151595744680851 0.005671077504725898 0.02074468085106383 0.011342155009451797
1 0.513031914893617 0.8260869565217391 0.019680851063829788 0.03213610586011342
1 0.5127659574468085 0.06190926275992439 0.01702127659574468 0.031190926275992438
1 0.5117021276595745 0.1895085066162571 0.01702127659574468 0.031190926275992438
1 0.5117021276595745 0.2618147448015123 0.022340425531914895 0.034026465028355386
1 0.511436170212766 0.8936672967863895 0.014361702127659574 0.038752362948960305
1 0.5111702127659574 0.7646502835538752 0.015957446808510637 0.035916824196597356
1 0.510904255319149 0.12334593572778828 0.015425531914893617 0.031190926275992438
1 0.5090425531914894 0.6450850661625709 0.01702127659574468 0.036862003780718335
1 0.5090425531914894 0.5165406427221172 0.01702127659574468 0.038752362948960305
1 0.5082446808510638 0.388468809073724 0.015425531914893617 0.026465028355387523
1 0.5071808510638298 0.9484877126654064 0.018617021276595744 0.036862003780718335
1 0.5007978723404255 0.9938563327032136 0.019680851063829788 0.012287334593572778