0 0.5489071038251366 0.8941747572815534 0.015846994535519125 0.02330097087378641
0 0.5472677595628416 0.8145631067961165 0.010382513661202186 0.02330097087378641
0 0.546448087431694 0.9461165048543689 0.012021857923497269 0.030097087378640777
0 0.5439890710382513 0.9922330097087378 0.014754098360655738 0.015533980582524271
0 0.5426229508196722 0.7266990291262136 0.012021857923497269 0.02815533980582524
0 0.5404371584699453 0.6359223300970874 0.013114754098360656 0.02524271844660194
0 0.5404371584699453 0.23300970873786409 0.013114754098360656 0.021359223300970873
0 0.5382513661202186 0.26941747572815533 0.017486338797814208 0.02621359223300971
0 0.5366120218579234 0.320873786407767 0.013114754098360656 0.01650485436893204
0 0.5366120218579234 0.4330097087378641 0.013114754098360656 0.02330097087378641
0 0.5366120218579234 0.5388349514563107 0.013114754098360656 0.021359223300970873
0 0.5357923497267759 0.3762135922330097 0.014754098360655738 0.02621359223300971
0 0.5355191256830601 0.49077669902912624 0.012021857923497269 0.02621359223300971
1 0.5229508196721312 0.010679611650485437 0.024043715846994537 0.021359223300970873
1 0.5188524590163934 0.0412621359223301 0.021311475409836064 0.02233009708737864
1 0.5166666666666667 0.8893203883495145 0.020218579234972677 0.03300970873786408
1 0.5163934426229508 0.10436893203883495 0.017486338797814208 0.03203883495145631
1 0.5153005464480874 0.2354368932038835 0.017486338797814208 0.03203883495145631
1 0.5153005464480874 0.30970873786407765 0.022950819672131147 0.03495145631067961
1 0.5150273224043715 0.9587378640776699 0.014754098360655738 0.039805825242718446
1 0.5147540983606558 0.8262135922330097 0.01639344262295082 0.036893203883495145
1 0.5144808743169399 0.16747572815533981 0.015846994535519125 0.03203883495145631
1 0.512568306010929 0.7033980582524272 0.017486338797814208 0.037864077669902914
1 0.512568306010929 0.5713592233009709 0.017486338797814208 0.039805825242718446
1 0.5117486338797814 0.43980582524271844 0.015846994535519125 0.027184466019417475