0 0.5607344632768362 0.9592555331991952 0.01638418079096045 0.03118712273641851
0 0.5598870056497175 0.8712273641851107 0.015819209039548022 0.028169014084507043
0 0.5587570621468927 0.2681086519114688 0.00903954802259887 0.02112676056338028
0 0.5567796610169492 0.778169014084507 0.012994350282485875 0.025150905432595575
0 0.5545197740112995 0.30533199195171024 0.010734463276836158 0.025150905432595575
0 0.5542372881355933 0.6851106639839034 0.013559322033898305 0.02012072434607646
0 0.5516949152542373 0.533702213279678 0.014124293785310734 0.019114688128772636
0 0.5516949152542373 0.5865191146881288 0.014124293785310734 0.022132796780684104
0 0.55 0.35865191146881287 0.012994350282485875 0.02112676056338028
0 0.55 0.47484909456740443 0.012994350282485875 0.026156941649899398
0 0.5497175141242938 0.41750503018108653 0.013559322033898305 0.022132796780684104
1 0.5432203389830509 0.0030181086519114686 0.014124293785310734 0.006036217303822937
1 0.5415254237288135 0.03118712273641851 0.015254237288135594 0.030181086519114688
1 0.535593220338983 0.07344064386317907 0.015819209039548022 0.03219315895372234
1 0.5330508474576271 0.3460764587525151 0.0096045197740113 0.028169014084507043
1 0.5316384180790961 0.20020120724346077 0.01694915254237288 0.030181086519114688
1 0.5307909604519774 0.13732394366197184 0.020903954802259886 0.03722334004024145
1 0.5307909604519774 0.2721327967806841 0.01638418079096045 0.025150905432595575
1 0.5299435028248588 0.4844064386317907 0.013559322033898305 0.029175050301810865
1 0.5285310734463277 0.6217303822937625 0.014124293785310734 0.030181086519114688
1 0.5285310734463277 0.9527162977867203 0.01638418079096045 0.030181086519114688
1 0.5276836158192091 0.886317907444668 0.013559322033898305 0.026156941649899398
1 0.5257062146892655 0.7565392354124748 0.012994350282485875 0.028169014084507043