0 0.46256830601092896 0.10922330097087378 0.015846994535519125 0.030097087378640777
0 0.46256830601092896 0.05631067961165048 0.01366120218579235 0.02524271844660194
0 0.4633879781420765 0.1941747572815534 0.015300546448087432 0.027184466019417475
0 0.4644808743169399 0.7762135922330097 0.008743169398907104 0.020388349514563107
0 0.4663934426229508 0.28398058252427183 0.012568306010928962 0.024271844660194174
0 0.4680327868852459 0.014563106796116505 0.01366120218579235 0.02524271844660194
0 0.4685792349726776 0.7402912621359223 0.010382513661202186 0.024271844660194174
0 0.46885245901639344 0.3737864077669903 0.013114754098360656 0.019417475728155338
0 0.4713114754098361 0.5199029126213592 0.01366120218579235 0.018446601941747572
0 0.4713114754098361 0.46893203883495144 0.01366120218579235 0.021359223300970873
0 0.47295081967213115 0.6888349514563107 0.012568306010928962 0.020388349514563107
0 0.47295081967213115 0.5766990291262136 0.012568306010928962 0.02524271844660194
0 0.473224043715847 0.6320388349514563 0.013114754098360656 0.021359223300970873
1 0.48114754098360657 0.9951456310679612 0.014754098360655738 0.009708737864077669
1 0.48688524590163934 0.9640776699029127 0.015300546448087432 0.031067961165048542
1 0.489344262295082 0.7009708737864078 0.009289617486338797 0.027184466019417475
1 0.4907103825136612 0.841747572815534 0.01639344262295082 0.02912621359223301
1 0.49153005464480876 0.9024271844660194 0.020218579234972677 0.035922330097087375
1 0.49153005464480876 0.7723300970873787 0.015846994535519125 0.024271844660194174
1 0.4923497267759563 0.5674757281553398 0.013114754098360656 0.02815533980582524
1 0.4937158469945355 0.4349514563106796 0.01366120218579235 0.02912621359223301
1 0.4937158469945355 0.11553398058252427 0.015846994535519125 0.02912621359223301
1 0.49453551912568305 0.1796116504854369 0.013114754098360656 0.02524271844660194
1 0.4953551912568306 0.05 0.014754098360655738 0.030097087378640777
1 0.496448087431694 0.3048543689320388 0.012568306010928962 0.027184466019417475
1 0.5030054644808744 0.005339805825242718 0.018032786885245903 0.010679611650485437