0 0.7106770833333333 0.43657407407407406 0.016145833333333335 0.026851851851851852
0 0.7390625 0.43657407407407406 0.013541666666666667 0.023148148148148147
0 0.6651041666666667 0.43796296296296294 0.014583333333333334 0.025925925925925925
0 0.3528645833333333 0.4398148148148148 0.0109375 0.014814814814814815
0 0.6169270833333333 0.44305555555555554 0.013020833333333334 0.021296296296296296
0 0.7614583333333333 0.44583333333333336 0.013541666666666667 0.023148148148148147
0 0.37213541666666666 0.44675925925925924 0.013020833333333334 0.017592592592592594
0 0.56875 0.44722222222222224 0.010416666666666666 0.022222222222222223
0 0.7838541666666666 0.44814814814814813 0.0125 0.020370370370370372
0 0.4903645833333333 0.4513888888888889 0.009895833333333333 0.023148148148148147
0 0.5177083333333333 0.4513888888888889 0.011458333333333333 0.023148148148148147
0 0.8020833333333334 0.45231481481481484 0.013541666666666667 0.021296296296296296
0 0.3997395833333333 0.45416666666666666 0.0109375 0.021296296296296296
0 0.45989583333333334 0.45416666666666666 0.013541666666666667 0.021296296296296296
0 0.43020833333333336 0.4546296296296296 0.011458333333333333 0.022222222222222223
1 0.19296875 0.4601851851851852 0.016145833333333335 0.025925925925925925
0 0.8447916666666667 0.4652777777777778 0.014583333333333334 0.023148148148148147
1 0.21119791666666668 0.4652777777777778 0.011979166666666667 0.023148148148148147
1 0.23020833333333332 0.46805555555555556 0.015625 0.025
1 0.2520833333333333 0.4777777777777778 0.016666666666666666 0.025925925925925925
0 0.8950520833333333 0.4810185185185185 0.015104166666666667 0.025
1 0.3932291666666667 0.48194444444444445 0.014583333333333334 0.01574074074074074
1 0.3177083333333333 0.4842592592592593 0.015625 0.027777777777777776
1 0.28515625 0.48564814814814816 0.019270833333333334 0.03425925925925926
1 0.35494791666666664 0.48564814814814816 0.013020833333333334 0.026851851851851852
1 0.46484375 0.48703703703703705 0.015104166666666667 0.022222222222222223
1 0.5359375 0.48935185185185187 0.015625 0.023148148148148147
1 0.7072916666666667 0.48935185185185187 0.015625 0.026851851851851852
1 0.6729166666666667 0.49074074074074076 0.013541666666666667 0.022222222222222223
1 0.7424479166666667 0.49212962962962964 0.016145833333333335 0.025
0 0.9606770833333333 0.4925925925925926 0.018229166666666668 0.03333333333333333
1 0.6057291666666667 0.49398148148148147 0.014583333333333334 0.021296296296296296
1 0.77265625 0.5050925925925925 0.018229166666666668 0.030555555555555555
1 0.8065104166666667 0.5074074074074074 0.013020833333333334 0.024074074074074074
1 0.8776041666666666 0.5273148148148148 0.016666666666666666 0.030555555555555555
1 0.96015625 0.5546296296296296 0.019270833333333334 0.03518518518518519