0 0.46630434782608693 0.0488394584139265 0.014130434782608696 0.024177949709864602
0 0.4692934782608696 0.13297872340425532 0.01358695652173913 0.022243713733075435
0 0.4692934782608696 0.006286266924564797 0.0125 0.012572533849129593
0 0.47146739130434784 0.7117988394584139 0.010326086956521738 0.02127659574468085
0 0.4722826086956522 0.2253384912959381 0.014130434782608696 0.030947775628626693
0 0.4741847826086957 0.6764990328820116 0.010326086956521738 0.01644100580270793
0 0.475 0.4090909090909091 0.009782608695652175 0.025145067698259187
0 0.47554347826086957 0.31431334622823986 0.013043478260869565 0.027079303675048357
0 0.47554347826086957 0.4564796905222437 0.013043478260869565 0.027079303675048357
0 0.47581521739130433 0.6262088974854932 0.01141304347826087 0.024177949709864602
0 0.4763586956521739 0.5701160541586073 0.008152173913043478 0.024177949709864602
0 0.4763586956521739 0.5154738878143134 0.010326086956521738 0.025145067698259187
1 0.4872282608695652 0.9729206963249516 0.01684782608695652 0.030947775628626693
1 0.4885869565217391 0.938588007736944 0.017391304347826087 0.024177949709864602
1 0.4904891304347826 0.8965183752417795 0.01358695652173913 0.02321083172147002
1 0.49375 0.839458413926499 0.014673913043478261 0.030947775628626693
1 0.49592391304347827 0.7113152804642167 0.01358695652173913 0.02804642166344294
1 0.4964673913043478 0.7756286266924565 0.014673913043478261 0.029013539651837523
1 0.4970108695652174 0.24758220502901354 0.01358695652173913 0.025145067698259187
1 0.49728260869565216 0.6397485493230174 0.014130434782608696 0.02804642166344294
1 0.49782608695652175 0.0551257253384913 0.013043478260869565 0.027079303675048357
1 0.4980978260869565 0.37524177949709864 0.01141304347826087 0.03481624758220503
1 0.4989130434782609 0.5043520309477756 0.009782608695652175 0.029980657640232108
1 0.49918478260869564 0.12040618955512572 0.008152173913043478 0.029980657640232108