1 0.4682377049180328 0.5145719489981785 0.02817622950819672 0.07650273224043716
1 0.4800204918032787 0.8406193078324226 0.02920081967213115 0.07741347905282331
1 0.36065573770491804 0.012750455373406194 0.006147540983606557 0.01366120218579235
0 0.3760245901639344 0.1493624772313297 0.00973360655737705 0.01639344262295082
0 0.3801229508196721 0.07923497267759563 0.010758196721311475 0.023679417122040074
0 0.38089139344262296 0.006375227686703097 0.00973360655737705 0.012750455373406194
0 0.4098360655737705 0.10382513661202186 0.020491803278688523 0.04007285974499089
0 0.41188524590163933 0.25774134790528236 0.021004098360655737 0.05191256830601093
0 0.4149590163934426 0.4371584699453552 0.019979508196721313 0.051001821493624776
0 0.41905737704918034 0.6147540983606558 0.017930327868852458 0.04918032786885246
0 0.42418032786885246 0.8187613843351548 0.017930327868852458 0.04553734061930783
1 0.4521004098360656 0.011384335154826957 0.025102459016393443 0.022768670309653915
1 0.4605532786885246 0.23132969034608378 0.02612704918032787 0.06375227686703097