1 0.5051229508196722 0.465391621129326 0.0430327868852459 0.05009107468123861
1 0.32172131147540983 0.48633879781420764 0.043545081967213115 0.05191256830601093
1 0.08043032786885246 0.5081967213114754 0.04764344262295082 0.060109289617486336
1 0.7873975409836066 0.27413479052823314 0.007684426229508197 0.01092896174863388
1 0.805327868852459 0.27413479052823314 0.007172131147540984 0.01092896174863388
1 0.9016393442622951 0.2795992714025501 0.009221311475409836 0.01366120218579235
1 0.9221311475409836 0.2795992714025501 0.007172131147540984 0.009107468123861567
1 0.9441598360655737 0.2814207650273224 0.009221311475409836 0.01092896174863388
1 0.961577868852459 0.28233151183970856 0.007684426229508197 0.01092896174863388
1 0.9815573770491803 0.28415300546448086 0.00819672131147541 0.012750455373406194
1 0.9971823770491803 0.28506375227686703 0.0056352459016393444 0.01092896174863388
1 0.9579918032786885 0.2996357012750455 0.010245901639344262 0.015482695810564663
1 0.9825819672131147 0.2996357012750455 0.0117827868852459 0.012750455373406194
1 0.9339139344262295 0.30145719489981787 0.010245901639344262 0.014571948998178506
0 0.7105532786885246 0.30145719489981787 0.009221311475409836 0.017304189435336976
1 0.920594262295082 0.30327868852459017 0.010245901639344262 0.018214936247723135
1 0.9098360655737705 0.30510018214936246 0.013831967213114754 0.018214936247723135
0 0.75 0.3087431693989071 0.01331967213114754 0.01912568306010929
1 0.9318647540983607 0.3087431693989071 0.012295081967213115 0.012750455373406194
0 0.7945696721311475 0.3105646630236794 0.01485655737704918 0.017304189435336976
1 0.9733606557377049 0.31602914389799636 0.01331967213114754 0.017304189435336976
0 0.8427254098360656 0.319672131147541 0.01639344262295082 0.01912568306010929
0 0.8652663934426229 0.32604735883424407 0.015881147540983607 0.020947176684881604
0 0.8944672131147541 0.3342440801457195 0.013831967213114754 0.023679417122040074
0 0.9180327868852459 0.33697632058287796 0.01485655737704918 0.02459016393442623
0 0.951844262295082 0.3469945355191257 0.02971311475409836 0.03460837887067395
0 0.9195696721311475 0.3542805100182149 0.0194672131147541 0.033697632058287796
0 0.8867827868852459 0.3570127504553734 0.025102459016393443 0.033697632058287796
0 0.8145491803278688 0.35792349726775957 0.024077868852459015 0.03551912568306011
0 0.7361680327868853 0.36156648451730417 0.022540983606557378 0.03642987249544627
0 0.6495901639344263 0.3652094717668488 0.02920081967213115 0.037340619307832425
0 0.5486680327868853 0.37067395264116576 0.028688524590163935 0.03551912568306011
0 0.4487704918032787 0.377959927140255 0.027663934426229508 0.031876138433515486
0 0.33401639344262296 0.3870673952641166 0.025614754098360656 0.031876138433515486
0 0.17930327868852458 0.39344262295081966 0.027151639344262294 0.03642987249544627
1 0.913422131147541 0.42531876138433516 0.0389344262295082 0.04644808743169399
1 0.7996926229508197 0.4371584699453552 0.035860655737704916 0.044626593806921674
1 0.6644467213114754 0.4517304189435337 0.035860655737704916 0.04644808743169399