1 0.30437100213219614 0.5 0.041044776119402986 0.06261859582542695
0 0.8688699360341151 0.5986717267552182 0.04904051172707889 0.07400379506641366
1 0.26492537313432835 0.7798861480075902 0.06556503198294243 0.08444022770398482
1 0.42803837953091683 0.1062618595825427 0.011194029850746268 0.018026565464895637
1 0.40458422174840086 0.10815939278937381 0.011727078891257996 0.016129032258064516
1 0.3779317697228145 0.1110056925996205 0.010660980810234541 0.016129032258064516
1 0.3523454157782516 0.11480075901328274 0.012260127931769723 0.016129032258064516
1 0.32782515991471217 0.12239089184060721 0.013326226012793176 0.016129032258064516
1 0.30597014925373134 0.12903225806451613 0.011194029850746268 0.017077798861480076
1 0.2894456289978678 0.13946869070208728 0.01279317697228145 0.019924098671726755
1 0.2771855010660981 0.14990512333965844 0.013859275053304905 0.016129032258064516
1 0.2659914712153518 0.16318785578747627 0.01812366737739872 0.017077798861480076
1 0.26279317697228144 0.17552182163187854 0.01652452025586354 0.018026565464895637
1 0.26439232409381663 0.19070208728652752 0.019722814498933903 0.021821631878557873
1 0.27132196162046907 0.2077798861480076 0.02025586353944563 0.022770398481973434
1 0.28411513859275056 0.22580645161290322 0.020788912579957356 0.027514231499051234
1 0.3011727078891258 0.24573055028462998 0.023454157782515993 0.031309297912713474
1 0.31823027718550106 0.27229601518026564 0.0255863539445629 0.031309297912713474
1 0.3246268656716418 0.3083491461100569 0.03091684434968017 0.04174573055028463
1 0.32409381663113007 0.3586337760910816 0.029850746268656716 0.04743833017077799