1 0.34375 0.5409836065573771 0.03944672131147541 0.060109289617486336
0 0.8862704918032787 0.6357012750455373 0.0471311475409836 0.07103825136612021
1 0.30584016393442626 0.8096539162112932 0.0630122950819672 0.08105646630236794
1 0.46260245901639346 0.16302367941712204 0.010758196721311475 0.017304189435336976
1 0.4400614754098361 0.16484517304189436 0.011270491803278689 0.015482695810564663
1 0.4144467213114754 0.16757741347905283 0.010245901639344262 0.015482695810564663
1 0.38985655737704916 0.17122040072859745 0.0117827868852459 0.015482695810564663
1 0.3662909836065574 0.1785063752276867 0.012807377049180328 0.015482695810564663
1 0.3452868852459016 0.1848816029143898 0.010758196721311475 0.01639344262295082
1 0.32940573770491804 0.19489981785063754 0.012295081967213115 0.01912568306010929
1 0.3176229508196721 0.20491803278688525 0.01331967213114754 0.015482695810564663
1 0.30686475409836067 0.21766848816029144 0.017418032786885244 0.01639344262295082
1 0.3037909836065574 0.22950819672131148 0.015881147540983607 0.017304189435336976
1 0.305327868852459 0.24408014571949 0.018954918032786885 0.020947176684881604
1 0.3119877049180328 0.2604735883424408 0.0194672131147541 0.02185792349726776
1 0.3242827868852459 0.2777777777777778 0.019979508196721313 0.026411657559198543
1 0.3406762295081967 0.29690346083788705 0.022540983606557378 0.030054644808743168
1 0.35706967213114754 0.3224043715846995 0.02459016393442623 0.030054644808743168
1 0.3632172131147541 0.3570127504553734 0.02971311475409836 0.04007285974499089
1 0.36270491803278687 0.40528233151183973 0.028688524590163935 0.04553734061930783