1 0.5084299262381454 0.33801498127340823 0.04214963119072708 0.0898876404494382
1 0.3719704952581665 0.1441947565543071 0.06375131717597471 0.1404494382022472
1 0.6554267650158061 0.46629213483146065 0.009483667017913594 0.02247191011235955
1 0.654899894625922 0.43164794007490637 0.01053740779768177 0.02153558052434457
1 0.6538461538461539 0.4035580524344569 0.01053740779768177 0.023408239700374533
1 0.6538461538461539 0.5084269662921348 0.008956796628029505 0.020599250936329586
1 0.6522655426765016 0.38108614232209737 0.010010537407797681 0.024344569288389514
1 0.6517386722866175 0.5514981273408239 0.007376185458377239 0.020599250936329586
1 0.6496311907270811 0.599250936329588 0.007903055848261328 0.023408239700374533
1 0.649104320337197 0.36142322097378277 0.011064278187565859 0.027153558052434457
1 0.6464699683877766 0.6423220973782772 0.008956796628029505 0.02153558052434457
1 0.6448893572181243 0.352059925093633 0.011591148577449948 0.027153558052434457
1 0.6417281348788199 0.6947565543071161 0.008429926238145416 0.024344569288389514
1 0.6396206533192834 0.351123595505618 0.012644889357218124 0.0299625468164794
1 0.6343519494204426 0.7865168539325843 0.009483667017913594 0.02247191011235955
1 0.6322444678609063 0.35674157303370785 0.0136986301369863 0.03651685393258427
1 0.6243414120126449 0.37359550561797755 0.015279241306638568 0.03745318352059925
1 0.6232876712328768 0.8876404494382022 0.007376185458377239 0.023408239700374533
0 0.619072708113804 0.7443820224719101 0.011591148577449948 0.0299625468164794
0 0.6164383561643836 0.7228464419475655 0.013171759747102213 0.031835205992509365
0 0.6148577449947313 0.8033707865168539 0.012118018967334035 0.031835205992509365
1 0.6143308746048473 0.398876404494382 0.01738672286617492 0.042134831460674156
1 0.613277133825079 0.9897003745318352 0.008429926238145416 0.020599250936329586
0 0.6080084299262382 0.7584269662921348 0.0136986301369863 0.03464419475655431
0 0.6080084299262382 0.8698501872659176 0.011591148577449948 0.031835205992509365
1 0.6032665964172813 0.4232209737827715 0.020021074815595362 0.0449438202247191
0 0.6001053740779768 0.7968164794007491 0.014752370916754479 0.03745318352059925
1 0.5869336143308747 0.42790262172284643 0.02160168598524763 0.05337078651685393
0 0.5869336143308747 0.8642322097378277 0.015279241306638568 0.042134831460674156
0 0.571127502634352 0.9400749063670412 0.019494204425711276 0.04868913857677903
1 0.5690200210748156 0.4166666666666667 0.026343519494204427 0.06179775280898876