1 0.4947916666666667 0.637962962962963 0.041666666666666664 0.08888888888888889
1 0.6296875 0.8296296296296296 0.06302083333333333 0.1388888888888889
1 0.3494791666666667 0.5111111111111111 0.009375 0.022222222222222223
1 0.35 0.5453703703703704 0.010416666666666666 0.021296296296296296
1 0.35104166666666664 0.5731481481481482 0.010416666666666666 0.023148148148148147
1 0.35104166666666664 0.46944444444444444 0.008854166666666666 0.020370370370370372
1 0.35260416666666666 0.5953703703703703 0.009895833333333333 0.024074074074074074
1 0.353125 0.42685185185185187 0.007291666666666667 0.020370370370370372
1 0.35520833333333335 0.37962962962962965 0.0078125 0.023148148148148147
1 0.35572916666666665 0.6148148148148148 0.0109375 0.026851851851851852
1 0.35833333333333334 0.337037037037037 0.008854166666666666 0.021296296296296296
1 0.35989583333333336 0.6240740740740741 0.011458333333333333 0.026851851851851852
1 0.36302083333333335 0.2851851851851852 0.008333333333333333 0.024074074074074074
1 0.3651041666666667 0.625 0.0125 0.02962962962962963
1 0.3703125 0.19444444444444445 0.009375 0.022222222222222223
1 0.3723958333333333 0.6194444444444445 0.013541666666666667 0.03611111111111111
1 0.3802083333333333 0.6027777777777777 0.015104166666666667 0.037037037037037035
1 0.38125 0.09444444444444444 0.007291666666666667 0.023148148148148147
0 0.3854166666666667 0.2361111111111111 0.011458333333333333 0.02962962962962963
0 0.3880208333333333 0.2574074074074074 0.013020833333333334 0.03148148148148148
0 0.38958333333333334 0.17777777777777778 0.011979166666666667 0.03148148148148148
1 0.39010416666666664 0.5777777777777777 0.0171875 0.041666666666666664
0 0.3963541666666667 0.2222222222222222 0.013541666666666667 0.03425925925925926
0 0.3963541666666667 0.11203703703703703 0.011458333333333333 0.03148148148148148
1 0.4010416666666667 0.5537037037037037 0.019791666666666666 0.044444444444444446
0 0.4041666666666667 0.18425925925925926 0.014583333333333334 0.037037037037037035
1 0.4171875 0.549074074074074 0.021354166666666667 0.05277777777777778
0 0.4171875 0.1175925925925926 0.015104166666666667 0.041666666666666664
0 0.4328125 0.04259259259259259 0.019270833333333334 0.04814814814814815
1 0.4348958333333333 0.5601851851851852 0.026041666666666668 0.06111111111111111