0 0.9521484375 0.4861111111111111 0.04150390625 0.05295138888888889
0 0.99072265625 0.5434027777777778 0.0185546875 0.052083333333333336
1 0.3857421875 0.6736111111111112 0.0751953125 0.11197916666666667
1 0.53564453125 0.2248263888888889 0.01171875 0.013020833333333334
1 0.55419921875 0.2248263888888889 0.01220703125 0.012152777777777778
1 0.5205078125 0.2265625 0.013671875 0.014756944444444444
1 0.576171875 0.2282986111111111 0.0126953125 0.014756944444444444
1 0.50927734375 0.2309027777777778 0.01318359375 0.016493055555555556
1 0.59912109375 0.23177083333333334 0.01318359375 0.013020833333333334
1 0.49853515625 0.234375 0.0146484375 0.018229166666666668
1 0.62451171875 0.23697916666666666 0.0126953125 0.013020833333333334
1 0.49365234375 0.2404513888888889 0.01513671875 0.016493055555555556
1 0.6474609375 0.24131944444444445 0.01220703125 0.013020833333333334
1 0.494140625 0.2482638888888889 0.017578125 0.018229166666666668
1 0.67626953125 0.25 0.01220703125 0.013020833333333334
1 0.498046875 0.2604166666666667 0.0185546875 0.022569444444444444
1 0.72705078125 0.265625 0.01611328125 0.012152777777777778
1 0.50634765625 0.2734375 0.02197265625 0.024305555555555556
1 0.78466796875 0.2838541666666667 0.01416015625 0.013020833333333334
0 0.70458984375 0.2873263888888889 0.017578125 0.019097222222222224
1 0.52001953125 0.2873263888888889 0.0224609375 0.026041666666666668
0 0.69140625 0.2907986111111111 0.0185546875 0.022569444444444444
0 0.7373046875 0.296875 0.0185546875 0.021701388888888888
1 0.845703125 0.3012152777777778 0.01416015625 0.015625
0 0.71337890625 0.3046875 0.01953125 0.022569444444444444
0 0.77490234375 0.3064236111111111 0.02001953125 0.017361111111111112
1 0.5302734375 0.3081597222222222 0.025390625 0.035590277777777776
0 0.73388671875 0.3194444444444444 0.02197265625 0.027777777777777776
1 0.9072265625 0.3211805555555556 0.0146484375 0.015625
1 0.9384765625 0.3307291666666667 0.01513671875 0.015625
1 0.53271484375 0.3333333333333333 0.03076171875 0.03819444444444445
0 0.85595703125 0.3333333333333333 0.021484375 0.019965277777777776
0 0.77197265625 0.3428819444444444 0.0263671875 0.030381944444444444
0 0.93994140625 0.3602430555555556 0.02099609375 0.021701388888888888
1 0.52734375 0.3619791666666667 0.03564453125 0.044270833333333336
0 0.81396484375 0.3689236111111111 0.02880859375 0.030381944444444444
0 0.8603515625 0.4001736111111111 0.0302734375 0.03819444444444445
0 0.90673828125 0.4409722222222222 0.037109375 0.04079861111111111
1 0.486328125 0.4548611111111111 0.04150390625 0.06597222222222222