1 0.6016781836130306 0.6991228070175438 0.06367226061204344 0.13508771929824562
1 0.3464955577492596 0.4298245614035088 0.007403751233958539 0.021052631578947368
1 0.3464955577492596 0.39649122807017545 0.006910167818361303 0.021929824561403508
1 0.3474827245804541 0.4570175438596491 0.00839091806515301 0.02456140350877193
1 0.3484698914116486 0.3570175438596491 0.00839091806515301 0.02280701754385965
1 0.34995064165844025 0.47719298245614034 0.009378084896347482 0.02368421052631579
1 0.3504442250740375 0.3157894736842105 0.007403751233958539 0.02368421052631579
1 0.3519249753208292 0.4964912280701754 0.010365251727541954 0.02631578947368421
1 0.35340572556762095 0.27017543859649124 0.007403751233958539 0.02280701754385965
1 0.35538005923000987 0.5052631578947369 0.009378084896347482 0.027192982456140352
1 0.3558736426456071 0.22894736842105262 0.007403751233958539 0.021929824561403508
1 0.359822309970385 0.5043859649122807 0.010365251727541954 0.031578947368421054
1 0.3608094768015795 0.17719298245614035 0.007403751233958539 0.021929824561403508
1 0.3667324777887463 0.49736842105263157 0.012833168805528134 0.03333333333333333
1 0.3696939782823297 0.08596491228070176 0.006910167818361303 0.02894736842105263
1 0.3741362290227048 0.4824561403508772 0.013820335636722606 0.039473684210526314
0 0.3820335636722606 0.12631578947368421 0.01085883514313919 0.031578947368421054
1 0.3820335636722606 0.45789473684210524 0.014807502467917079 0.04035087719298246
0 0.3840078973346496 0.15 0.012833168805528134 0.03333333333333333
0 0.3874629812438302 0.06754385964912281 0.012339585389930898 0.03333333333333333
0 0.39190523198420535 0.11052631578947368 0.012833168805528134 0.03508771929824561
0 0.3928923988153998 0.008771929824561403 0.009871668311944718 0.017543859649122806
1 0.39387956564659427 0.4394736842105263 0.020236920039486673 0.0456140350877193
0 0.40029615004935837 0.07368421052631578 0.01579466929911155 0.039473684210526314
1 0.40819348469891414 0.43508771929824563 0.02171767028627838 0.05526315789473684
0 0.4133761105626851 0.014473684210526316 0.017275419545903257 0.02894736842105263
1 0.4244817374136229 0.44473684210526315 0.025172754195459033 0.06403508771929825
1 0.47729516288252716 0.5184210526315789 0.03751233958538993 0.07456140350877193