0 0.9545903257650543 0.4842105263157895 0.041954590325765054 0.05350877192982456
0 0.9921026653504442 0.5421052631578948 0.01579466929911155 0.05263157894736842
1 0.3820335636722606 0.6736842105263158 0.07601184600197433 0.11315789473684211
1 0.5335636722606121 0.22017543859649122 0.011846001974333662 0.013157894736842105
1 0.552319842053307 0.22017543859649122 0.012339585389930898 0.012280701754385965
1 0.5182625863770978 0.2219298245614035 0.013820335636722606 0.014912280701754385
1 0.5745310957551826 0.2236842105263158 0.012833168805528134 0.014912280701754385
1 0.5069101678183613 0.22631578947368422 0.01332675222112537 0.016666666666666666
1 0.5977295162882527 0.22719298245614036 0.01332675222112537 0.013157894736842105
1 0.4960513326752221 0.22982456140350876 0.014807502467917079 0.018421052631578946
1 0.623395853899309 0.2324561403508772 0.012833168805528134 0.013157894736842105
1 0.49111549851924974 0.23596491228070177 0.015301085883514315 0.016666666666666666
1 0.646594274432379 0.23684210526315788 0.012339585389930898 0.013157894736842105
1 0.491609081934847 0.24385964912280703 0.017769002961500493 0.018421052631578946
1 0.675715695952616 0.24561403508771928 0.012339585389930898 0.013157894736842105
1 0.49555774925962487 0.256140350877193 0.018756169792694965 0.02280701754385965
1 0.7270483711747285 0.2614035087719298 0.016288252714708785 0.012280701754385965
1 0.5039486673247778 0.2692982456140351 0.022211253701875617 0.02456140350877193
1 0.7852912142152023 0.27982456140350875 0.014313919052319843 0.013157894736842105
0 0.7043435340572557 0.2833333333333333 0.017769002961500493 0.01929824561403509
1 0.5177690029615005 0.2833333333333333 0.022704837117472853 0.02631578947368421
0 0.6910167818361304 0.2868421052631579 0.018756169792694965 0.02280701754385965
0 0.7374136229022705 0.2929824561403509 0.018756169792694965 0.021929824561403508
1 0.8469891411648569 0.29736842105263156 0.014313919052319843 0.015789473684210527
0 0.713228035538006 0.30087719298245613 0.019743336623889437 0.02280701754385965
0 0.7754195459032577 0.3026315789473684 0.020236920039486673 0.017543859649122806
1 0.5281342546890424 0.3043859649122807 0.02566633761105627 0.035964912280701755
0 0.7339585389930898 0.3157894736842105 0.022211253701875617 0.028070175438596492
1 0.9091806515301086 0.3175438596491228 0.014807502467917079 0.015789473684210527
1 0.9407699901283317 0.32719298245614037 0.015301085883514315 0.015789473684210527
1 0.5306021717670286 0.3298245614035088 0.031095755182625865 0.03859649122807018
0 0.8573543928923988 0.3298245614035088 0.02171767028627838 0.02017543859649123
0 0.7724580454096742 0.3394736842105263 0.02665350444225074 0.03070175438596491
0 0.9422507403751234 0.3570175438596491 0.021224086870681145 0.021929824561403508
1 0.5251727541954591 0.3587719298245614 0.03603158933859822 0.04473684210526316
0 0.8149062191510366 0.36578947368421055 0.02912142152023692 0.03070175438596491
0 0.861796643632774 0.3973684210526316 0.03060217176702863 0.03859649122807018
0 0.9086870681145114 0.43859649122807015 0.03751233958538993 0.0412280701754386
1 0.4837117472852912 0.45263157894736844 0.041954590325765054 0.06666666666666667