1 0.79052734375 0.5199652777777778 0.01611328125 0.0234375
1 0.810546875 0.5286458333333334 0.015625 0.017361111111111112
1 0.8408203125 0.5373263888888888 0.0146484375 0.021701388888888888
1 0.7197265625 0.5434027777777778 0.01611328125 0.021701388888888888
1 0.87744140625 0.5486111111111112 0.01318359375 0.020833333333333332
1 0.90673828125 0.5555555555555556 0.013671875 0.019965277777777776
1 0.72509765625 0.5607638888888888 0.02197265625 0.026041666666666668
1 0.94677734375 0.5711805555555556 0.015625 0.019965277777777776
1 0.7353515625 0.5815972222222222 0.02294921875 0.029513888888888888
1 0.7509765625 0.6076388888888888 0.0244140625 0.041666666666666664
1 0.7646484375 0.6319444444444444 0.03271484375 0.03211805555555555
1 0.76904296875 0.6675347222222222 0.03369140625 0.041666666666666664
1 0.76171875 0.7074652777777778 0.04052734375 0.050347222222222224
1 0.7109375 0.8064236111111112 0.04931640625 0.06597222222222222
1 0.6025390625 0.9713541666666666 0.0712890625 0.05642361111111111