0 0.7519646365422397 0.4712041884816754 0.02406679764243615 0.03228621291448516
0 0.7809430255402751 0.5157068062827225 0.03241650294695481 0.03664921465968586
0 0.8197445972495089 0.5645724258289704 0.03094302554027505 0.04013961605584642
1 0.2549115913555992 0.6221640488656196 0.08300589390962672 0.12914485165794065
0 0.8644400785854617 0.631762652705061 0.03880157170923379 0.05235602094240838
0 0.9307465618860511 0.7137870855148342 0.061394891944990176 0.07417102966841187
0 0.974705304518664 0.7966841186736475 0.050589390962671905 0.07329842931937172
0 0.6218074656188605 0.34642233856893545 0.02111984282907662 0.02268760907504363
1 0.42779960707269155 0.3612565445026178 0.03339882121807466 0.04537521815008726
0 0.6512770137524558 0.37521815008726006 0.02111984282907662 0.02356020942408377
0 0.6846758349705304 0.40226876090750435 0.02013752455795678 0.029668411867364748
0 0.7180746561886051 0.4319371727748691 0.022102161100196464 0.02443280977312391
1 0.3757367387033399 0.43717277486910994 0.04174852652259332 0.06631762652705062