0 0.7497532082922014 0.4745614035087719 0.02418558736426456 0.03245614035087719
0 0.7788746298124383 0.519298245614035 0.03257650542941757 0.03684210526315789
0 0.8178677196446199 0.5684210526315789 0.031095755182625865 0.04035087719298246
1 0.2502467917077986 0.6263157894736842 0.08341559723593288 0.12982456140350876
0 0.8627838104639685 0.6359649122807017 0.03899308983218164 0.05263157894736842
0 0.9294175715695953 0.718421052631579 0.061697926949654494 0.07456140350877193
0 0.9740868706811451 0.8017543859649123 0.051826258637709774 0.07368421052631578
0 0.6189536031589339 0.34912280701754383 0.021224086870681145 0.02280701754385965
1 0.42398815399802564 0.36403508771929827 0.03356367226061204 0.0456140350877193
0 0.648568608094768 0.3780701754385965 0.021224086870681145 0.02368421052631579
0 0.6821322803553801 0.4052631578947368 0.020236920039486673 0.02982456140350877
0 0.7156959526159921 0.43508771929824563 0.022211253701875617 0.02456140350877193
1 0.37166831194471867 0.44035087719298244 0.041954590325765054 0.06666666666666667