0 0.48268839103869654 0.11956521739130435 0.0269857433808554 0.0625
1 0.48879837067209775 0.9483695652173914 0.04124236252545825 0.09601449275362318
0 0.5112016293279023 0.04528985507246377 0.031568228105906315 0.07155797101449275
1 0.34928716904276985 0.7690217391304348 0.008655804480651732 0.022644927536231884
1 0.34928716904276985 0.7255434782608695 0.008655804480651732 0.026268115942028984
1 0.35030549898167007 0.8061594202898551 0.008655804480651732 0.02355072463768116
1 0.35030549898167007 0.6802536231884058 0.008146639511201629 0.022644927536231884
1 0.3518329938900204 0.6340579710144928 0.007128309572301426 0.019927536231884056
1 0.3518329938900204 0.8387681159420289 0.008655804480651732 0.02717391304347826
1 0.3533604887983707 0.5932971014492754 0.008146639511201629 0.019927536231884056
1 0.354887983706721 0.8623188405797102 0.009674134419551934 0.026268115942028984
1 0.3564154786150713 0.5434782608695652 0.008655804480651732 0.022644927536231884
1 0.3574338085539715 0.8858695652173914 0.010692464358452138 0.028985507246376812
1 0.3615071283095723 0.8967391304347826 0.01120162932790224 0.03170289855072464
1 0.3625254582484725 0.46195652173913043 0.008146639511201629 0.020833333333333332
1 0.36710794297352345 0.8985507246376812 0.011710794297352342 0.03713768115942029
1 0.36863543788187375 0.375 0.006619144602851324 0.019021739130434784
1 0.3742362525458248 0.894927536231884 0.014256619144602852 0.03894927536231884
1 0.37474541751527496 0.2916666666666667 0.007637474541751527 0.018115942028985508
0 0.3757637474541752 0.5045289855072463 0.010692464358452138 0.025362318840579712
0 0.37780040733197556 0.4528985507246377 0.009674134419551934 0.02717391304347826
0 0.37830957230142565 0.5262681159420289 0.01120162932790224 0.029891304347826088
1 0.38085539714867617 0.8804347826086957 0.015274949083503055 0.043478260869565216
0 0.3818737270875764 0.3967391304347826 0.010692464358452138 0.026268115942028984
1 0.3818737270875764 0.21105072463768115 0.008146639511201629 0.019021739130434784
0 0.3844195519348269 0.4954710144927536 0.013238289205702648 0.030797101449275364
1 0.3854378818737271 0.1721014492753623 0.007637474541751527 0.019927536231884056
1 0.3890020366598778 0.11594202898550725 0.006619144602851324 0.018115942028985508
1 0.3890020366598778 0.1358695652173913 0.006109979633401222 0.018115942028985508
1 0.3895112016293279 0.8532608695652174 0.01680244399185336 0.044384057971014496
0 0.3905295315682281 0.28351449275362317 0.010183299389002037 0.025362318840579712
0 0.3910386965376782 0.46467391304347827 0.01374745417515275 0.03260869565217391
0 0.39969450101832993 0.17753623188405798 0.01120162932790224 0.02717391304347826
1 0.39969450101832993 0.8333333333333334 0.01883910386965377 0.050724637681159424
0 0.40071283095723015 0.411231884057971 0.01374745417515275 0.034420289855072464
0 0.4103869653767821 0.06702898550724638 0.010183299389002037 0.028985507246376812
0 0.4103869653767821 0.35144927536231885 0.01680244399185336 0.03713768115942029
1 0.41446028513238287 0.8297101449275363 0.020366598778004074 0.05253623188405797
0 0.4241344195519348 0.2916666666666667 0.01883910386965377 0.043478260869565216
1 0.43126272912423624 0.8469202898550725 0.0269857433808554 0.06159420289855073
0 0.4394093686354379 0.23550724637681159 0.020875763747454174 0.04710144927536232
0 0.45977596741344195 0.1802536231884058 0.024439918533604887 0.051630434782608696