0 0.68896484375 0.4696180555555556 0.03369140625 0.04600694444444445
1 0.2421875 0.4800347222222222 0.0517578125 0.0703125
0 0.72900390625 0.5182291666666666 0.03857421875 0.05381944444444445
0 0.7822265625 0.5815972222222222 0.046875 0.0642361111111111
0 0.8369140625 0.6501736111111112 0.05615234375 0.07291666666666667
1 0.1220703125 0.7048611111111112 0.09375 0.11024305555555555
1 0.3388671875 0.2421875 0.01220703125 0.014756944444444444
1 0.3623046875 0.2421875 0.01416015625 0.014756944444444444
1 0.31884765625 0.2439236111111111 0.0126953125 0.014756944444444444
1 0.38671875 0.2439236111111111 0.01220703125 0.013888888888888888
1 0.41162109375 0.2465277777777778 0.0107421875 0.012152777777777778
1 0.30126953125 0.2465277777777778 0.0146484375 0.014756944444444444
1 0.43359375 0.24913194444444445 0.0107421875 0.013888888888888888
1 0.28857421875 0.2517361111111111 0.01416015625 0.016493055555555556
1 0.46044921875 0.2543402777777778 0.01220703125 0.014756944444444444
1 0.27587890625 0.2560763888888889 0.015625 0.018229166666666668
1 0.27001953125 0.2630208333333333 0.01708984375 0.019097222222222224
1 0.50439453125 0.2647569444444444 0.01123046875 0.013888888888888888
1 0.26904296875 0.2725694444444444 0.02001953125 0.019965277777777776
1 0.55126953125 0.2751736111111111 0.01025390625 0.011284722222222222
1 0.27099609375 0.2847222222222222 0.02099609375 0.024305555555555556
1 0.59619140625 0.2855902777777778 0.009765625 0.013020833333333334
0 0.4814453125 0.2873263888888889 0.013671875 0.018229166666666668
0 0.50927734375 0.2907986111111111 0.0146484375 0.016493055555555556
0 0.4697265625 0.2916666666666667 0.01611328125 0.019097222222222224
1 0.27880859375 0.2960069444444444 0.0234375 0.026041666666666668
0 0.53955078125 0.2977430555555556 0.01416015625 0.018229166666666668
1 0.6396484375 0.2977430555555556 0.01025390625 0.013888888888888888
0 0.486328125 0.3020833333333333 0.0166015625 0.022569444444444444
1 0.66064453125 0.3038194444444444 0.0107421875 0.013020833333333334
1 0.69091796875 0.3098958333333333 0.009765625 0.011284722222222222
1 0.68017578125 0.3098958333333333 0.009765625 0.010416666666666666
1 0.29345703125 0.3107638888888889 0.02392578125 0.028645833333333332
0 0.6005859375 0.3125 0.013671875 0.017361111111111112
0 0.5029296875 0.3133680555555556 0.017578125 0.0234375
0 0.65771484375 0.328125 0.0146484375 0.019097222222222224
1 0.30419921875 0.328125 0.02734375 0.03211805555555555
0 0.53173828125 0.3298611111111111 0.0185546875 0.0234375
0 0.71728515625 0.3463541666666667 0.015625 0.017361111111111112
0 0.56396484375 0.3463541666666667 0.02001953125 0.028645833333333332
1 0.30615234375 0.3532986111111111 0.0283203125 0.034722222222222224
0 0.77685546875 0.3654513888888889 0.01611328125 0.019097222222222224
0 0.59619140625 0.3697916666666667 0.0234375 0.03211805555555555
1 0.296875 0.3819444444444444 0.033203125 0.04600694444444445
0 0.62646484375 0.3958333333333333 0.025390625 0.035590277777777776
0 0.65625 0.4305555555555556 0.02783203125 0.041666666666666664