0 0.4848167539267016 0.14338919925512103 0.02774869109947644 0.06424581005586592
1 0.4908376963350785 0.972998137802607 0.042408376963350786 0.054003724394785846
0 0.5141361256544502 0.0670391061452514 0.032460732984293195 0.07355679702048418
1 0.34764397905759165 0.8109869646182495 0.008900523560209424 0.023277467411545624
1 0.34764397905759165 0.7662942271880819 0.008900523560209424 0.027001862197392923
1 0.3486910994764398 0.8491620111731844 0.008900523560209424 0.024208566108007448
1 0.3486910994764398 0.7197392923649907 0.008376963350785341 0.023277467411545624
1 0.35026178010471204 0.6722532588454376 0.007329842931937173 0.020484171322160148
1 0.35026178010471204 0.88268156424581 0.008900523560209424 0.027932960893854747
1 0.3518324607329843 0.6303538175046555 0.008376963350785341 0.020484171322160148
1 0.35340314136125656 0.9068901303538175 0.009947643979057591 0.027001862197392923
1 0.3549738219895288 0.5791433891992551 0.008900523560209424 0.023277467411545624
1 0.35602094240837695 0.931098696461825 0.01099476439790576 0.0297951582867784
1 0.36020942408376966 0.9422718808193669 0.011518324607329843 0.032588454376163874
1 0.3612565445026178 0.49534450651769085 0.008376963350785341 0.021415270018621976
1 0.36596858638743457 0.9441340782122905 0.012041884816753926 0.038175046554934824
1 0.3675392670157068 0.4059590316573557 0.006806282722513089 0.019553072625698324
1 0.37329842931937174 0.9404096834264432 0.014659685863874346 0.04003724394785847
1 0.3738219895287958 0.3202979515828678 0.007853403141361256 0.0186219739292365
0 0.374869109947644 0.5391061452513967 0.01099476439790576 0.0260707635009311
0 0.3769633507853403 0.4860335195530726 0.009947643979057591 0.027932960893854747
0 0.3774869109947644 0.5614525139664804 0.011518324607329843 0.030726256983240222
1 0.38010471204188484 0.925512104283054 0.015706806282722512 0.0446927374301676
0 0.381151832460733 0.42830540037243947 0.01099476439790576 0.027001862197392923
1 0.381151832460733 0.23743016759776536 0.008376963350785341 0.019553072625698324
0 0.3837696335078534 0.5297951582867784 0.013612565445026177 0.03165735567970205
1 0.38481675392670156 0.1973929236499069 0.007853403141361256 0.020484171322160148
1 0.38848167539267014 0.13966480446927373 0.006806282722513089 0.0186219739292365
1 0.38848167539267014 0.1601489757914339 0.0062827225130890054 0.0186219739292365
1 0.38900523560209427 0.8975791433891993 0.017277486910994764 0.04562383612662942
0 0.3900523560209424 0.31191806331471134 0.010471204188481676 0.0260707635009311
0 0.39057591623036647 0.49813780260707635 0.014136125654450262 0.0335195530726257
0 0.3994764397905759 0.20297951582867785 0.011518324607329843 0.027932960893854747
1 0.3994764397905759 0.8770949720670391 0.0193717277486911 0.0521415270018622
0 0.4005235602094241 0.44320297951582865 0.014136125654450262 0.035381750465549346
0 0.41047120418848165 0.0893854748603352 0.010471204188481676 0.0297951582867784
0 0.41047120418848165 0.3817504655493482 0.017277486910994764 0.038175046554934824
1 0.41465968586387436 0.8733705772811918 0.020942408376963352 0.054003724394785846
0 0.4246073298429319 0.3202979515828678 0.0193717277486911 0.0446927374301676
1 0.4319371727748691 0.8910614525139665 0.02774869109947644 0.0633147113594041
0 0.44031413612565445 0.26256983240223464 0.021465968586387434 0.048417132216014895
0 0.4612565445026178 0.20577281191806332 0.025130890052356022 0.05307262569832402