0 0.65673828125 0.484375 0.03515625 0.03993055555555555
1 0.1484375 0.5147569444444444 0.0634765625 0.09027777777777778
0 0.7060546875 0.5355902777777778 0.0439453125 0.05295138888888889
0 0.7587890625 0.5989583333333334 0.05517578125 0.058159722222222224
1 0.03515625 0.7517361111111112 0.0703125 0.1111111111111111
0 0.494140625 0.3359375 0.02197265625 0.026041666666666668
0 0.52587890625 0.3532986111111111 0.0224609375 0.026909722222222224
1 0.22021484375 0.3697916666666667 0.0341796875 0.03819444444444445
0 0.556640625 0.3776041666666667 0.02294921875 0.030381944444444444
1 0.212890625 0.4045138888888889 0.046875 0.05295138888888889
0 0.58544921875 0.4045138888888889 0.02880859375 0.03819444444444445
0 0.61767578125 0.4401041666666667 0.03173828125 0.03732638888888889