0 0.6027322404371585 0.5213592233009708 0.03934426229508197 0.05242718446601942
0 0.6557377049180327 0.5815533980582525 0.047540983606557376 0.06699029126213592
1 0.022131147540983605 0.5868932038834952 0.04426229508196721 0.08058252427184466
0 0.7120218579234973 0.6456310679611651 0.05245901639344262 0.07281553398058252
1 0.27049180327868855 0.27766990291262134 0.012021857923497269 0.011650485436893204
1 0.24316939890710382 0.27864077669902915 0.013114754098360656 0.014563106796116505
1 0.2098360655737705 0.27864077669902915 0.01366120218579235 0.013592233009708738
1 0.30327868852459017 0.27864077669902915 0.012568306010928962 0.01262135922330097
1 0.17814207650273223 0.28058252427184466 0.015846994535519125 0.015533980582524271
1 0.14590163934426228 0.283495145631068 0.017486338797814208 0.01650485436893204
1 0.35683060109289616 0.283495145631068 0.012021857923497269 0.013592233009708738
1 0.1185792349726776 0.287378640776699 0.017486338797814208 0.017475728155339806
1 0.41092896174863386 0.28932038834951457 0.01092896174863388 0.01262135922330097
1 0.09289617486338798 0.29320388349514565 0.017486338797814208 0.017475728155339806
1 0.07431693989071038 0.3048543689320388 0.021311475409836064 0.021359223300970873
1 0.05792349726775956 0.3116504854368932 0.022404371584699455 0.02233009708737864
0 0.32786885245901637 0.3116504854368932 0.015300546448087432 0.01650485436893204
0 0.36120218579234975 0.3116504854368932 0.017486338797814208 0.017475728155339806
0 0.39672131147540984 0.3155339805825243 0.014207650273224045 0.015533980582524271
0 0.31311475409836065 0.31844660194174756 0.018579234972677595 0.020388349514563107
1 0.04644808743169399 0.32038834951456313 0.023497267759562842 0.02330097087378641
0 0.46557377049180326 0.32233009708737864 0.015300546448087432 0.015533980582524271
0 0.33224043715846996 0.32815533980582523 0.019672131147540985 0.019417475728155338
0 0.5273224043715847 0.329126213592233 0.015846994535519125 0.013592233009708738
1 0.0453551912568306 0.3320388349514563 0.0273224043715847 0.02524271844660194
0 0.3524590163934426 0.3378640776699029 0.01912568306010929 0.020388349514563107
0 0.5896174863387978 0.3407766990291262 0.014207650273224045 0.013592233009708738
1 0.04972677595628415 0.34757281553398056 0.03169398907103825 0.027184466019417475
0 0.387431693989071 0.3504854368932039 0.02185792349726776 0.021359223300970873
0 0.6480874316939891 0.3524271844660194 0.01366120218579235 0.01262135922330097
1 0.060655737704918035 0.3611650485436893 0.03169398907103825 0.03495145631067961
0 0.7060109289617487 0.3640776699029126 0.014207650273224045 0.01262135922330097
0 0.42349726775956287 0.3640776699029126 0.02185792349726776 0.024271844660194174
1 0.07923497267759563 0.3718446601941748 0.03169398907103825 0.02815533980582524
0 0.45846994535519126 0.3844660194174757 0.02622950819672131 0.031067961165048542
1 0.09453551912568306 0.3932038834951456 0.0366120218579235 0.035922330097087375
0 0.492896174863388 0.40679611650485437 0.02896174863387978 0.031067961165048542
1 0.09562841530054644 0.41941747572815535 0.04371584699453552 0.040776699029126215
0 0.5240437158469945 0.4368932038834951 0.03333333333333333 0.040776699029126215
1 0.0825136612021858 0.458252427184466 0.048633879781420766 0.05339805825242718
0 0.5601092896174863 0.47572815533980584 0.036065573770491806 0.04854368932038835