0 0.6055612770339855 0.47435897435897434 0.037075180226570546 0.04945054945054945
0 0.6555097837281153 0.5311355311355311 0.04479917610710608 0.06318681318681318
1 0.04325437693099897 0.5366300366300366 0.07260556127703399 0.076007326007326
0 0.7085478887744593 0.5915750915750916 0.04943357363542739 0.06868131868131869
1 0.2924819773429454 0.2445054945054945 0.01132852729145211 0.01098901098901099
1 0.266735324407827 0.2454212454212454 0.012358393408856848 0.013736263736263736
1 0.2353244078269825 0.2454212454212454 0.012873326467559218 0.01282051282051282
1 0.3233779608650875 0.2454212454212454 0.01184346035015448 0.011904761904761904
1 0.20545829042224512 0.24725274725274726 0.014933058702368692 0.014652014652014652
1 0.17507723995880536 0.25 0.016477857878475798 0.015567765567765568
1 0.37384140061791965 0.25 0.01132852729145211 0.01282051282051282
1 0.14933058702368693 0.25366300366300365 0.016477857878475798 0.016483516483516484
1 0.42481977342945415 0.2554945054945055 0.010298661174047374 0.011904761904761904
1 0.12512873326467558 0.2591575091575092 0.016477857878475798 0.016483516483516484
1 0.10762100926879506 0.27014652014652013 0.02008238928939238 0.020146520146520148
1 0.092173017507724 0.2765567765567766 0.021112255406797117 0.021062271062271064
0 0.3465499485066941 0.2765567765567766 0.014418125643666324 0.015567765567765568
0 0.3779608650875386 0.2765567765567766 0.016477857878475798 0.016483516483516484
0 0.4114315139031926 0.2802197802197802 0.013388259526261586 0.014652014652014652
0 0.33264675592173015 0.28296703296703296 0.017507723995880537 0.019230769230769232
1 0.08135942327497425 0.2847985347985348 0.022142121524201853 0.02197802197802198
0 0.476313079299691 0.2866300366300366 0.014418125643666324 0.014652014652014652
0 0.3506694129763131 0.29212454212454214 0.018537590113285273 0.018315018315018316
0 0.5345005149330587 0.29304029304029305 0.014933058702368692 0.01282051282051282
1 0.08032955715756952 0.2957875457875458 0.025746652935118436 0.023809523809523808
0 0.36972193614830073 0.30128205128205127 0.018022657054582905 0.019230769230769232
0 0.5932028836251287 0.304029304029304 0.013388259526261586 0.01282051282051282
1 0.08444902162718847 0.31043956043956045 0.029866117404737384 0.02564102564102564
0 0.40267765190525234 0.3131868131868132 0.02059732234809475 0.020146520146520148
0 0.6483007209062822 0.315018315018315 0.012873326467559218 0.011904761904761904
1 0.09474768280123584 0.3232600732600733 0.029866117404737384 0.03296703296703297
0 0.7028836251287333 0.326007326007326 0.013388259526261586 0.011904761904761904
0 0.43666323377960864 0.326007326007326 0.02059732234809475 0.022893772893772892
1 0.11225540679711637 0.3333333333333333 0.029866117404737384 0.026556776556776556
0 0.46961894953656025 0.34523809523809523 0.024716786817713696 0.029304029304029304
1 0.1266735324407827 0.3534798534798535 0.0345005149330587 0.03388278388278388
0 0.5020597322348095 0.3663003663003663 0.02729145211122554 0.029304029304029304
1 0.12770339855818744 0.3782051282051282 0.0411946446961895 0.038461538461538464
0 0.5314109165808445 0.3946886446886447 0.03141091658084449 0.038461538461538464
1 0.11534500514933059 0.41483516483516486 0.04582904222451081 0.05036630036630037
0 0.5653964984552008 0.43131868131868134 0.03398558187435633 0.045787545787545784