0 0.5090618336886994 0.6755218216318786 0.02398720682302772 0.06072106261859583
0 0.47761194029850745 0.7703984819734345 0.03251599147121535 0.0777988614800759
0 0.4408315565031983 0.8681214421252372 0.03571428571428571 0.08918406072106262
1 0.6433901918976546 0.09962049335863378 0.006396588486140725 0.018975332068311195
1 0.6428571428571429 0.051233396584440226 0.005863539445628998 0.019924098671726755
1 0.6428571428571429 0.003320683111954459 0.006396588486140725 0.006641366223908918
1 0.6423240938166311 0.15749525616698293 0.005863539445628998 0.018975332068311195
1 0.6396588486140725 0.2514231499051233 0.006396588486140725 0.020872865275142316
1 0.6385927505330491 0.6375711574952562 0.004797441364605544 0.010436432637571158
1 0.6380597014925373 0.6518026565464896 0.004797441364605544 0.009487666034155597
1 0.6369936034115139 0.6679316888045541 0.004797441364605544 0.009487666034155597
1 0.6364605543710021 0.34345351043643263 0.006929637526652452 0.018026565464895637
1 0.6359275053304904 0.6897533206831119 0.0037313432835820895 0.009487666034155597
1 0.6337953091684435 0.7106261859582542 0.0037313432835820895 0.008538899430740038
1 0.6337953091684435 0.4316888045540797 0.005863539445628998 0.018975332068311195
1 0.6311300639658849 0.7561669829222012 0.0031982942430703624 0.008538899430740038
1 0.6289978678038379 0.5142314990512334 0.006396588486140725 0.018026565464895637
1 0.6279317697228145 0.5531309297912713 0.005863539445628998 0.016129032258064516
1 0.6279317697228145 0.8007590132827325 0.0031982942430703624 0.008538899430740038
1 0.6257995735607675 0.5901328273244781 0.005863539445628998 0.017077798861480076
1 0.6247334754797441 0.8444022770398482 0.0031982942430703624 0.008538899430740038
0 0.6236673773987207 0.25996204933586337 0.009594882729211088 0.027514231499051234
0 0.6231343283582089 0.20113851992409867 0.010127931769722815 0.028462998102466792
0 0.6226012793176973 0.8083491461100569 0.0042643923240938165 0.010436432637571158
0 0.6226012793176973 0.3206831119544592 0.007995735607675906 0.024667931688804556
0 0.6204690831556503 0.8349146110056926 0.0037313432835820895 0.011385199240986717
1 0.6204690831556503 0.889943074003795 0.0042643923240938165 0.009487666034155597
0 0.6199360341151386 0.174573055028463 0.011727078891257996 0.029411764705882353
0 0.6178038379530917 0.43927893738140417 0.00906183368869936 0.023719165085388995
0 0.6178038379530917 0.793168880455408 0.005330490405117271 0.012333965844402278
1 0.6167377398720683 0.9316888045540797 0.0031982942430703624 0.010436432637571158
0 0.6162046908315565 0.8851992409867173 0.004797441364605544 0.011385199240986717
0 0.6140724946695096 0.547438330170778 0.00906183368869936 0.022770398481973434
0 0.6140724946695096 0.20967741935483872 0.010660980810234541 0.03225806451612903
0 0.6140724946695096 0.825426944971537 0.005330490405117271 0.013282732447817837
1 0.6135394456289979 0.9743833017077799 0.0037313432835820895 0.008538899430740038
0 0.6124733475479744 0.9354838709677419 0.0042643923240938165 0.010436432637571158
0 0.6098081023454158 0.24478178368121442 0.01279317697228145 0.030360531309297913
0 0.6087420042643923 0.9848197343453511 0.0042643923240938165 0.013282732447817837
0 0.6060767590618337 0.8671726755218216 0.006396588486140725 0.017077798861480076
0 0.6060767590618337 0.6546489563567363 0.009594882729211088 0.022770398481973434
0 0.6023454157782516 0.3045540796963947 0.013326226012793176 0.03700189753320683
0 0.6012793176972282 0.7561669829222012 0.006929637526652452 0.021821631878557873
0 0.599680170575693 0.9165085388994307 0.006396588486140725 0.018026565464895637
0 0.5943496801705757 0.855787476280835 0.006929637526652452 0.020872865275142316
0 0.5932835820895522 0.3681214421252372 0.015991471215351813 0.03510436432637571
0 0.591684434968017 0.9022770398481973 0.006929637526652452 0.019924098671726755
0 0.5911513859275054 0.967741935483871 0.006396588486140725 0.018975332068311195
0 0.5895522388059702 0.9478178368121443 0.006396588486140725 0.018026565464895637
0 0.5874200426439232 0.9772296015180265 0.007462686567164179 0.020872865275142316
0 0.5842217484008528 0.428842504743833 0.014925373134328358 0.03984819734345351
0 0.5698294243070362 0.48861480075901326 0.017057569296375266 0.04364326375711575
0 0.5538379530916845 0.5398481973434535 0.019189765458422176 0.046489563567362426
0 0.5330490405117271 0.6043643263757116 0.023454157782515993 0.04838709677419355