0 0.6181229773462783 0.4923224568138196 0.034519956850053934 0.04318618042226487
0 0.6720604099244876 0.5489443378119002 0.04422869471413161 0.05854126679462572
1 0.030204962243797196 0.5585412667946257 0.06040992448759439 0.07293666026871401
0 0.7276159654800431 0.6151631477927063 0.05070118662351672 0.06429942418426103
1 0.29072276159654803 0.2504798464491363 0.010787486515641856 0.011516314779270634
1 0.2632146709816613 0.2514395393474088 0.011326860841423949 0.01055662188099808
1 0.2313915857605178 0.2514395393474088 0.01348435814455232 0.011516314779270634
1 0.32362459546925565 0.2523992322456814 0.010787486515641856 0.01055662188099808
1 0.19956850053937433 0.2523992322456814 0.01348435814455232 0.012476007677543186
1 0.16720604099244876 0.2543186180422265 0.017259978425026967 0.014395393474088292
1 0.37702265372168287 0.2571976967370441 0.011866235167206042 0.011516314779270634
1 0.5965480043149946 0.2591170825335892 0.005933117583603021 0.008637236084452975
1 0.604638619201726 0.2600767754318618 0.005393743257820928 0.008637236084452975
1 0.13969795037756202 0.26103646833013433 0.01779935275080906 0.01727447216890595
1 0.6138079827400216 0.2619961612284069 0.005393743257820928 0.008637236084452975
1 0.42934196332254587 0.2629558541266795 0.010248112189859764 0.012476007677543186
1 0.6262135922330098 0.263915547024952 0.005393743257820928 0.0067178502879078695
1 0.11488673139158576 0.2667946257197697 0.018338727076591153 0.02015355086372361
1 0.6380798274002157 0.2677543186180422 0.0048543689320388345 0.0067178502879078695
1 0.47950377562028046 0.2677543186180422 0.010787486515641856 0.01055662188099808
1 0.6639697950377562 0.272552783109405 0.0048543689320388345 0.005758157389635317
1 0.0965480043149946 0.2744721689059501 0.019417475728155338 0.018234165067178502
1 0.5264293419633226 0.2763915547024952 0.010248112189859764 0.011516314779270634
1 0.5485436893203883 0.2783109404990403 0.009169363538295576 0.01055662188099808
1 0.6893203883495146 0.2783109404990403 0.0048543689320388345 0.005758157389635317
1 0.56957928802589 0.2821497120921305 0.009708737864077669 0.01055662188099808
1 0.07928802588996764 0.28310940499040305 0.021574973031283712 0.02015355086372361
1 0.7141316073354909 0.2840690978886756 0.0048543689320388345 0.005758157389635317
0 0.3818770226537217 0.28598848368522073 0.01564185544768069 0.01727447216890595
0 0.3484358144552319 0.2869481765834933 0.016181229773462782 0.018234165067178502
0 0.6936353829557713 0.28790786948176583 0.005933117583603021 0.007677543186180422
0 0.41639697950377563 0.28790786948176583 0.014023732470334413 0.014395393474088292
0 0.7087378640776699 0.29174664107485604 0.006472491909385114 0.0067178502879078695
1 0.7400215749730313 0.29174664107485604 0.005393743257820928 0.007677543186180422
1 0.0674217907227616 0.2927063339731286 0.021035598705501618 0.02015355086372361
0 0.3333333333333333 0.2927063339731286 0.016720604099244876 0.02111324376199616
0 0.48381877022653724 0.2965451055662188 0.01348435814455232 0.016314779270633396
0 0.6850053937432579 0.2965451055662188 0.007011866235167206 0.009596928982725527
1 0.7637540453074434 0.29846449136276393 0.005933117583603021 0.005758157389635317
0 0.7373247033441208 0.29942418426103645 0.006472491909385114 0.008637236084452975
0 0.5453074433656958 0.30326295585412666 0.012944983818770227 0.016314779270633396
0 0.35329018338727075 0.30326295585412666 0.018338727076591153 0.019193857965451054
0 0.703344120819849 0.30326295585412666 0.007551240560949299 0.009596928982725527
1 0.7880258899676376 0.30422264875239924 0.0048543689320388345 0.0067178502879078695
1 0.06796116504854369 0.30518234165067176 0.02481121898597627 0.02495201535508637
0 0.7659115426105717 0.30614203454894434 0.005933117583603021 0.007677543186180422
1 0.8122977346278317 0.31094049904030713 0.005393743257820928 0.005758157389635317
0 0.3732470334412082 0.31094049904030713 0.017259978425026967 0.023032629558541268
0 0.7939590075512406 0.31285988483685223 0.007551240560949299 0.007677543186180422
0 0.727076591154261 0.31765834932821496 0.009708737864077669 0.011516314779270634
1 0.8360302049622438 0.31765834932821496 0.0048543689320388345 0.005758157389635317
0 0.6062567421790723 0.31765834932821496 0.012944983818770227 0.01727447216890595
1 0.06957928802588997 0.31861804222648754 0.024271844660194174 0.028790786948176585
0 0.8241639697950378 0.32053742802303264 0.006472491909385114 0.007677543186180422
0 0.40722761596548 0.32437619961612285 0.021035598705501618 0.02399232245681382
0 0.6639697950377562 0.32629558541266795 0.012405609492988134 0.012476007677543186
1 0.8629989212513485 0.3272552783109405 0.005933117583603021 0.0067178502879078695
0 0.8495145631067961 0.32821497120921306 0.008090614886731391 0.007677543186180422
0 0.7551240560949298 0.3291746641074856 0.010248112189859764 0.011516314779270634
0 0.8764832793959008 0.33685220729366605 0.007011866235167206 0.007677543186180422
1 0.081445523193096 0.33685220729366605 0.02750809061488673 0.03550863723608445
0 0.7206040992448759 0.33877159309021115 0.011866235167206042 0.012476007677543186
0 0.44336569579288027 0.34069097888675626 0.019956850053937433 0.028790786948176585
0 0.7470334412081985 0.3435700575815739 0.011326860841423949 0.012476007677543186
0 0.7842502696871629 0.34452975047984646 0.010787486515641856 0.011516314779270634
0 0.9077669902912622 0.34644913627639157 0.006472491909385114 0.007677543186180422
0 0.772923408845739 0.3474088291746641 0.010248112189859764 0.011516314779270634
0 0.7896440129449838 0.3512476007677543 0.011866235167206042 0.013435700575815739
1 0.09924487594390508 0.3522072936660269 0.0296655879180151 0.04126679462571977
0 0.4778856526429342 0.3570057581573896 0.022653721682847898 0.026871401151631478
1 0.11704422869471413 0.3685220729366603 0.034519956850053934 0.03550863723608445
0 0.5118662351672061 0.3829174664107486 0.02481121898597627 0.030710172744721688
1 0.11434735706580366 0.3963531669865643 0.040992448759439054 0.04126679462571977
0 0.5409924487594391 0.41170825335892514 0.026429341963322545 0.0345489443378119
1 0.10248112189859762 0.42994241842610365 0.04962243797195254 0.05470249520153551
0 0.5776699029126213 0.4491362763915547 0.02750809061488673 0.04222648752399232