0 0.60595703125 0.4930555555555556 0.03125 0.0390625
0 0.65478515625 0.5442708333333334 0.0400390625 0.05295138888888889
1 0.06884765625 0.5529513888888888 0.064453125 0.06597222222222222
0 0.705078125 0.6041666666666666 0.0458984375 0.058159722222222224
1 0.3095703125 0.2743055555555556 0.009765625 0.010416666666666666
1 0.28466796875 0.2751736111111111 0.01025390625 0.009548611111111112
1 0.255859375 0.2751736111111111 0.01220703125 0.010416666666666666
1 0.33935546875 0.2760416666666667 0.009765625 0.009548611111111112
1 0.22705078125 0.2760416666666667 0.01220703125 0.011284722222222222
1 0.19775390625 0.2777777777777778 0.015625 0.013020833333333334
1 0.3876953125 0.2803819444444444 0.0107421875 0.010416666666666666
1 0.58642578125 0.2821180555555556 0.00537109375 0.0078125
1 0.59375 0.2829861111111111 0.0048828125 0.0078125
1 0.1728515625 0.2838541666666667 0.01611328125 0.015625
1 0.60205078125 0.2847222222222222 0.0048828125 0.0078125
1 0.43505859375 0.2855902777777778 0.00927734375 0.011284722222222222
1 0.61328125 0.2864583333333333 0.0048828125 0.006076388888888889
1 0.150390625 0.2890625 0.0166015625 0.018229166666666668
1 0.6240234375 0.2899305555555556 0.00439453125 0.006076388888888889
1 0.48046875 0.2899305555555556 0.009765625 0.009548611111111112
1 0.6474609375 0.2942708333333333 0.00439453125 0.005208333333333333
1 0.1337890625 0.2960069444444444 0.017578125 0.016493055555555556
1 0.52294921875 0.2977430555555556 0.00927734375 0.010416666666666666
1 0.54296875 0.2994791666666667 0.00830078125 0.009548611111111112
1 0.67041015625 0.2994791666666667 0.00439453125 0.005208333333333333
1 0.56201171875 0.3029513888888889 0.0087890625 0.009548611111111112
1 0.1181640625 0.3038194444444444 0.01953125 0.018229166666666668
1 0.69287109375 0.3046875 0.00439453125 0.005208333333333333
0 0.39208984375 0.3064236111111111 0.01416015625 0.015625
0 0.36181640625 0.3072916666666667 0.0146484375 0.016493055555555556
0 0.67431640625 0.3081597222222222 0.00537109375 0.006944444444444444
0 0.42333984375 0.3081597222222222 0.0126953125 0.013020833333333334
0 0.68798828125 0.3116319444444444 0.005859375 0.006076388888888889
1 0.71630859375 0.3116319444444444 0.0048828125 0.006944444444444444
1 0.107421875 0.3125 0.01904296875 0.018229166666666668
0 0.34814453125 0.3125 0.01513671875 0.019097222222222224
0 0.484375 0.3159722222222222 0.01220703125 0.014756944444444444
0 0.66650390625 0.3159722222222222 0.00634765625 0.008680555555555556
1 0.73779296875 0.3177083333333333 0.00537109375 0.005208333333333333
0 0.7138671875 0.3185763888888889 0.005859375 0.0078125
0 0.5400390625 0.3220486111111111 0.01171875 0.014756944444444444
0 0.3662109375 0.3220486111111111 0.0166015625 0.017361111111111112
0 0.68310546875 0.3220486111111111 0.0068359375 0.008680555555555556
1 0.759765625 0.3229166666666667 0.00439453125 0.006076388888888889
1 0.10791015625 0.3237847222222222 0.0224609375 0.022569444444444444
0 0.73974609375 0.3246527777777778 0.00537109375 0.006944444444444444
1 0.78173828125 0.3289930555555556 0.0048828125 0.005208333333333333
0 0.38427734375 0.3289930555555556 0.015625 0.020833333333333332
0 0.76513671875 0.3307291666666667 0.0068359375 0.006944444444444444
0 0.70458984375 0.3350694444444444 0.0087890625 0.010416666666666666
1 0.80322265625 0.3350694444444444 0.00439453125 0.005208333333333333
0 0.59521484375 0.3350694444444444 0.01171875 0.015625
1 0.109375 0.3359375 0.02197265625 0.026041666666666668
0 0.79248046875 0.3376736111111111 0.005859375 0.006944444444444444
0 0.4150390625 0.3411458333333333 0.01904296875 0.021701388888888888
0 0.6474609375 0.3428819444444444 0.01123046875 0.011284722222222222
1 0.82763671875 0.34375 0.00537109375 0.006076388888888889
0 0.8154296875 0.3446180555555556 0.00732421875 0.006944444444444444
0 0.72998046875 0.3454861111111111 0.00927734375 0.010416666666666666
0 0.83984375 0.3524305555555556 0.00634765625 0.006944444444444444
1 0.1201171875 0.3524305555555556 0.02490234375 0.03211805555555555
0 0.69873046875 0.3541666666666667 0.0107421875 0.011284722222222222
0 0.44775390625 0.3559027777777778 0.01806640625 0.026041666666666668
0 0.72265625 0.3585069444444444 0.01025390625 0.011284722222222222
0 0.75634765625 0.359375 0.009765625 0.010416666666666666
0 0.8681640625 0.3611111111111111 0.005859375 0.006944444444444444
0 0.74609375 0.3619791666666667 0.00927734375 0.010416666666666666
0 0.76123046875 0.3654513888888889 0.0107421875 0.012152777777777778
1 0.13623046875 0.3663194444444444 0.02685546875 0.03732638888888889
0 0.47900390625 0.3706597222222222 0.0205078125 0.024305555555555556
1 0.15234375 0.3810763888888889 0.03125 0.03211805555555555
0 0.509765625 0.3940972222222222 0.0224609375 0.027777777777777776
1 0.14990234375 0.40625 0.037109375 0.03732638888888889
0 0.5361328125 0.4201388888888889 0.02392578125 0.03125
1 0.13916015625 0.4366319444444444 0.044921875 0.049479166666666664
0 0.5693359375 0.4539930555555556 0.02490234375 0.03819444444444445