0 0.49214659685863876 0.6722532588454376 0.016753926701570682 0.06052141527001862
0 0.46701570680628274 0.7402234636871509 0.014136125654450262 0.06890130353817504
0 0.43664921465968587 0.8324022346368715 0.018848167539267015 0.0782122905027933
0 0.40209424083769635 0.931098696461825 0.031413612565445025 0.09404096834264432
1 0.6099476439790575 0.027932960893854747 0.009424083769633508 0.030726256983240222
1 0.6094240837696335 0.08286778398510242 0.009947643979057591 0.03165735567970205
1 0.6078534031413613 0.1387337057728119 0.008900523560209424 0.024208566108007448
1 0.6078534031413613 0.1871508379888268 0.007329842931937173 0.0260707635009311
1 0.6052356020942409 0.24208566108007448 0.008376963350785341 0.025139664804469275
1 0.6010471204188481 0.3333333333333333 0.005759162303664921 0.020484171322160148
1 0.5942408376963351 0.4236499068901304 0.006806282722513089 0.020484171322160148
1 0.5926701570680628 0.6880819366852886 0.0031413612565445027 0.010242085661080074
1 0.5916230366492147 0.6945996275605214 0.005235602094240838 0.012104283054003724
1 0.5910994764397905 0.7094972067039106 0.005235602094240838 0.010242085661080074
1 0.5910994764397905 0.6852886405959032 0.002617801047120419 0.012104283054003724
1 0.5900523560209424 0.5093109869646183 0.007853403141361256 0.025139664804469275
1 0.5895287958115183 0.7243947858472998 0.004712041884816754 0.01303538175046555
1 0.5890052356020943 0.6834264432029795 0.0031413612565445027 0.012104283054003724
1 0.5890052356020943 0.7392923649906891 0.005235602094240838 0.010242085661080074
1 0.5869109947643979 0.680633147113594 0.0036649214659685864 0.017690875232774673
1 0.5869109947643979 0.7607076350093109 0.004188481675392671 0.0148975791433892
0 0.5863874345549738 0.2849162011173184 0.010471204188481676 0.027001862197392923
1 0.5853403141361256 0.5893854748603352 0.005759162303664921 0.024208566108007448
1 0.5853403141361256 0.7802607076350093 0.0036649214659685864 0.0148975791433892
0 0.5848167539267015 0.3407821229050279 0.010471204188481676 0.027932960893854747
1 0.5837696335078534 0.6797020484171322 0.004188481675392671 0.017690875232774673
0 0.5832460732984294 0.2579143389199255 0.011518324607329843 0.032588454376163874
1 0.5827225130890052 0.6266294227188082 0.005759162303664921 0.0223463687150838
0 0.5816753926701571 0.40037243947858475 0.009947643979057591 0.032588454376163874
1 0.5806282722513089 0.8240223463687151 0.0036649214659685864 0.012104283054003724
1 0.5806282722513089 0.680633147113594 0.004188481675392671 0.021415270018621976
1 0.5801047120418849 0.6620111731843575 0.004188481675392671 0.019553072625698324
1 0.5769633507853403 0.8687150837988827 0.004712041884816754 0.01303538175046555
0 0.5764397905759162 0.29236499068901306 0.011518324607329843 0.036312849162011177
0 0.5753926701570681 0.8342644320297952 0.0031413612565445027 0.00931098696461825
0 0.5743455497382199 0.8268156424581006 0.002617801047120419 0.00931098696461825
0 0.5743455497382199 0.5167597765363129 0.011518324607329843 0.020484171322160148
0 0.5738219895287958 0.8528864059590316 0.004712041884816754 0.012104283054003724
0 0.5732984293193717 0.8324022346368715 0.004188481675392671 0.00931098696461825
1 0.5722513089005236 0.9106145251396648 0.004188481675392671 0.01303538175046555
0 0.5722513089005236 0.3249534450651769 0.013612565445026177 0.036312849162011177
0 0.5722513089005236 0.8743016759776536 0.004188481675392671 0.0111731843575419
0 0.5717277486910994 0.8370577281191807 0.005235602094240838 0.012104283054003724
0 0.5701570680628272 0.9013035381750466 0.0031413612565445027 0.012104283054003724
0 0.5696335078534032 0.8482309124767226 0.004188481675392671 0.012104283054003724
0 0.569109947643979 0.6210428305400373 0.009424083769633508 0.0260707635009311
0 0.5680628272251309 0.8594040968342644 0.004712041884816754 0.015828677839851025
1 0.5680628272251309 0.9543761638733705 0.004712041884816754 0.0111731843575419
0 0.5643979057591623 0.9487895716945997 0.0036649214659685864 0.0148975791433892
1 0.5638743455497383 0.9939478584729982 0.005235602094240838 0.012104283054003724
0 0.5633507853403141 0.3817504655493482 0.014136125654450262 0.040968342644320296
0 0.56282722513089 0.8901303538175046 0.005235602094240838 0.021415270018621976
0 0.5596858638743456 0.7253258845437617 0.008376963350785341 0.024208566108007448
0 0.5596858638743456 0.9953445065176909 0.005235602094240838 0.00931098696461825
0 0.5549738219895288 0.9301675977653632 0.004712041884816754 0.0186219739292365
0 0.5539267015706806 0.44227188081936686 0.015183246073298429 0.04655493482309125
0 0.5523560209424084 0.8221601489757915 0.007329842931937173 0.0260707635009311
0 0.5476439790575917 0.978584729981378 0.005235602094240838 0.020484171322160148
0 0.5445026178010471 0.9189944134078212 0.008900523560209424 0.025139664804469275
0 0.543455497382199 0.5009310986964618 0.012565445026178011 0.051210428305400374
0 0.5392670157068062 0.9655493482309124 0.008900523560209424 0.0260707635009311
0 0.5363874345549738 0.9953445065176909 0.008900523560209424 0.00931098696461825
0 0.5293193717277487 0.5595903165735568 0.015706806282722512 0.05307262569832402
0 0.5109947643979058 0.6126629422718808 0.014659685863874346 0.055865921787709494