0 0.5141361256544502 0.6908752327746741 0.016753926701570682 0.06052141527001862
0 0.48900523560209425 0.7588454376163873 0.014136125654450262 0.06890130353817504
0 0.4586387434554974 0.851024208566108 0.018848167539267015 0.0782122905027933
0 0.42408376963350786 0.9497206703910615 0.031413612565445025 0.09404096834264432
1 0.6319371727748692 0.04655493482309125 0.009424083769633508 0.030726256983240222
1 0.631675392670157 0.0037243947858473 0.008900523560209424 0.0074487895716946
1 0.631413612565445 0.10148975791433892 0.009947643979057591 0.03165735567970205
1 0.6298429319371728 0.15735567970204842 0.008900523560209424 0.024208566108007448
1 0.6298429319371728 0.20577281191806332 0.007329842931937173 0.0260707635009311
1 0.6272251308900524 0.260707635009311 0.008376963350785341 0.025139664804469275
1 0.6230366492146597 0.35195530726256985 0.005759162303664921 0.020484171322160148
1 0.6162303664921466 0.44227188081936686 0.006806282722513089 0.020484171322160148
1 0.6146596858638743 0.7067039106145251 0.0031413612565445027 0.010242085661080074
1 0.6136125654450262 0.7132216014897579 0.005235602094240838 0.012104283054003724
1 0.6130890052356021 0.7281191806331471 0.005235602094240838 0.010242085661080074
1 0.6130890052356021 0.7039106145251397 0.002617801047120419 0.012104283054003724
1 0.6120418848167539 0.5279329608938548 0.007853403141361256 0.025139664804469275
1 0.6115183246073298 0.7430167597765364 0.004712041884816754 0.01303538175046555
1 0.6109947643979058 0.702048417132216 0.0031413612565445027 0.012104283054003724
1 0.6109947643979058 0.7579143389199255 0.005235602094240838 0.010242085661080074
1 0.6089005235602094 0.6992551210428305 0.0036649214659685864 0.017690875232774673
1 0.6089005235602094 0.7793296089385475 0.004188481675392671 0.0148975791433892
0 0.6083769633507854 0.30353817504655495 0.010471204188481676 0.027001862197392923
1 0.6073298429319371 0.6080074487895717 0.005759162303664921 0.024208566108007448
1 0.6073298429319371 0.7988826815642458 0.0036649214659685864 0.0148975791433892
0 0.6068062827225131 0.35940409683426444 0.010471204188481676 0.027932960893854747
1 0.6057591623036649 0.6983240223463687 0.004188481675392671 0.017690875232774673
0 0.6052356020942409 0.276536312849162 0.011518324607329843 0.032588454376163874
1 0.6047120418848168 0.6452513966480447 0.005759162303664921 0.0223463687150838
0 0.6036649214659686 0.41899441340782123 0.009947643979057591 0.032588454376163874
1 0.6026178010471204 0.8426443202979516 0.0036649214659685864 0.012104283054003724
1 0.6026178010471204 0.6992551210428305 0.004188481675392671 0.021415270018621976
1 0.6020942408376964 0.680633147113594 0.004188481675392671 0.019553072625698324
1 0.5989528795811518 0.8873370577281192 0.004712041884816754 0.01303538175046555
0 0.5984293193717277 0.31098696461824954 0.011518324607329843 0.036312849162011177
0 0.5973821989528796 0.8528864059590316 0.0031413612565445027 0.00931098696461825
0 0.5963350785340314 0.845437616387337 0.002617801047120419 0.00931098696461825
0 0.5963350785340314 0.5353817504655494 0.011518324607329843 0.020484171322160148
0 0.5958115183246073 0.8715083798882681 0.004712041884816754 0.012104283054003724
0 0.5952879581151832 0.851024208566108 0.004188481675392671 0.00931098696461825
1 0.5942408376963351 0.9292364990689013 0.004188481675392671 0.01303538175046555
0 0.5942408376963351 0.3435754189944134 0.013612565445026177 0.036312849162011177
0 0.5942408376963351 0.8929236499068901 0.004188481675392671 0.0111731843575419
0 0.5937172774869109 0.8556797020484171 0.005235602094240838 0.012104283054003724
0 0.5921465968586388 0.9199255121042831 0.0031413612565445027 0.012104283054003724
0 0.5916230366492147 0.866852886405959 0.004188481675392671 0.012104283054003724
0 0.5910994764397905 0.6396648044692738 0.009424083769633508 0.0260707635009311
0 0.5900523560209424 0.8780260707635009 0.004712041884816754 0.015828677839851025
1 0.5900523560209424 0.972998137802607 0.004712041884816754 0.0111731843575419
0 0.5863874345549738 0.9674115456238361 0.0036649214659685864 0.0148975791433892
0 0.5853403141361256 0.40037243947858475 0.014136125654450262 0.040968342644320296
0 0.5848167539267015 0.9087523277467412 0.005235602094240838 0.021415270018621976
0 0.5816753926701571 0.7439478584729982 0.008376963350785341 0.024208566108007448
0 0.5769633507853403 0.9487895716945997 0.004712041884816754 0.0186219739292365
0 0.5759162303664922 0.46089385474860334 0.015183246073298429 0.04655493482309125
0 0.5743455497382199 0.840782122905028 0.007329842931937173 0.0260707635009311
0 0.5696335078534032 0.9934823091247672 0.005235602094240838 0.01303538175046555
0 0.5664921465968586 0.9376163873370578 0.008900523560209424 0.025139664804469275
0 0.5654450261780105 0.5195530726256983 0.012565445026178011 0.051210428305400374
0 0.5612565445026177 0.984171322160149 0.008900523560209424 0.0260707635009311
0 0.5513089005235602 0.5782122905027933 0.015706806282722512 0.05307262569832402
0 0.5329842931937173 0.6312849162011173 0.014659685863874346 0.055865921787709494