0 0.5308900523560209 0.43854748603351956 0.023036649214659685 0.03910614525139665
0 0.5591623036649215 0.48044692737430167 0.027225130890052355 0.05307262569832402
1 0.04397905759162304 0.5018621973929237 0.06858638743455497 0.11173184357541899
0 0.5910994764397905 0.5232774674115456 0.02931937172774869 0.05493482309124767
0 0.6261780104712041 0.5772811918063314 0.032460732984293195 0.0633147113594041
0 0.6732984293193718 0.6461824953445066 0.03769633507853403 0.07728119180633147
0 0.7256544502617801 0.7122905027932961 0.05235602094240838 0.0893854748603352
0 0.3774869109947644 0.3026070763500931 0.012565445026178011 0.020484171322160148
0 0.36649214659685864 0.31098696461824954 0.013612565445026177 0.032588454376163874
0 0.41413612565445024 0.313780260707635 0.015706806282722512 0.0223463687150838
0 0.38586387434554975 0.329608938547486 0.015706806282722512 0.0335195530726257
0 0.4031413612565445 0.3426443202979516 0.016753926701570682 0.04003724394785847
0 0.4350785340314136 0.3649906890130354 0.016230366492146597 0.035381750465549346
0 0.4664921465968586 0.3808193668528864 0.020418848167539267 0.032588454376163874
1 0.13612565445026178 0.3854748603351955 0.049738219895287955 0.07262569832402235
0 0.5005235602094241 0.41247672253258844 0.015706806282722512 0.03165735567970205