0 0.51416015625 0.4756944444444444 0.021484375 0.036458333333333336
0 0.54052734375 0.5147569444444444 0.025390625 0.049479166666666664
1 0.06005859375 0.5347222222222222 0.06396484375 0.10416666666666667
0 0.5703125 0.5546875 0.02734375 0.051215277777777776
0 0.60302734375 0.6050347222222222 0.0302734375 0.059027777777777776
0 0.64697265625 0.6692708333333334 0.03515625 0.0720486111111111
0 0.69580078125 0.7309027777777778 0.048828125 0.08333333333333333
0 0.37109375 0.3489583333333333 0.01171875 0.019097222222222224
0 0.36083984375 0.3567708333333333 0.0126953125 0.030381944444444444
0 0.4052734375 0.359375 0.0146484375 0.020833333333333332
0 0.37890625 0.3741319444444444 0.0146484375 0.03125
0 0.39501953125 0.3862847222222222 0.015625 0.03732638888888889
0 0.4248046875 0.4071180555555556 0.01513671875 0.03298611111111111
0 0.4541015625 0.421875 0.01904296875 0.030381944444444444
1 0.14599609375 0.4262152777777778 0.04638671875 0.06770833333333333
0 0.48583984375 0.4513888888888889 0.0146484375 0.029513888888888888