0 0.5063965884861408 0.5379506641366224 0.020788912579957356 0.04554079696394687
0 0.4877398720682303 0.5901328273244781 0.022921108742004266 0.05218216318785579
0 0.4632196162046908 0.6518026565464896 0.0255863539445629 0.05787476280834915
1 0.4349680170575693 0.722011385199241 0.028784648187633263 0.0683111954459203
0 0.3997867803837953 0.8111954459203036 0.036780383795309166 0.08349146110056926
0 0.36140724946695096 0.9070208728652751 0.041044776119402986 0.09487666034155598
1 0.605543710021322 0.014231499051233396 0.010660980810234541 0.023719165085388995
1 0.6039445628997868 0.06736242884250475 0.009594882729211088 0.022770398481973434
1 0.6018123667377399 0.1204933586337761 0.010660980810234541 0.024667931688804556
1 0.5991471215351812 0.16793168880455409 0.010660980810234541 0.021821631878557873
1 0.5954157782515992 0.2239089184060721 0.00906183368869936 0.020872865275142316
1 0.587953091684435 0.31214421252371916 0.008528784648187633 0.018975332068311195
1 0.5810234541577826 0.4032258064516129 0.008528784648187633 0.018026565464895637
0 0.57409381663113 0.26091081593927895 0.013326226012793176 0.025616698292220113
1 0.57409381663113 0.48956356736242884 0.007995735607675906 0.018026565464895637
0 0.5719616204690832 0.23719165085388993 0.013859275053304905 0.031309297912713474
0 0.5714285714285714 0.3187855787476281 0.013326226012793176 0.026565464895635674
0 0.5676972281449894 0.37855787476280833 0.012260127931769723 0.027514231499051234
1 0.5666311300639659 0.5702087286527514 0.006929637526652452 0.016129032258064516
0 0.564498933901919 0.2703984819734345 0.015458422174840085 0.028462998102466792
0 0.5575692963752665 0.3026565464895636 0.015991471215351813 0.03320683111954459
0 0.5570362473347548 0.49430740037950666 0.011194029850746268 0.024667931688804556
0 0.5479744136460555 0.6015180265654649 0.011194029850746268 0.023719165085388995
0 0.5469083155650319 0.3605313092979127 0.017057569296375266 0.03795066413662239
0 0.5373134328358209 0.706831119544592 0.010660980810234541 0.022770398481973434
0 0.5367803837953091 0.42125237191650855 0.01812366737739872 0.03889943074003795
0 0.5229211087420043 0.4810246679316888 0.02025586353944563 0.04174573055028463
0 0.5223880597014925 0.8064516129032258 0.013859275053304905 0.023719165085388995