0 0.4856860809476802 0.45789473684210524 0.0192497532082922 0.042105263157894736
0 0.5029615004935835 0.40964912280701754 0.021224086870681145 0.04824561403508772
0 0.5256663376110563 0.3526315789473684 0.023692003948667325 0.05350877192982456
1 0.5518262586377097 0.28771929824561404 0.02665350444225074 0.06315789473684211
0 0.5844027640671273 0.20526315789473684 0.03405725567620928 0.07719298245614035
0 0.6199407699901284 0.11666666666666667 0.038005923000987166 0.08771929824561403
1 0.39387956564659427 0.9421052631578948 0.009871668311944718 0.021929824561403508
1 0.39363277393879564 0.9885964912280701 0.010365251727541954 0.02280701754385965
1 0.395360315893386 0.8929824561403509 0.008884501480750246 0.021052631578947368
1 0.3973346495557749 0.843859649122807 0.009871668311944718 0.02280701754385965
1 0.3998025666337611 0.8 0.009871668311944718 0.02017543859649123
1 0.40325765054294177 0.7482456140350877 0.00839091806515301 0.01929824561403509
1 0.41016781836130306 0.6666666666666666 0.007897334649555774 0.017543859649122806
1 0.4165844027640671 0.5824561403508772 0.007897334649555774 0.016666666666666666
0 0.4230009871668312 0.7140350877192982 0.012339585389930898 0.02368421052631579
1 0.4230009871668312 0.5026315789473684 0.007403751233958539 0.016666666666666666
0 0.4249753208292201 0.7359649122807017 0.012833168805528134 0.02894736842105263
0 0.42546890424481737 0.6605263157894737 0.012339585389930898 0.02456140350877193
0 0.428923988153998 0.6052631578947368 0.011352418558736426 0.02543859649122807
1 0.4299111549851925 0.4280701754385965 0.006416584402764067 0.014912280701754385
0 0.4318854886475814 0.7052631578947368 0.014313919052319843 0.02631578947368421
0 0.4383020730503455 0.6754385964912281 0.014807502467917079 0.03070175438596491
0 0.43879565646594276 0.4982456140350877 0.010365251727541954 0.02280701754385965
0 0.4471865745310958 0.3991228070175439 0.010365251727541954 0.021929824561403508
0 0.4481737413622902 0.6219298245614036 0.01579466929911155 0.03508771929824561
0 0.4570582428430405 0.3017543859649123 0.009871668311944718 0.021052631578947368
0 0.4575518262586377 0.5657894736842105 0.01678183613030602 0.035964912280701755
0 0.47038499506416587 0.5105263157894737 0.018756169792694965 0.03859649122807018
0 0.47087857847976305 0.20964912280701756 0.012833168805528134 0.021929824561403508