0 0.49093816631130066 0.25901328273244784 0.026652452025586353 0.058823529411764705
0 0.517590618336887 0.18121442125237192 0.02931769722814499 0.06641366223908918
0 0.5490405117270789 0.07874762808349146 0.035181236673773986 0.0825426944971537
1 0.3662046908315565 0.920303605313093 0.009594882729211088 0.024667931688804556
1 0.36673773987206826 0.9705882352941176 0.00906183368869936 0.028462998102466792
1 0.36673773987206826 0.8681214421252372 0.006929637526652452 0.023719165085388995
1 0.36727078891257997 0.8149905123339658 0.007462686567164179 0.023719165085388995
1 0.3678038379530917 0.7694497153700189 0.008528784648187633 0.022770398481973434
1 0.3704690831556503 0.7144212523719166 0.008528784648187633 0.021821631878557873
1 0.3757995735607676 0.6252371916508539 0.008528784648187633 0.019924098671726755
1 0.3800639658848614 0.5341555977229602 0.006929637526652452 0.019924098671726755
1 0.3843283582089552 0.4487666034155598 0.007995735607675906 0.020872865275142316
0 0.39019189765458423 0.6707779886148008 0.010127931769722815 0.027514231499051234
0 0.39072494669509594 0.6148007590132827 0.009594882729211088 0.028462998102466792
0 0.39392324093816633 0.6935483870967742 0.013859275053304905 0.029411764705882353
0 0.39498933901918976 0.5540796963946869 0.011727078891257996 0.026565464895635674
0 0.3997867803837953 0.6603415559772297 0.014925373134328358 0.03510436432637571
0 0.40031982942430705 0.43833017077798864 0.010127931769722815 0.028462998102466792
0 0.4051172707889126 0.6242884250474383 0.01652452025586354 0.031309297912713474
0 0.4077825159914712 0.3301707779886148 0.010660980810234541 0.025616698292220113
0 0.4152452025586354 0.5673624288425048 0.01652452025586354 0.03889943074003795
0 0.4157782515991471 0.222011385199241 0.00906183368869936 0.023719165085388995
0 0.423773987206823 0.5028462998102466 0.01812366737739872 0.03984819734345351
0 0.43550106609808104 0.44212523719165087 0.019189765458422176 0.04269449715370019
0 0.44989339019189767 0.38045540796963945 0.019189765458422176 0.04554079696394687
0 0.46748400852878463 0.32447817836812143 0.022921108742004266 0.051233396584440226