0 0.5092687950566427 0.7216117216117216 0.025746652935118436 0.056776556776556776
0 0.4835221421215242 0.7967032967032966 0.02832131822863028 0.0641025641025641
0 0.45314109165808447 0.8956043956043956 0.03398558187435633 0.07967032967032966
0 0.4145211122554068 0.9771062271062271 0.037075180226570546 0.045787545787545784
1 0.629763130792997 0.08333333333333333 0.009268795056642637 0.023809523809523808
1 0.6292481977342945 0.0347985347985348 0.008753861997940269 0.027472527472527472
1 0.6292481977342945 0.1336996336996337 0.006694129763130793 0.022893772893772892
1 0.6287332646755922 0.184981684981685 0.007209062821833162 0.022893772893772892
1 0.6282183316168898 0.22893772893772893 0.008238928939237899 0.02197802197802198
1 0.6274459320288363 0.003205128205128205 0.009783728115345005 0.00641025641025641
1 0.625643666323378 0.28205128205128205 0.008238928939237899 0.021062271062271064
1 0.6204943357363543 0.36813186813186816 0.008238928939237899 0.019230769230769232
1 0.6163748712667353 0.45604395604395603 0.006694129763130793 0.019230769230769232
1 0.6122554067971163 0.5384615384615384 0.007723995880535531 0.020146520146520148
0 0.6065911431513903 0.3241758241758242 0.009783728115345005 0.026556776556776556
0 0.606076210092688 0.3782051282051282 0.009268795056642637 0.027472527472527472
0 0.6029866117404737 0.3021978021978022 0.013388259526261586 0.028388278388278388
0 0.601956745623069 0.4368131868131868 0.01132852729145211 0.02564102564102564
0 0.5973223480947477 0.3342490842490842 0.014418125643666324 0.03388278388278388
0 0.5968074150360453 0.5485347985347986 0.009783728115345005 0.027472527472527472
0 0.592173017507724 0.36904761904761907 0.01596292481977343 0.03021978021978022
0 0.5895983522142122 0.6529304029304029 0.010298661174047374 0.024725274725274724
0 0.582389289392379 0.423992673992674 0.01596292481977343 0.037545787545787544
0 0.5818743563336766 0.7573260073260073 0.008753861997940269 0.022893772893772892
0 0.574150360453141 0.48626373626373626 0.017507723995880537 0.038461538461538464
0 0.562821833161689 0.5448717948717948 0.018537590113285273 0.04120879120879121
0 0.548918640576725 0.6043956043956044 0.018537590113285273 0.04395604395604396
0 0.5319258496395468 0.6584249084249084 0.022142121524201853 0.04945054945054945