0 0.5046583850931677 0.6961325966850829 0.025879917184265012 0.053406998158379376
0 0.47929606625258797 0.7734806629834254 0.029503105590062112 0.05985267034990792
0 0.4477225672877847 0.8729281767955801 0.03364389233954451 0.07826887661141804
0 0.41045548654244307 0.9654696132596685 0.038302277432712216 0.06906077348066299
1 0.6190476190476191 0.10128913443830571 0.007763975155279503 0.022099447513812154
1 0.6190476190476191 0.15285451197053407 0.007763975155279503 0.022099447513812154
1 0.6185300207039337 0.19797421731123388 0.008281573498964804 0.020257826887661142
1 0.6185300207039337 0.05156537753222836 0.009316770186335404 0.022099447513812154
1 0.6180124223602484 0.008287292817679558 0.009316770186335404 0.016574585635359115
1 0.6169772256728778 0.2504604051565378 0.008281573498964804 0.01841620626151013
1 0.6128364389233955 0.3370165745856354 0.007246376811594203 0.017495395948434623
1 0.6086956521739131 0.425414364640884 0.007246376811594203 0.01841620626151013
1 0.6086956521739131 0.6878453038674033 0.005693581780538302 0.016574585635359115
1 0.6081780538302277 0.7044198895027625 0.005175983436853002 0.008287292817679558
1 0.6076604554865425 0.7200736648250461 0.004658385093167702 0.010128913443830571
1 0.6071428571428571 0.7348066298342542 0.005175983436853002 0.008287292817679558
1 0.6061076604554866 0.6786372007366482 0.005693581780538302 0.009208103130755065
1 0.6055900621118012 0.7569060773480663 0.004140786749482402 0.010128913443830571
1 0.605072463768116 0.509208103130755 0.006728778467908903 0.016574585635359115
1 0.6040372670807453 0.7771639042357275 0.004140786749482402 0.007366482504604052
1 0.6019668737060041 0.6767955801104972 0.005693581780538302 0.011970534069981584
1 0.6004140786749482 0.5883977900552486 0.007763975155279503 0.016574585635359115
1 0.6004140786749482 0.8232044198895028 0.005175983436853002 0.011049723756906077
0 0.5988612836438924 0.2937384898710866 0.009316770186335404 0.02302025782688766
1 0.598343685300207 0.6261510128913443 0.008281573498964804 0.016574585635359115
0 0.5973084886128365 0.34714548802946593 0.009316770186335404 0.02394106813996317
1 0.5973084886128365 0.6795580110497238 0.007763975155279503 0.016574585635359115
1 0.5962732919254659 0.8683241252302025 0.004658385093167702 0.011049723756906077
1 0.5962732919254659 0.6611418047882136 0.007246376811594203 0.016574585635359115
0 0.5957556935817805 0.40607734806629836 0.009834368530020704 0.024861878453038673
0 0.5942028985507246 0.27071823204419887 0.012422360248447204 0.026703499079189688
0 0.5936853002070394 0.8324125230202578 0.006211180124223602 0.011970534069981584
0 0.593167701863354 0.85451197053407 0.004140786749482402 0.010128913443830571
1 0.5921325051759835 0.914364640883978 0.005175983436853002 0.011049723756906077
0 0.5916149068322981 0.8775322283609577 0.004658385093167702 0.011049723756906077
0 0.5905797101449275 0.5193370165745856 0.008799171842650104 0.022099447513812154
0 0.5905797101449275 0.8406998158379374 0.005175983436853002 0.010128913443830571
0 0.589544513457557 0.9033149171270718 0.005175983436853002 0.010128913443830571
0 0.5890269151138716 0.852670349907919 0.004658385093167702 0.010128913443830571
0 0.5885093167701864 0.30386740331491713 0.013975155279503106 0.0285451197053407
1 0.5885093167701864 0.9604051565377533 0.005175983436853002 0.009208103130755065
0 0.5874741200828157 0.8637200736648251 0.004140786749482402 0.011049723756906077
0 0.5854037267080745 0.9567219152854513 0.005693581780538302 0.011970534069981584
0 0.5843685300207039 0.6233885819521179 0.009316770186335404 0.02302025782688766
0 0.5833333333333334 0.3370165745856354 0.013975155279503106 0.03314917127071823
0 0.5822981366459627 0.8987108655616943 0.006728778467908903 0.01565377532228361
0 0.5766045548654244 0.7292817679558011 0.009316770186335404 0.022099447513812154
0 0.5750517598343685 0.39318600368324125 0.015010351966873706 0.03314917127071823
0 0.5750517598343685 0.9401473296500921 0.008281573498964804 0.017495395948434623
0 0.5703933747412008 0.8305709023941068 0.009316770186335404 0.024861878453038673
0 0.5670289855072463 0.990791896869245 0.008799171842650104 0.01841620626151013
0 0.5667701863354038 0.4548802946593002 0.017080745341614908 0.03683241252302026
0 0.562111801242236 0.932780847145488 0.009834368530020704 0.02394106813996317
0 0.5595238095238095 0.9797421731123389 0.009316770186335404 0.02394106813996317
0 0.5553830227743272 0.5165745856353591 0.018115942028985508 0.03959484346224678
0 0.5419254658385093 0.5755064456721916 0.018633540372670808 0.0423572744014733
0 0.5248447204968945 0.6316758747697975 0.021739130434782608 0.04788213627992634