0 0.5034895314057827 0.7092198581560284 0.024925224327018942 0.051418439716312055
0 0.4790628115653041 0.7836879432624113 0.028414755732801594 0.057624113475177305
0 0.44865403788634095 0.8794326241134752 0.032402791625124626 0.07535460992907801
0 0.4127617148554337 0.9676418439716312 0.036889332003988036 0.06471631205673758
1 0.6136590229312063 0.13652482269503546 0.007477567298105683 0.02127659574468085
1 0.6136590229312063 0.18617021276595744 0.007477567298105683 0.02127659574468085
1 0.613160518444666 0.2296099290780142 0.007976071784646061 0.01950354609929078
1 0.613160518444666 0.08865248226950355 0.00897308075772682 0.02127659574468085
1 0.6126620139581256 0.04343971631205674 0.00897308075772682 0.02304964539007092
1 0.6116650049850448 0.2801418439716312 0.007976071784646061 0.01773049645390071
1 0.6109172482552343 0.006648936170212766 0.009471585244267198 0.013297872340425532
1 0.6076769690927218 0.36347517730496454 0.006979062811565304 0.016843971631205674
1 0.6036889332003988 0.44858156028368795 0.006979062811565304 0.01773049645390071
1 0.6036889332003988 0.7012411347517731 0.005483549351944167 0.015957446808510637
1 0.6031904287138584 0.7171985815602837 0.004985044865403789 0.007978723404255319
1 0.6026919242273181 0.7322695035460993 0.00448654037886341 0.00975177304964539
1 0.6021934197407777 0.7464539007092199 0.004985044865403789 0.007978723404255319
1 0.6011964107676969 0.6923758865248227 0.005483549351944167 0.008865248226950355
1 0.6006979062811565 0.7677304964539007 0.003988035892323031 0.00975177304964539
1 0.6001994017946162 0.5292553191489362 0.006480558325024925 0.015957446808510637
1 0.5992023928215354 0.7872340425531915 0.003988035892323031 0.0070921985815602835
1 0.5972083748753739 0.6906028368794326 0.005483549351944167 0.01152482269503546
1 0.5957128614157527 0.6054964539007093 0.007477567298105683 0.015957446808510637
1 0.5957128614157527 0.8315602836879432 0.004985044865403789 0.010638297872340425
0 0.5942173479561316 0.32180851063829785 0.00897308075772682 0.022163120567375887
1 0.5937188434695913 0.6418439716312057 0.007976071784646061 0.015957446808510637
0 0.5927218344965105 0.37322695035460995 0.00897308075772682 0.02304964539007092
1 0.5927218344965105 0.6932624113475178 0.007477567298105683 0.015957446808510637
1 0.5917248255234298 0.875 0.00448654037886341 0.010638297872340425
1 0.5917248255234298 0.675531914893617 0.006979062811565304 0.015957446808510637
0 0.5912263210368893 0.4299645390070922 0.009471585244267198 0.023936170212765957
0 0.5897308075772681 0.299645390070922 0.011964107676969093 0.025709219858156027
0 0.5892323030907278 0.8404255319148937 0.005982053838484547 0.01152482269503546
0 0.5887337986041874 0.8617021276595744 0.003988035892323031 0.00975177304964539
1 0.5877367896311066 0.9193262411347518 0.004985044865403789 0.010638297872340425
0 0.5872382851445663 0.8838652482269503 0.00448654037886341 0.010638297872340425
0 0.5862412761714856 0.5390070921985816 0.00847457627118644 0.02127659574468085
0 0.5862412761714856 0.848404255319149 0.004985044865403789 0.00975177304964539
0 0.5852442671984048 0.9086879432624113 0.004985044865403789 0.00975177304964539
0 0.5847457627118644 0.8599290780141844 0.00448654037886341 0.00975177304964539
0 0.584247258225324 0.33156028368794327 0.013459621136590228 0.0274822695035461
1 0.584247258225324 0.9636524822695035 0.004985044865403789 0.008865248226950355
0 0.5832502492522432 0.8705673758865248 0.003988035892323031 0.010638297872340425
0 0.5812562313060817 0.9601063829787234 0.005483549351944167 0.01152482269503546
0 0.580259222333001 0.6391843971631206 0.00897308075772682 0.022163120567375887
0 0.5792622133599202 0.36347517730496454 0.013459621136590228 0.031914893617021274
0 0.5782652043868395 0.9042553191489362 0.006480558325024925 0.015070921985815602
0 0.5727816550348953 0.7411347517730497 0.00897308075772682 0.02127659574468085
0 0.5712861415752741 0.4175531914893617 0.014456630109670987 0.031914893617021274
0 0.5712861415752741 0.9441489361702128 0.007976071784646061 0.016843971631205674
0 0.5667996011964108 0.8386524822695035 0.00897308075772682 0.023936170212765957
0 0.5635593220338984 0.9920212765957447 0.00847457627118644 0.015957446808510637
0 0.5633100697906281 0.4769503546099291 0.016450648055832504 0.03546099290780142
0 0.5588235294117647 0.9370567375886525 0.009471585244267198 0.02304964539007092
0 0.5563310069790628 0.9822695035460993 0.00897308075772682 0.02304964539007092
0 0.5523429710867398 0.5363475177304965 0.01744765702891326 0.038120567375886524
0 0.53938185443669 0.5930851063829787 0.01794616151545364 0.040780141843971635
0 0.5229312063808574 0.6471631205673759 0.020937188434695914 0.04609929078014184