0 0.5656822810590632 0.4773550724637681 0.020366598778004074 0.030797101449275364
1 0.21792260692464357 0.48007246376811596 0.03207739307535642 0.035326086956521736
0 0.5962321792260692 0.5054347826086957 0.026476578411405296 0.03260869565217391
1 0.20977596741344195 0.5126811594202898 0.03818737270875764 0.043478260869565216
0 0.6318737270875764 0.542572463768116 0.03054989816700611 0.044384057971014496
0 0.6756619144602851 0.5896739130434783 0.03615071283095723 0.044384057971014496
1 0.14816700610997963 0.6277173913043478 0.0554989816700611 0.06702898550724638
0 0.7311608961303462 0.6413043478260869 0.043279022403258656 0.05615942028985507
0 0.7932790224032586 0.7028985507246377 0.05244399185336049 0.06702898550724638
1 0.03207739307535642 0.8786231884057971 0.06415478615071284 0.10326086956521739
1 0.2785132382892057 0.3423913043478261 0.009674134419551934 0.01177536231884058
1 0.3340122199592668 0.3442028985507246 0.01374745417515275 0.015398550724637682
1 0.2530549898167006 0.3442028985507246 0.01120162932790224 0.015398550724637682
1 0.3579429735234216 0.3451086956521739 0.01120162932790224 0.017210144927536232
1 0.3065173116089613 0.3451086956521739 0.011710794297352342 0.017210144927536232
1 0.3869653767820774 0.34782608695652173 0.010183299389002037 0.014492753623188406
1 0.6374745417515275 0.35144927536231885 0.0050916496945010185 0.008152173913043478
1 0.23014256619144602 0.35144927536231885 0.013238289205702648 0.019927536231884056
1 0.6456211812627292 0.3523550724637681 0.00560081466395112 0.009057971014492754
1 0.6542769857433809 0.3532608695652174 0.0050916496945010185 0.008152173913043478
1 0.43380855397148677 0.3541666666666667 0.009674134419551934 0.016304347826086956
1 0.6664969450101833 0.35597826086956524 0.00560081466395112 0.007246376811594203
1 0.20875763747454176 0.35688405797101447 0.014765784114052953 0.019927536231884056
1 0.6776985743380856 0.3596014492753623 0.00560081466395112 0.008152173913043478
1 0.4816700610997963 0.3596014492753623 0.009674134419551934 0.017210144927536232
1 0.1945010183299389 0.36231884057971014 0.014765784114052953 0.019021739130434784
1 0.5290224032586558 0.3632246376811594 0.008146639511201629 0.012681159420289856
1 0.7031568228105907 0.3641304347826087 0.0050916496945010185 0.008152173913043478
1 0.5728105906313645 0.3695652173913043 0.009164969450101833 0.012681159420289856
1 0.7286150712830958 0.3695652173913043 0.0050916496945010185 0.008152173913043478
1 0.5931771894093686 0.3713768115942029 0.008655804480651732 0.009963768115942028
1 0.18075356415478616 0.3713768115942029 0.016293279022403257 0.026268115942028984
1 0.755091649694501 0.3740942028985507 0.004582484725050916 0.004528985507246377
0 0.719959266802444 0.375 0.006619144602851324 0.009057971014492754
1 0.6135437881873728 0.3759057971014493 0.008146639511201629 0.010869565217391304
0 0.734725050916497 0.37771739130434784 0.006109979633401222 0.008152173913043478
1 0.17209775967413443 0.3786231884057971 0.018329938900203666 0.021739130434782608
1 0.7805498981670062 0.3804347826086957 0.0050916496945010185 0.006340579710144928
0 0.40987780040733196 0.3804347826086957 0.012219959266802444 0.019021739130434784
0 0.439918533604888 0.3804347826086957 0.016293279022403257 0.021739130434782608
0 0.7489816700610998 0.3822463768115942 0.006619144602851324 0.009057971014492754
0 0.4714867617107943 0.384963768115942 0.01374745417515275 0.019927536231884056
0 0.7194501018329938 0.384963768115942 0.006619144602851324 0.009057971014492754
0 0.3986761710794297 0.3858695652173913 0.013238289205702648 0.021739130434782608
0 0.7785132382892057 0.38768115942028986 0.006109979633401222 0.007246376811594203
0 0.7260692464358453 0.38768115942028986 0.006109979633401222 0.009057971014492754
0 0.535132382892057 0.39221014492753625 0.013238289205702648 0.019021739130434784
1 0.17209775967413443 0.39311594202898553 0.020875763747454174 0.03170289855072464
0 0.8080448065173116 0.39402173913043476 0.0050916496945010185 0.008152173913043478
0 0.744908350305499 0.3967391304347826 0.007128309572301426 0.009963768115942028
0 0.4154786150712831 0.39855072463768115 0.015784114052953158 0.02355072463768116
0 0.8380855397148677 0.4003623188405797 0.0050916496945010185 0.008152173913043478
0 0.5926680244399185 0.401268115942029 0.012219959266802444 0.019927536231884056
0 0.7693482688391039 0.4067028985507246 0.008655804480651732 0.009963768115942028
0 0.8686354378818737 0.4067028985507246 0.006619144602851324 0.008152173913043478
1 0.17668024439918534 0.4067028985507246 0.022912423625254582 0.030797101449275364
0 0.6507128309572301 0.40942028985507245 0.012219959266802444 0.016304347826086956
0 0.434826883910387 0.40942028985507245 0.01680244399185336 0.028079710144927536
0 0.895112016293279 0.4121376811594203 0.006619144602851324 0.009057971014492754
1 0.18533604887983707 0.41757246376811596 0.025967413441955193 0.035326086956521736
0 0.7993890020366599 0.41938405797101447 0.009674134419551934 0.012681159420289856
0 0.7077393075356415 0.42028985507246375 0.012729124236252547 0.018115942028985508
0 0.9241344195519349 0.421195652173913 0.004582484725050916 0.009057971014492754
0 0.4653767820773931 0.4221014492753623 0.015784114052953158 0.024456521739130436
0 0.9562118126272913 0.42934782608695654 0.004582484725050916 0.009057971014492754
0 0.7637474541751528 0.4320652173913043 0.01374745417515275 0.019021739130434784
1 0.20315682281059064 0.4320652173913043 0.025967413441955193 0.029891304347826088
0 0.4994908350305499 0.4338768115942029 0.018329938900203666 0.02717391304347826
0 0.8294297352342159 0.4338768115942029 0.010183299389002037 0.017210144927536232
0 0.7917515274949084 0.4365942028985507 0.012729124236252547 0.018115942028985508
0 0.8172097759674134 0.44021739130434784 0.012219959266802444 0.020833333333333332
0 0.8365580448065173 0.4411231884057971 0.012219959266802444 0.017210144927536232
1 0.2158859470468432 0.453804347826087 0.0280040733197556 0.034420289855072464
0 0.5330957230142567 0.45471014492753625 0.01985743380855397 0.02717391304347826