0 0.4901768172888016 0.37783595113438045 0.01669941060903733 0.034904013961605584
1 0.4914047151277014 0.9729493891797557 0.019155206286836934 0.05410122164048865
0 0.5054027504911591 0.3254799301919721 0.01768172888015717 0.04537521815008726
1 0.5093320235756386 0.9773123909249564 0.023575638506876228 0.04537521815008726
0 0.5255402750491159 0.2643979057591623 0.02406679764243615 0.05235602094240838
0 0.5510805500982319 0.1893542757417103 0.02406679764243615 0.06195462478184991
0 0.5790766208251473 0.09424083769633508 0.030451866404715127 0.07417102966841187
0 0.612475442043222 0.01614310645724258 0.036345776031434185 0.03228621291448516
1 0.4169941060903733 0.8699825479930192 0.0063850687622789785 0.016579406631762654
1 0.4179764243614931 0.774869109947644 0.008349705304518664 0.02356020942408377
1 0.4179764243614931 0.9136125654450262 0.008349705304518664 0.019197207678883072
1 0.41846758349705304 0.7338568935427574 0.009332023575638507 0.019197207678883072
1 0.41846758349705304 0.8219895287958116 0.009332023575638507 0.02006980802792321
1 0.4199410609037328 0.6841186736474695 0.007858546168958742 0.017452006980802792
1 0.4219056974459725 0.2547993019197208 0.0044204322200392925 0.008726003490401396
1 0.4219056974459725 0.9528795811518325 0.010805500982318271 0.02268760907504363
1 0.4223968565815324 0.24083769633507854 0.004911591355599214 0.009598603839441536
1 0.42288801571709234 0.22600349040139617 0.0044204322200392925 0.008726003490401396
1 0.42337917485265225 0.6038394415357766 0.008840864440078585 0.016579406631762654
1 0.4243614931237721 0.20506108202443282 0.003929273084479371 0.009598603839441536
1 0.424852652259332 0.9882198952879581 0.010805500982318271 0.02356020942408377
1 0.4263261296660118 0.18586387434554974 0.0044204322200392925 0.009598603839441536
1 0.4263261296660118 0.5218150087260035 0.009332023575638507 0.016579406631762654
1 0.42829076620825146 0.4406631762652705 0.0068762278978389 0.013961605584642234
1 0.4287819253438114 0.14223385689354276 0.0044204322200392925 0.008726003490401396
1 0.4317288801571709 0.3656195462478185 0.0068762278978389 0.015706806282722512
1 0.4317288801571709 0.09860383944153578 0.0044204322200392925 0.008726003490401396
1 0.43271119842829076 0.3307155322862129 0.0054027504911591355 0.014834205933682374
1 0.43418467583497056 0.053228621291448515 0.002455795677799607 0.007853403141361256
0 0.4346758349705305 0.11343804537521815 0.004911591355599214 0.011343804537521814
1 0.4351669941060904 0.29581151832460734 0.005893909626719057 0.013961605584642234
0 0.4361493123772102 0.0881326352530541 0.0044204322200392925 0.010471204188481676
1 0.43762278978388996 0.009598603839441536 0.00343811394891945 0.008726003490401396
0 0.43762278978388996 0.6448516579406631 0.01031434184675835 0.020942408376963352
0 0.43762278978388996 0.5933682373472949 0.011787819253438114 0.027923211169284468
0 0.4386051080550098 0.0636998254799302 0.004911591355599214 0.011343804537521814
0 0.4400785854616896 0.5392670157068062 0.010805500982318271 0.02356020942408377
0 0.4400785854616896 0.1143106457242583 0.004911591355599214 0.011343804537521814
0 0.4405697445972495 0.6640488656195462 0.011787819253438114 0.02268760907504363
0 0.44155206286836934 0.013089005235602094 0.003929273084479371 0.010471204188481676
0 0.44155206286836934 0.10296684118673648 0.004911591355599214 0.010471204188481676
0 0.444007858546169 0.43019197207678883 0.01031434184675835 0.02268760907504363
0 0.44646365422396855 0.07068062827225131 0.0054027504911591355 0.012216404886561954
0 0.4474459724950884 0.6352530541012217 0.012770137524557957 0.027050610820244327
0 0.4489194499017682 0.33158813263525305 0.010805500982318271 0.020942408376963352
0 0.4518664047151277 0.028795811518324606 0.0054027504911591355 0.014834205933682374
0 0.4533398821218075 0.23211169284467714 0.008840864440078585 0.020942408376963352
0 0.4533398821218075 0.6020942408376964 0.015225933202357564 0.028795811518324606
0 0.4592337917485265 0.1343804537521815 0.009823182711198428 0.02181500872600349
0 0.46021611001964635 0.5497382198952879 0.013261296660117878 0.027050610820244327
0 0.4656188605108055 0.038394415357766144 0.01031434184675835 0.02356020942408377
1 0.46537328094302555 0.9882198952879581 0.016208251473477406 0.02356020942408377
0 0.46660117878192536 0.4912739965095986 0.014734774066797643 0.031413612565445025
1 0.4774066797642436 0.9764397905759162 0.018664047151277015 0.04712041884816754
0 0.47789783889980353 0.4336823734729494 0.014734774066797643 0.034031413612565446