1 0.4781420765027322 0.09805825242718447 0.003825136612021858 0.011650485436893204
1 0.4786885245901639 0.08058252427184466 0.004371584699453552 0.009708737864077669
1 0.4792349726775956 0.06407766990291262 0.004371584699453552 0.011650485436893204
1 0.48032786885245904 0.040776699029126215 0.003278688524590164 0.01262135922330097
1 0.4808743169398907 0.7699029126213592 0.007650273224043716 0.02621359223300971
1 0.4808743169398907 0.6718446601941748 0.008743169398907104 0.02330097087378641
1 0.4814207650273224 0.7213592233009709 0.009289617486338797 0.024271844660194174
1 0.4814207650273224 0.017475728155339806 0.004371584699453552 0.01262135922330097
1 0.4819672131147541 0.6281553398058253 0.008743169398907104 0.024271844660194174
1 0.4830601092896175 0.816504854368932 0.010382513661202186 0.02621359223300971
1 0.4830601092896175 0.574757281553398 0.008743169398907104 0.02233009708737864
1 0.4852459016393443 0.8572815533980582 0.009836065573770493 0.027184466019417475
1 0.48743169398907105 0.487378640776699 0.008743169398907104 0.021359223300970873
1 0.4890710382513661 0.8941747572815534 0.01092896174863388 0.02912621359223301
1 0.4907103825136612 0.3970873786407767 0.007650273224043716 0.020388349514563107
1 0.4923497267759563 0.129126213592233 0.006010928961748634 0.018446601941747572
1 0.492896174863388 0.3087378640776699 0.007650273224043716 0.02233009708737864
1 0.49453551912568305 0.9194174757281554 0.012021857923497269 0.027184466019417475
1 0.4967213114754098 0.1262135922330097 0.007650273224043716 0.020388349514563107
1 0.49836065573770494 0.22427184466019418 0.009289617486338797 0.018446601941747572
1 0.4989071038251366 0.18446601941747573 0.009289617486338797 0.02233009708737864
1 0.4989071038251366 0.9446601941747573 0.011475409836065573 0.035922330097087375
1 0.4994535519125683 0.14563106796116504 0.007103825136612022 0.020388349514563107
1 0.5065573770491804 0.958252427184466 0.012021857923497269 0.04271844660194175
0 0.5098360655737705 0.4766990291262136 0.009289617486338797 0.030097087378640777
0 0.5098360655737705 0.5320388349514563 0.011475409836065573 0.031067961165048542
0 0.5114754098360655 0.4174757281553398 0.012021857923497269 0.027184466019417475
1 0.5158469945355191 0.958252427184466 0.012021857923497269 0.04174757281553398
0 0.5158469945355191 0.554368932038835 0.009836065573770493 0.03300970873786408
0 0.5163934426229508 0.29902912621359223 0.010382513661202186 0.03398058252427184
0 0.5202185792349727 0.18640776699029127 0.010382513661202186 0.03300970873786408
0 0.5234972677595628 0.5203883495145631 0.012021857923497269 0.03495145631067961
0 0.5251366120218579 0.070873786407767 0.010382513661202186 0.038834951456310676
1 0.5256830601092897 0.9533980582524272 0.013114754098360656 0.040776699029126215
0 0.5311475409836065 0.487378640776699 0.012021857923497269 0.03495145631067961
1 0.5382513661202186 0.9378640776699029 0.018032786885245903 0.04854368932038835
0 0.5426229508196722 0.42718446601941745 0.015300546448087432 0.039805825242718446
1 0.5508196721311476 0.9087378640776699 0.017486338797814208 0.05145631067961165
0 0.5524590163934426 0.3640776699029126 0.015300546448087432 0.04757281553398058
1 0.5666666666666667 0.8844660194174757 0.020765027322404372 0.05631067961165048
0 0.5683060109289617 0.30194174757281556 0.017486338797814208 0.05048543689320388
0 0.5846994535519126 0.23786407766990292 0.016939890710382512 0.06019417475728155
1 0.587431693989071 0.8796116504854369 0.022950819672131147 0.062135922330097085
0 0.607103825136612 0.18058252427184465 0.021311475409836064 0.06990291262135923
1 0.6125683060109289 0.8951456310679612 0.02622950819672131 0.07184466019417475
0 0.6300546448087432 0.11067961165048544 0.01912568306010929 0.06990291262135923
0 0.6592896174863389 0.0354368932038835 0.027868852459016394 0.070873786407767
1 0.6923497267759563 0.9699029126213592 0.03715846994535519 0.06019417475728155