0 0.47756729810568294 0.39361702127659576 0.018444666001994018 0.026595744680851064
1 0.48404785643070786 0.7065602836879432 0.01794616151545364 0.02925531914893617
0 0.4905284147557328 0.36879432624113473 0.019940179461615155 0.03368794326241135
0 0.49900299102691925 0.3333333333333333 0.018444666001994018 0.02925531914893617
1 0.49900299102691925 0.6843971631205674 0.016450648055832504 0.03102836879432624
0 0.5159521435692921 0.2828014184397163 0.020438683948155532 0.030141843971631204
1 0.5189431704885344 0.6622340425531915 0.018943170488534396 0.038120567375886524
0 0.5314057826520439 0.22872340425531915 0.019441674975074777 0.03546099290780142
1 0.5423728813559322 0.6578014184397163 0.02243270189431705 0.038120567375886524
0 0.5528414755732801 0.16932624113475178 0.024925224327018942 0.04521276595744681
1 0.5702891326021934 0.6666666666666666 0.03040877367896311 0.04875886524822695
0 0.5737786640079761 0.11613475177304965 0.026919242273180457 0.04343971631205674
0 0.6011964107676969 0.06294326241134751 0.02642073778664008 0.044326241134751775
0 0.6333499501495513 0.014184397163120567 0.029411764705882353 0.028368794326241134
1 0.6490528414755733 0.723404255319149 0.04436689930209372 0.07535460992907801
1 0.7674476570289133 0.837322695035461 0.027417746759720838 0.10549645390070922
1 0.42572283150548357 0.5851063829787234 0.01296111665004985 0.01773049645390071
1 0.4267198404785643 0.625 0.012462612163509471 0.01773049645390071
1 0.4272183449651047 0.6569148936170213 0.016450648055832504 0.024822695035460994
1 0.4292123629112662 0.5469858156028369 0.011465603190428714 0.01773049645390071
1 0.43120638085742774 0.5053191489361702 0.01296111665004985 0.016843971631205674
1 0.43320039880358924 0.6843971631205674 0.014955134596211365 0.022163120567375887
1 0.44167497507477566 0.7189716312056738 0.015952143569292122 0.015070921985815602
1 0.4481555333998006 0.7304964539007093 0.012462612163509471 0.023936170212765957
1 0.4596211365902293 0.7304964539007093 0.013958125623130608 0.024822695035460994
1 0.47258225324027914 0.723404255319149 0.01296111665004985 0.028368794326241134