1 0.5079449152542372 0.4839924670433145 0.03177966101694915 0.03954802259887006
1 0.5021186440677966 0.5338983050847458 0.029661016949152543 0.04896421845574388
1 0.46875 0.6657250470809792 0.04184322033898305 0.062146892655367235
1 0.4030720338983051 0.89924670433145 0.056673728813559324 0.1016949152542373
1 0.5079449152542372 0.288135593220339 0.013771186440677966 0.027306967984934087
1 0.4888771186440678 0.2909604519774011 0.012182203389830509 0.02071563088512241
1 0.4782838983050847 0.2984934086629002 0.011652542372881356 0.017890772128060263
1 0.4682203389830508 0.3022598870056497 0.011652542372881356 0.015065913370998116
1 0.4639830508474576 0.3173258003766478 0.014830508474576272 0.017890772128060263
1 0.4639830508474576 0.3352165725047081 0.014300847457627119 0.01977401129943503
1 0.4676906779661017 0.3578154425612053 0.019067796610169493 0.027306967984934087
1 0.4761652542372881 0.3775894538606403 0.018538135593220338 0.032015065913371
1 0.4925847457627119 0.4096045197740113 0.023834745762711863 0.02824858757062147
1 0.5042372881355932 0.4416195856873823 0.023305084745762712 0.023540489642184557