1 0.5149551345962113 0.5141843971631206 0.020937188434695914 0.05319148936170213
1 0.4885343968095713 0.5044326241134752 0.0259222333000997 0.04964539007092199
1 0.4187437686939183 0.44858156028368795 0.03290129611166501 0.0700354609929078
1 0.2951146560319043 0.33865248226950356 0.053838484546360914 0.09485815602836879
1 0.6186440677966102 0.5141843971631206 0.014456630109670987 0.02304964539007092
1 0.617148554336989 0.48226950354609927 0.010967098703888335 0.020390070921985817
1 0.613160518444666 0.4645390070921986 0.009471585244267198 0.01950354609929078
1 0.6111665004985045 0.44769503546099293 0.007976071784646061 0.01950354609929078
1 0.6031904287138584 0.44060283687943264 0.009471585244267198 0.024822695035460994
1 0.5937188434695913 0.44060283687943264 0.010468594217347957 0.023936170212765957
1 0.5817547357926222 0.44680851063829785 0.014456630109670987 0.031914893617021274
1 0.5712861415752741 0.46099290780141844 0.01694915254237288 0.03102836879432624
1 0.5543369890329013 0.48847517730496454 0.014955134596211365 0.0398936170212766
1 0.5373878364905285 0.5079787234042553 0.012462612163509471 0.03900709219858156