0 0.4844689378757515 0.42780748663101603 0.025050100200400802 0.03832442067736185
1 0.4964929859719439 0.9942067736185384 0.028056112224448898 0.011586452762923352
0 0.5075150300601202 0.3877005347593583 0.022545090180360723 0.040998217468805706
0 0.5340681362725451 0.3493761140819964 0.03006012024048096 0.05258467023172905
0 0.5666332665330661 0.3003565062388592 0.03707414829659319 0.054367201426024955
0 0.6097194388777555 0.24866310160427807 0.03807615230460922 0.06417112299465241
0 0.6518036072144289 0.18270944741532977 0.03907815631262525 0.07219251336898395
0 0.40531062124248496 0.6515151515151515 0.013527054108216433 0.023172905525846704
0 0.40531062124248496 0.6024955436720143 0.013527054108216433 0.025846702317290554
0 0.406312625250501 0.5445632798573975 0.013026052104208416 0.022281639928698752
0 0.41132264529058116 0.4376114081996435 0.012024048096192385 0.023172905525846704
0 0.4118236472945892 0.6729055258467023 0.013026052104208416 0.022281639928698752
0 0.4153306613226453 0.3324420677361854 0.014529058116232466 0.023172905525846704
0 0.42084168336673344 0.6488413547237076 0.015531062124248497 0.02406417112299465
0 0.4213426853707415 0.23172905525846701 0.016533066132264528 0.030303030303030304
0 0.42635270541082165 0.12388591800356506 0.015531062124248497 0.023172905525846704
0 0.42985971943887774 0.6221033868092691 0.01503006012024048 0.0285204991087344
0 0.43286573146292584 0.0196078431372549 0.013026052104208416 0.017825311942959002
0 0.43987975951903807 0.5730837789661319 0.015531062124248497 0.03208556149732621
0 0.45240480961923846 0.5231729055258467 0.02004008016032064 0.036541889483065956
0 0.46593186372745493 0.4741532976827095 0.02004008016032064 0.035650623885918005
1 0.4724448897795591 0.9919786096256684 0.025050100200400802 0.016042780748663103