0 0.53564453125 0.4722222222222222 0.02099609375 0.043402777777777776
1 0.216796875 0.4930555555555556 0.0234375 0.04861111111111111
0 0.5576171875 0.5121527777777778 0.0224609375 0.0390625
1 0.205078125 0.5373263888888888 0.02880859375 0.05295138888888889
0 0.57861328125 0.5581597222222222 0.02880859375 0.052083333333333336
0 0.60546875 0.6145833333333334 0.02978515625 0.0642361111111111
1 0.146484375 0.6727430555555556 0.04931640625 0.06510416666666667
0 0.6337890625 0.6892361111111112 0.03515625 0.06597222222222222
0 0.669921875 0.7621527777777778 0.03955078125 0.06770833333333333
1 0.05126953125 0.8923611111111112 0.0673828125 0.07725694444444445
0 0.4130859375 0.3350694444444444 0.0126953125 0.0234375
0 0.43994140625 0.3350694444444444 0.01416015625 0.0234375
0 0.4716796875 0.3368055555555556 0.01220703125 0.022569444444444444
0 0.5302734375 0.3454861111111111 0.0126953125 0.020833333333333332
0 0.4013671875 0.3463541666666667 0.01220703125 0.022569444444444444
0 0.587890625 0.3524305555555556 0.0126953125 0.025173611111111112
0 0.41455078125 0.3619791666666667 0.01318359375 0.026909722222222224
0 0.64306640625 0.3628472222222222 0.0166015625 0.028645833333333332
0 0.7021484375 0.3715277777777778 0.0126953125 0.026909722222222224
0 0.42919921875 0.3776041666666667 0.015625 0.026041666666666668
0 0.75927734375 0.3828125 0.009765625 0.022569444444444444
0 0.783203125 0.3880208333333333 0.0107421875 0.022569444444444444
0 0.8291015625 0.3923611111111111 0.01416015625 0.027777777777777776
0 0.4560546875 0.3949652777777778 0.017578125 0.026909722222222224
0 0.80908203125 0.3949652777777778 0.01513671875 0.022569444444444444
1 0.197265625 0.4001736111111111 0.015625 0.024305555555555556
0 0.4833984375 0.4166666666666667 0.02001953125 0.034722222222222224
1 0.20849609375 0.4262152777777778 0.0224609375 0.034722222222222224
0 0.51025390625 0.4401041666666667 0.01953125 0.034722222222222224
1 0.2177734375 0.4513888888888889 0.02587890625 0.043402777777777776