1 0.5628166160081054 0.9252252252252252 0.040526849037487336 0.0981981981981982
1 0.3105369807497467 0.5693693693693693 0.009625126646403243 0.024324324324324326
1 0.31864235055724416 0.572972972972973 0.010638297872340425 0.027927927927927927
0 0.32573454913880445 0.1864864864864865 0.010131712259371834 0.02702702702702703
0 0.32776089159067884 0.218018018018018 0.010638297872340425 0.026126126126126126
1 0.32877406281661603 0.5702702702702702 0.01165146909827761 0.03153153153153153
0 0.3292806484295846 0.12522522522522522 0.013171225937183385 0.036936936936936934
0 0.33789260385005065 0.1900900900900901 0.010131712259371834 0.02972972972972973
1 0.33991894630192504 0.5603603603603604 0.012664640324214792 0.032432432432432434
0 0.3475177304964539 0.16216216216216217 0.013171225937183385 0.03783783783783784
1 0.353596757852077 0.5540540540540541 0.016210739614994935 0.03873873873873874
0 0.3637284701114488 0.11261261261261261 0.014690982776089158 0.043243243243243246
1 0.3728470111448835 0.5675675675675675 0.020263424518743668 0.044144144144144144
0 0.38095238095238093 0.05405405405405406 0.018743667679837893 0.05405405405405406
1 0.39311043566362713 0.5963963963963964 0.02330293819655522 0.04684684684684685
0 0.4027355623100304 0.010810810810810811 0.016210739614994935 0.021621621621621623
1 0.45491388044579534 0.7189189189189189 0.028875379939209727 0.06846846846846846