0 0.5439453125 0.5399305555555556 0.0458984375 0.08159722222222222
0 0.5732421875 0.6579861111111112 0.04833984375 0.08506944444444445
1 0.29638671875 0.078125 0.01513671875 0.010416666666666666
1 0.26611328125 0.078125 0.0126953125 0.011284722222222222
1 0.32958984375 0.0798611111111111 0.01416015625 0.010416666666666666
1 0.2353515625 0.08159722222222222 0.0126953125 0.013020833333333334
1 0.2021484375 0.08506944444444445 0.01806640625 0.014756944444444444
1 0.16845703125 0.08680555555555555 0.0185546875 0.016493055555555556
1 0.38232421875 0.0876736111111111 0.0126953125 0.010416666666666666
1 0.13671875 0.09375 0.01904296875 0.012152777777777778
1 0.43603515625 0.09461805555555555 0.0126953125 0.009548611111111112
1 0.107421875 0.10243055555555555 0.02001953125 0.014756944444444444
1 0.486328125 0.10590277777777778 0.01220703125 0.008680555555555556
1 0.611328125 0.10590277777777778 0.00537109375 0.008680555555555556
1 0.60546875 0.10677083333333333 0.0048828125 0.0078125
1 0.61962890625 0.1076388888888889 0.00634765625 0.008680555555555556
1 0.62841796875 0.11024305555555555 0.00439453125 0.006944444444444444
1 0.60107421875 0.11024305555555555 0.00537109375 0.006944444444444444
1 0.08251953125 0.11197916666666667 0.01904296875 0.016493055555555556
1 0.6376953125 0.11284722222222222 0.005859375 0.0078125
1 0.5986328125 0.11371527777777778 0.0078125 0.006944444444444444
1 0.6513671875 0.1171875 0.00537109375 0.006076388888888889
1 0.5341796875 0.11805555555555555 0.01025390625 0.010416666666666666
1 0.5947265625 0.11979166666666667 0.00927734375 0.006944444444444444
0 0.33251953125 0.12239583333333333 0.01708984375 0.015625
1 0.0615234375 0.12239583333333333 0.01806640625 0.021701388888888888
1 0.662109375 0.1232638888888889 0.00634765625 0.006944444444444444
1 0.55712890625 0.1232638888888889 0.01025390625 0.008680555555555556
0 0.36767578125 0.1232638888888889 0.01806640625 0.019965277777777776
1 0.5927734375 0.125 0.00830078125 0.0078125
0 0.40380859375 0.1267361111111111 0.015625 0.017361111111111112
1 0.57763671875 0.1293402777777778 0.009765625 0.0078125
0 0.3125 0.13020833333333334 0.0185546875 0.013020833333333334
1 0.58935546875 0.1310763888888889 0.01025390625 0.009548611111111112
1 0.0439453125 0.1328125 0.017578125 0.016493055555555556
1 0.68798828125 0.1328125 0.00732421875 0.005208333333333333
0 0.4736328125 0.140625 0.01611328125 0.020833333333333332
0 0.326171875 0.1423611111111111 0.01953125 0.017361111111111112
1 0.71435546875 0.1449652777777778 0.005859375 0.0078125
1 0.0341796875 0.1467013888888889 0.0234375 0.016493055555555556
0 0.6884765625 0.14756944444444445 0.01123046875 0.009548611111111112
0 0.70166015625 0.1484375 0.00634765625 0.0078125
0 0.7158203125 0.1545138888888889 0.0068359375 0.0078125
0 0.5380859375 0.1545138888888889 0.015625 0.016493055555555556
0 0.34228515625 0.15538194444444445 0.0205078125 0.019965277777777776
1 0.73974609375 0.15538194444444445 0.0068359375 0.008680555555555556
0 0.69677734375 0.1597222222222222 0.01025390625 0.008680555555555556
0 0.73046875 0.16145833333333334 0.00830078125 0.008680555555555556
1 0.0283203125 0.16493055555555555 0.0302734375 0.019097222222222224
0 0.70166015625 0.16493055555555555 0.01171875 0.006944444444444444
1 0.76513671875 0.1675347222222222 0.00537109375 0.006944444444444444
0 0.369140625 0.17274305555555555 0.02294921875 0.027777777777777776
0 0.60107421875 0.17447916666666666 0.01318359375 0.015625
0 0.71875 0.17447916666666666 0.01171875 0.011284722222222222
0 0.75830078125 0.1753472222222222 0.00830078125 0.008680555555555556
1 0.78955078125 0.17881944444444445 0.005859375 0.006076388888888889
1 0.025390625 0.18229166666666666 0.03125 0.020833333333333332
0 0.78857421875 0.1892361111111111 0.0078125 0.008680555555555556
1 0.81494140625 0.19010416666666666 0.00537109375 0.0078125
0 0.73779296875 0.19270833333333334 0.0107421875 0.011284722222222222
0 0.66162109375 0.19618055555555555 0.013671875 0.015625
0 0.39794921875 0.19618055555555555 0.02490234375 0.028645833333333332
0 0.8173828125 0.20052083333333334 0.00634765625 0.006944444444444444
1 0.8388671875 0.20225694444444445 0.0078125 0.006944444444444444
1 0.03173828125 0.20399305555555555 0.03955078125 0.021701388888888888
0 0.765625 0.21354166666666666 0.0126953125 0.013888888888888888
1 0.86328125 0.21354166666666666 0.0068359375 0.006076388888888889
0 0.84814453125 0.2144097222222222 0.0078125 0.010416666666666666
0 0.72119140625 0.21875 0.0126953125 0.013888888888888888
0 0.42724609375 0.21961805555555555 0.02392578125 0.03211805555555555
0 0.8740234375 0.2265625 0.009765625 0.0078125
1 0.8916015625 0.22743055555555555 0.00830078125 0.006944444444444444
1 0.02978515625 0.2300347222222222 0.04541015625 0.03298611111111111
0 0.7490234375 0.2309027777777778 0.01318359375 0.015625
0 0.79296875 0.234375 0.013671875 0.010416666666666666
0 0.77587890625 0.23958333333333334 0.01416015625 0.017361111111111112
0 0.90185546875 0.2404513888888889 0.0087890625 0.006944444444444444
0 0.79541015625 0.2456597222222222 0.013671875 0.012152777777777778
0 0.9326171875 0.2560763888888889 0.00634765625 0.006944444444444444
0 0.45068359375 0.2569444444444444 0.02490234375 0.03732638888888889
1 0.017578125 0.2682291666666667 0.03515625 0.043402777777777776
0 0.470703125 0.3046875 0.0283203125 0.03993055555555555
0 0.4912109375 0.3619791666666667 0.02880859375 0.049479166666666664
0 0.51513671875 0.4409722222222222 0.03564453125 0.06076388888888889