0 0.5468431771894093 0.5280797101449275 0.04786150712830957 0.08514492753623189
0 0.5773930753564155 0.6512681159420289 0.050407331975560084 0.08876811594202899
1 0.28869653767820774 0.04619565217391304 0.015784114052953158 0.010869565217391304
1 0.25712830957230143 0.04619565217391304 0.013238289205702648 0.01177536231884058
1 0.32331975560081466 0.04800724637681159 0.014765784114052953 0.010869565217391304
1 0.225050916496945 0.049818840579710144 0.013238289205702648 0.01358695652173913
1 0.19042769857433808 0.05344202898550725 0.01883910386965377 0.015398550724637682
1 0.15529531568228105 0.0552536231884058 0.019348268839103868 0.017210144927536232
1 0.37830957230142565 0.05615942028985507 0.013238289205702648 0.010869565217391304
1 0.12219959266802444 0.0625 0.01985743380855397 0.012681159420289856
1 0.43431771894093685 0.06340579710144928 0.013238289205702648 0.009963768115942028
1 0.09164969450101833 0.07155797101449275 0.020875763747454174 0.015398550724637682
1 0.48676171079429736 0.07518115942028986 0.012729124236252547 0.009057971014492754
1 0.6171079429735234 0.07518115942028986 0.00560081466395112 0.009057971014492754
1 0.6109979633401222 0.07608695652173914 0.0050916496945010185 0.008152173913043478
1 0.6257637474541752 0.0769927536231884 0.006619144602851324 0.009057971014492754
1 0.634928716904277 0.07971014492753623 0.004582484725050916 0.007246376811594203
1 0.6064154786150713 0.07971014492753623 0.00560081466395112 0.007246376811594203
1 0.06568228105906314 0.08152173913043478 0.01985743380855397 0.017210144927536232
1 0.6446028513238289 0.08242753623188406 0.006109979633401222 0.008152173913043478
1 0.6038696537678208 0.08333333333333333 0.008146639511201629 0.007246376811594203
1 0.6588594704684317 0.08695652173913043 0.00560081466395112 0.006340579710144928
1 0.5366598778004074 0.08786231884057971 0.010692464358452138 0.010869565217391304
1 0.59979633401222 0.08967391304347826 0.009674134419551934 0.007246376811594203
0 0.32637474541751527 0.09239130434782608 0.017820773930753563 0.016304347826086956
1 0.04378818737270876 0.09239130434782608 0.01883910386965377 0.022644927536231884
1 0.670061099796334 0.09329710144927536 0.006619144602851324 0.007246376811594203
1 0.5605906313645621 0.09329710144927536 0.010692464358452138 0.009057971014492754
0 0.3630346232179226 0.09329710144927536 0.01883910386965377 0.020833333333333332
1 0.5977596741344195 0.09510869565217392 0.008655804480651732 0.008152173913043478
0 0.40071283095723015 0.09692028985507246 0.016293279022403257 0.018115942028985508
1 0.5819755600814664 0.09963768115942029 0.010183299389002037 0.008152173913043478
0 0.3054989816700611 0.10054347826086957 0.019348268839103868 0.01358695652173913
1 0.5941955193482689 0.10144927536231885 0.010692464358452138 0.009963768115942028
1 0.025458248472505093 0.10326086956521739 0.018329938900203666 0.017210144927536232
1 0.6970468431771895 0.10326086956521739 0.007637474541751527 0.005434782608695652
0 0.47352342158859473 0.11141304347826086 0.01680244399185336 0.021739130434782608
0 0.319755600814664 0.11322463768115942 0.020366598778004074 0.018115942028985508
1 0.7245417515274949 0.11594202898550725 0.006109979633401222 0.008152173913043478
1 0.015274949083503055 0.11775362318840579 0.024439918533604887 0.017210144927536232
0 0.6975560081466395 0.11865942028985507 0.011710794297352342 0.009963768115942028
0 0.7113034623217923 0.11956521739130435 0.006619144602851324 0.008152173913043478
0 0.7260692464358453 0.12590579710144928 0.007128309572301426 0.008152173913043478
0 0.5407331975560081 0.12590579710144928 0.016293279022403257 0.017210144927536232
0 0.3365580448065173 0.12681159420289856 0.021384928716904276 0.020833333333333332
1 0.7510183299389002 0.12681159420289856 0.007128309572301426 0.009057971014492754
0 0.7062118126272913 0.13134057971014493 0.010692464358452138 0.009057971014492754
0 0.7413441955193483 0.1331521739130435 0.008655804480651732 0.009057971014492754
1 0.012474541751527495 0.13677536231884058 0.02494908350305499 0.019927536231884056
0 0.7113034623217923 0.13677536231884058 0.012219959266802444 0.007246376811594203
1 0.7774949083503055 0.13949275362318841 0.00560081466395112 0.007246376811594203
0 0.3645621181262729 0.14492753623188406 0.023930753564154784 0.028985507246376812
0 0.6064154786150713 0.14673913043478262 0.01374745417515275 0.016304347826086956
0 0.7291242362525459 0.14673913043478262 0.012219959266802444 0.01177536231884058
0 0.7703665987780041 0.14764492753623187 0.008655804480651732 0.009057971014492754
1 0.8029531568228105 0.151268115942029 0.006109979633401222 0.006340579710144928
1 0.01120162932790224 0.15489130434782608 0.02240325865580448 0.021739130434782608
0 0.8019348268839104 0.1621376811594203 0.008146639511201629 0.009057971014492754
1 0.8294297352342159 0.16304347826086957 0.00560081466395112 0.008152173913043478
0 0.7489816700610998 0.16576086956521738 0.01120162932790224 0.01177536231884058
0 0.6695519348268839 0.1693840579710145 0.014256619144602852 0.016304347826086956
0 0.39460285132382894 0.1693840579710145 0.025967413441955193 0.029891304347826088
0 0.8319755600814664 0.17391304347826086 0.006619144602851324 0.007246376811594203
1 0.8543788187372708 0.17572463768115942 0.008146639511201629 0.007246376811594203
1 0.01654786150712831 0.17708333333333334 0.03309572301425662 0.022644927536231884
0 0.7780040733197556 0.1875 0.013238289205702648 0.014492753623188406
1 0.879837067209776 0.1875 0.007128309572301426 0.006340579710144928
0 0.8640529531568228 0.18840579710144928 0.008146639511201629 0.010869565217391304
0 0.7316700610997964 0.19293478260869565 0.013238289205702648 0.014492753623188406
0 0.42515274949083504 0.19384057971014493 0.02494908350305499 0.03351449275362319
0 0.8910386965376782 0.20108695652173914 0.010183299389002037 0.008152173913043478
1 0.9093686354378818 0.20199275362318841 0.008655804480651732 0.007246376811594203
1 0.01705702647657841 0.20471014492753623 0.03411405295315682 0.034420289855072464
0 0.7606924643584522 0.2056159420289855 0.01374745417515275 0.016304347826086956
0 0.8065173116089613 0.20923913043478262 0.014256619144602852 0.010869565217391304
0 0.7886965376782077 0.21467391304347827 0.014765784114052953 0.018115942028985508
0 0.920061099796334 0.21557971014492755 0.009164969450101833 0.007246376811594203
0 0.8090631364562119 0.2210144927536232 0.014256619144602852 0.012681159420289856
0 0.9521384928716904 0.2318840579710145 0.006619144602851324 0.007246376811594203
0 0.4495926680244399 0.23278985507246377 0.025967413441955193 0.03894927536231884
1 0.008146639511201629 0.24456521739130435 0.016293279022403257 0.04528985507246377
0 0.47046843177189407 0.2826086956521739 0.029531568228105907 0.041666666666666664
0 0.49185336048879835 0.3423913043478261 0.03004073319755601 0.051630434782608696
0 0.5168024439918534 0.42481884057971014 0.037169042769857434 0.06340579710144928