0 0.5133882595262615 0.4606227106227106 0.04840370751802266 0.08608058608058608
0 0.5834191555097837 0.4056776556776557 0.05046343975283213 0.09065934065934066
1 0.23944387229660144 0.924908424908425 0.006179196704428424 0.028388278388278388
1 0.23944387229660144 0.9816849816849816 0.006694129763130793 0.023809523809523808
1 0.24047373841400618 0.8626373626373627 0.006179196704428424 0.026556776556776556
1 0.2451081359423275 0.7637362637362637 0.006179196704428424 0.023809523809523808
1 0.24922760041194644 0.663003663003663 0.005664263645726055 0.023809523809523808
1 0.25592173017507724 0.5686813186813187 0.005149330587023687 0.022893772893772892
1 0.25592173017507724 0.3342490842490842 0.005149330587023687 0.010073260073260074
1 0.2564366632337796 0.34523809523809523 0.004634397528321318 0.009157509157509158
1 0.256951596292482 0.31868131868131866 0.005149330587023687 0.011904761904761904
1 0.2584963954685891 0.3021978021978022 0.004119464469618949 0.008241758241758242
1 0.2584963954685891 0.3534798534798535 0.004119464469618949 0.010073260073260074
1 0.2600411946446962 0.2847985347985348 0.004634397528321318 0.01098901098901099
1 0.26055612770339853 0.35805860805860806 0.004119464469618949 0.014652014652014652
1 0.262615859938208 0.2591575091575092 0.003604531410916581 0.010073260073260074
1 0.2631307929969104 0.47893772893772896 0.006179196704428424 0.019230769230769232
1 0.26416065911431513 0.36538461538461536 0.004119464469618949 0.0173992673992674
0 0.26570545829042225 0.8571428571428571 0.009268795056642637 0.03205128205128205
1 0.2662203913491246 0.23901098901098902 0.004119464469618949 0.011904761904761904
1 0.2662203913491246 0.4358974358974359 0.005149330587023687 0.019230769230769232
0 0.2662203913491246 0.7912087912087912 0.01184346035015448 0.03388278388278388
1 0.26725025746652936 0.36904761904761907 0.004634397528321318 0.015567765567765568
0 0.2682801235839341 0.7234432234432234 0.010298661174047374 0.029304029304029304
1 0.2698249227600412 0.3974358974358974 0.004634397528321318 0.018315018315018316
0 0.2703398558187436 0.8946886446886447 0.007723995880535531 0.0347985347985348
1 0.2708547888774459 0.37545787545787546 0.005664263645726055 0.019230769230769232
1 0.27188465499485065 0.19047619047619047 0.003089598352214212 0.013736263736263736
0 0.276519052523172 0.5924908424908425 0.012358393408856848 0.03021978021978022
0 0.27754891864057674 0.8690476190476191 0.010298661174047374 0.03663003663003663
1 0.27909371781668385 0.14102564102564102 0.004634397528321318 0.01098901098901099
0 0.2806385169927909 0.18956043956043955 0.005664263645726055 0.021062271062271064
0 0.2811534500514933 0.16483516483516483 0.004634397528321318 0.011904761904761904
0 0.2847579814624099 0.1382783882783883 0.004634397528321318 0.01282051282051282
0 0.2847579814624099 0.4716117216117216 0.009783728115345005 0.029304029304029304
0 0.28527291452111225 0.8388278388278388 0.01184346035015448 0.038461538461538464
1 0.28527291452111225 0.09340659340659341 0.005149330587023687 0.01282051282051282
0 0.2878475798146241 0.17399267399267399 0.005149330587023687 0.019230769230769232
0 0.28887744593202885 0.1108058608058608 0.005149330587023687 0.015567765567765568
0 0.2909371781668383 0.16483516483516483 0.004119464469618949 0.02197802197802198
1 0.2924819773429454 0.045787545787545784 0.004119464469618949 0.010073260073260074
0 0.2955715756951596 0.7884615384615384 0.016477857878475798 0.04304029304029304
0 0.29660144181256437 0.3534798534798535 0.009268795056642637 0.024725274725274724
0 0.29660144181256437 0.13278388278388278 0.006694129763130793 0.02197802197802198
0 0.29711637487126674 0.05860805860805861 0.005149330587023687 0.015567765567765568
1 0.298918640576725 0.0027472527472527475 0.003604531410916581 0.005494505494505495
0 0.30535530381050463 0.004578754578754579 0.005149330587023687 0.009157509157509158
0 0.3074150360453141 0.09706959706959707 0.006694129763130793 0.020146520146520148
0 0.3094747682801236 0.23992673992673993 0.009268795056642637 0.02564102564102564
0 0.3094747682801236 0.7344322344322345 0.016992790937178166 0.046703296703296704
0 0.319773429454171 0.04487179487179487 0.008238928939237899 0.023809523809523808
0 0.32286302780638515 0.1282051282051282 0.008238928939237899 0.023809523809523808
0 0.3233779608650875 0.6794871794871795 0.01905252317198764 0.04487179487179487
0 0.33007209062821835 0.076007326007326 0.009268795056642637 0.024725274725274724
0 0.3321318228630278 0.003205128205128205 0.006179196704428424 0.00641025641025641
0 0.335221421215242 0.02564102564102564 0.010298661174047374 0.026556776556776556
0 0.3455200823892894 0.6355311355311355 0.022142121524201853 0.046703296703296704
0 0.37384140061791965 0.597985347985348 0.02368692070030896 0.05311355311355311
0 0.407826982492276 0.5595238095238095 0.029351184346035016 0.05402930402930403
0 0.45468589083419153 0.5146520146520146 0.03604531410916581 0.06684981684981685