0 0.5917008196721312 0.5528233151183971 0.048668032786885244 0.08378870673952642
0 0.625 0.6876138433515483 0.0630122950819672 0.1029143897996357
0 0.6608606557377049 0.8360655737704918 0.07377049180327869 0.10746812386156648
1 0.29610655737704916 0.07377049180327869 0.015881147540983607 0.02185792349726776
1 0.2305327868852459 0.075591985428051 0.017930327868852458 0.018214936247723135
1 0.26383196721311475 0.07650273224043716 0.015368852459016393 0.018214936247723135
1 0.32940573770491804 0.07741347905282331 0.01639344262295082 0.020036429872495445
1 0.35860655737704916 0.07832422586520947 0.014344262295081968 0.01912568306010929
1 0.19979508196721313 0.08014571948998178 0.018442622950819672 0.02185792349726776
1 0.39293032786885246 0.08469945355191257 0.013831967213114754 0.020947176684881604
1 0.16956967213114754 0.0883424408014572 0.022028688524590164 0.020947176684881604
1 0.4451844262295082 0.09562841530054644 0.01331967213114754 0.01912568306010929
1 0.1449795081967213 0.09836065573770492 0.021004098360655737 0.02185792349726776
1 0.12243852459016394 0.10746812386156648 0.022028688524590164 0.020036429872495445
1 0.5005122950819673 0.11202185792349727 0.012807377049180328 0.020947176684881604
1 0.1014344262295082 0.122040072859745 0.02459016393442623 0.02459016393442623
1 0.5543032786885246 0.1284153005464481 0.01485655737704918 0.02185792349726776
0 0.39139344262295084 0.13387978142076504 0.020491803278688523 0.028233151183970857
0 0.4298155737704918 0.13752276867030966 0.018954918032786885 0.0273224043715847
1 0.09016393442622951 0.13752276867030966 0.027663934426229508 0.0273224043715847
0 0.3724385245901639 0.14116575591985428 0.020491803278688523 0.030054644808743168
1 0.6045081967213115 0.1448087431693989 0.013831967213114754 0.020947176684881604
0 0.4672131147540984 0.14571948998178508 0.017930327868852458 0.028233151183970857
1 0.6285860655737705 0.15209471766848817 0.012807377049180328 0.022768670309653915
1 0.08094262295081968 0.1557377049180328 0.02971311475409836 0.029143897996357013
0 0.3867827868852459 0.15846994535519127 0.020491803278688523 0.030054644808743168
1 0.6526639344262295 0.16302367941712204 0.010758196721311475 0.01639344262295082
0 0.5420081967213115 0.1657559198542805 0.018954918032786885 0.02459016393442623
0 0.4026639344262295 0.17486338797814208 0.021004098360655737 0.030965391621129327
1 0.0778688524590164 0.17759562841530055 0.03483606557377049 0.03460837887067395
0 0.6121926229508197 0.1885245901639344 0.016905737704918034 0.026411657559198543
1 0.08196721311475409 0.20127504553734063 0.03739754098360656 0.037340619307832425
0 0.43084016393442626 0.20218579234972678 0.025102459016393443 0.039162112932604735
0 0.6798155737704918 0.21948998178506376 0.017418032786885244 0.02459016393442623
0 0.8058401639344263 0.22313296903460839 0.014344262295081968 0.020036429872495445
0 0.46260245901639346 0.23041894353369763 0.027151639344262294 0.04189435336976321
1 0.0783811475409836 0.23224043715846995 0.040983606557377046 0.040983606557377046
0 0.7469262295081968 0.2459016393442623 0.0194672131147541 0.0273224043715847
0 0.8309426229508197 0.2459016393442623 0.013831967213114754 0.022768670309653915
0 0.49385245901639346 0.2659380692167577 0.027663934426229508 0.04553734061930783
0 0.8627049180327869 0.27049180327868855 0.01485655737704918 0.022768670309653915
1 0.05327868852459016 0.27595628415300544 0.0471311475409836 0.0482695810564663
0 0.8135245901639344 0.27595628415300544 0.018442622950819672 0.022768670309653915
0 0.8468237704918032 0.2923497267759563 0.016905737704918034 0.026411657559198543
0 0.8970286885245902 0.30327868852459017 0.021004098360655737 0.03278688524590164
0 0.8765368852459017 0.30327868852459017 0.016905737704918034 0.025500910746812388
0 0.5199795081967213 0.31420765027322406 0.02920081967213115 0.044626593806921674
1 0.018442622950819672 0.3324225865209472 0.036885245901639344 0.061930783242258654
0 0.5409836065573771 0.3743169398907104 0.03278688524590164 0.05919854280510018
0 0.5640368852459017 0.4517304189435337 0.040983606557377046 0.07285974499089254