0 0.5751953125 0.5529513888888888 0.04638671875 0.0798611111111111
0 0.60693359375 0.6814236111111112 0.06005859375 0.09809027777777778
0 0.64111328125 0.8229166666666666 0.0703125 0.10243055555555555
1 0.29345703125 0.09635416666666667 0.01513671875 0.020833333333333332
1 0.23095703125 0.09809027777777778 0.01708984375 0.017361111111111112
1 0.2626953125 0.09895833333333333 0.0146484375 0.017361111111111112
1 0.3251953125 0.0998263888888889 0.015625 0.019097222222222224
1 0.35302734375 0.10069444444444445 0.013671875 0.018229166666666668
1 0.20166015625 0.10243055555555555 0.017578125 0.020833333333333332
1 0.3857421875 0.10677083333333333 0.01318359375 0.019965277777777776
1 0.1728515625 0.11024305555555555 0.02099609375 0.019965277777777776
1 0.435546875 0.1171875 0.0126953125 0.018229166666666668
1 0.1494140625 0.11979166666666667 0.02001953125 0.020833333333333332
1 0.1279296875 0.1284722222222222 0.02099609375 0.019097222222222224
1 0.48828125 0.1328125 0.01220703125 0.019965277777777776
1 0.10791015625 0.1423611111111111 0.0234375 0.0234375
1 0.53955078125 0.1484375 0.01416015625 0.020833333333333332
0 0.38427734375 0.15364583333333334 0.01953125 0.026909722222222224
0 0.4208984375 0.15711805555555555 0.01806640625 0.026041666666666668
1 0.09716796875 0.15711805555555555 0.0263671875 0.026041666666666668
0 0.3662109375 0.1605902777777778 0.01953125 0.028645833333333332
1 0.58740234375 0.1640625 0.01318359375 0.019965277777777776
0 0.45654296875 0.16493055555555555 0.01708984375 0.026909722222222224
1 0.6103515625 0.17100694444444445 0.01220703125 0.021701388888888888
1 0.08837890625 0.17447916666666666 0.0283203125 0.027777777777777776
0 0.3798828125 0.17708333333333334 0.01953125 0.028645833333333332
1 0.63330078125 0.1814236111111111 0.01025390625 0.015625
0 0.52783203125 0.1840277777777778 0.01806640625 0.0234375
0 0.39501953125 0.19270833333333334 0.02001953125 0.029513888888888888
1 0.08544921875 0.1953125 0.033203125 0.03298611111111111
0 0.5947265625 0.20572916666666666 0.01611328125 0.025173611111111112
1 0.08935546875 0.21788194444444445 0.03564453125 0.035590277777777776
0 0.421875 0.21875 0.02392578125 0.03732638888888889
0 0.6591796875 0.23524305555555555 0.0166015625 0.0234375
0 0.779296875 0.2387152777777778 0.013671875 0.019097222222222224
0 0.4521484375 0.2456597222222222 0.02587890625 0.03993055555555555
1 0.0859375 0.24739583333333334 0.0390625 0.0390625
0 0.72314453125 0.2604166666666667 0.0185546875 0.026041666666666668
0 0.80322265625 0.2604166666666667 0.01318359375 0.021701388888888888
0 0.48193359375 0.2795138888888889 0.0263671875 0.043402777777777776
0 0.83349609375 0.2838541666666667 0.01416015625 0.021701388888888888
1 0.06201171875 0.2890625 0.044921875 0.04600694444444445
0 0.78662109375 0.2890625 0.017578125 0.021701388888888888
0 0.818359375 0.3046875 0.01611328125 0.025173611111111112
0 0.8662109375 0.3151041666666667 0.02001953125 0.03125
0 0.8466796875 0.3151041666666667 0.01611328125 0.024305555555555556
0 0.5068359375 0.3255208333333333 0.02783203125 0.042534722222222224
1 0.0234375 0.3428819444444444 0.04638671875 0.059027777777777776
0 0.52685546875 0.3828125 0.03125 0.05642361111111111
0 0.548828125 0.4565972222222222 0.0390625 0.06944444444444445