0 0.4886731391585761 0.6343570057581573 0.04962243797195254 0.09117082533589252
0 0.40884573894282633 0.6967370441458733 0.06094929881337648 0.118042226487524
0 0.3209277238403452 0.763915547024952 0.06364617044228695 0.1381957773512476
1 0.7723840345199569 0.08061420345489444 0.012944983818770227 0.029750479846449136
1 0.7707659115426105 0.02015355086372361 0.010787486515641856 0.028790786948176585
1 0.7702265372168284 0.14299424184261036 0.011866235167206042 0.030710172744721688
1 0.7696871628910464 0.19769673704414586 0.011326860841423949 0.026871401151631478
1 0.7659115426105717 0.2619961612284069 0.012405609492988134 0.025911708253358926
1 0.7594390507011867 0.3598848368522073 0.011326860841423949 0.02495201535508637
1 0.749730312837109 0.463531669865643 0.012405609492988134 0.02399232245681382
1 0.7400215749730313 0.564299424184261 0.012944983818770227 0.02783109404990403
0 0.7367853290183387 0.2591170825335892 0.016720604099244876 0.03838771593090211
0 0.7346278317152104 0.3310940499040307 0.016181229773462782 0.03550863723608445
0 0.732470334412082 0.2236084452975048 0.01779935275080906 0.03838771593090211
1 0.7303128371089536 0.6583493282149712 0.012405609492988134 0.025911708253358926
0 0.7297734627831716 0.40115163147792704 0.016720604099244876 0.03358925143953935
1 0.7259978425026968 0.7034548944337812 0.01348435814455232 0.02399232245681382
0 0.7222222222222222 0.2504798464491363 0.01779935275080906 0.03838771593090211
1 0.7195253505933118 0.7485604606525912 0.009708737864077669 0.02015355086372361
0 0.7179072276159655 0.5412667946257198 0.014563106796116505 0.03550863723608445
0 0.7125134843581445 0.2802303262955854 0.018338727076591153 0.03934740882917467
0 0.7044228694714132 0.6727447216890595 0.01564185544768069 0.03166986564299424
0 0.6963322545846817 0.3330134357005758 0.02319309600862999 0.04702495201535509
0 0.686084142394822 0.7994241842610365 0.014563106796116505 0.03262955854126679
0 0.6796116504854369 0.3925143953934741 0.02481121898597627 0.0508637236084453
0 0.6704422869471414 0.9251439539347409 0.016181229773462782 0.036468330134357005
0 0.6585760517799353 0.4510556621880998 0.02696871628910464 0.05182341650671785
0 0.6299892125134844 0.5 0.026429341963322545 0.05470249520153551
0 0.5943905070118662 0.5393474088291746 0.03505933117583603 0.061420345489443376
0 0.5485436893203883 0.5825335892514395 0.043149946062567425 0.07677543186180422