1 0.5207889125799574 0.7571157495256167 0.017590618336886993 0.04933586337760911
1 0.511727078891258 0.8519924098671727 0.018656716417910446 0.046489563567362426
1 0.4994669509594883 0.9506641366223909 0.019189765458422176 0.054079696394686905
1 0.6316631130063965 0.6242884250474383 0.004797441364605544 0.010436432637571158
1 0.6273987206823027 0.6461100569259962 0.0037313432835820895 0.012333965844402278
1 0.6231343283582089 0.6717267552182163 0.004797441364605544 0.015180265654648957
1 0.6183368869936035 0.6869070208728653 0.004797441364605544 0.013282732447817837
1 0.6178038379530917 0.6679316888045541 0.005863539445628998 0.016129032258064516
1 0.6172707889125799 0.6470588235294118 0.005863539445628998 0.014231499051233396
1 0.6156716417910447 0.5977229601518027 0.005330490405117271 0.016129032258064516
1 0.6140724946695096 0.5417457305502846 0.005863539445628998 0.017077798861480076
1 0.6124733475479744 0.4791271347248577 0.006929637526652452 0.018975332068311195
1 0.6108742004264393 0.4117647058823529 0.006929637526652452 0.019924098671726755
1 0.6092750533049041 0.3738140417457306 0.008528784648187633 0.018975332068311195
1 0.6050106609808102 0.34629981024667933 0.009594882729211088 0.020872865275142316
0 0.603411513859275 0.9648956356736242 0.004797441364605544 0.016129032258064516
1 0.6018123667377399 0.3178368121442125 0.00906183368869936 0.023719165085388995
0 0.599680170575693 0.9848197343453511 0.004797441364605544 0.012333965844402278
0 0.5980810234541578 0.9772296015180265 0.006396588486140725 0.017077798861480076
0 0.5980810234541578 0.9364326375711575 0.005330490405117271 0.018026565464895637
1 0.597547974413646 0.2969639468690702 0.00906183368869936 0.018975332068311195
0 0.597547974413646 0.8377609108159393 0.005330490405117271 0.018975332068311195
0 0.597547974413646 0.888045540796964 0.005330490405117271 0.019924098671726755
0 0.597547974413646 0.9573055028462998 0.005863539445628998 0.018975332068311195
0 0.5964818763326226 0.7855787476280834 0.006396588486140725 0.020872865275142316
0 0.5943496801705757 0.7333965844402277 0.006929637526652452 0.022770398481973434
1 0.5922174840085288 0.27988614800759015 0.010127931769722815 0.024667931688804556
0 0.591684434968017 0.6764705882352942 0.006929637526652452 0.020872865275142316
0 0.5900852878464818 0.6489563567362429 0.006929637526652452 0.020872865275142316
0 0.585820895522388 0.6290322580645161 0.010127931769722815 0.024667931688804556
1 0.5852878464818764 0.27988614800759015 0.010660980810234541 0.029411764705882353
0 0.5788912579957356 0.6546489563567363 0.009594882729211088 0.027514231499051234
1 0.5778251599147122 0.29506641366223907 0.011194029850746268 0.03225806451612903
0 0.57409381663113 0.7144212523719166 0.009594882729211088 0.028462998102466792
1 0.5698294243070362 0.32827324478178366 0.013326226012793176 0.03320683111954459
0 0.5692963752665245 0.7647058823529411 0.010660980810234541 0.031309297912713474
0 0.5639658848614072 0.8396584440227703 0.011727078891257996 0.031309297912713474
1 0.5613006396588486 0.36527514231499053 0.014925373134328358 0.036053130929791274
0 0.5591684434968017 0.9041745730550285 0.010127931769722815 0.03320683111954459
0 0.5533049040511727 0.9705882352941176 0.011727078891257996 0.03415559772296015
1 0.552771855010661 0.4269449715370019 0.013326226012793176 0.03889943074003795
1 0.5442430703624733 0.5 0.017057569296375266 0.03889943074003795
1 0.5346481876332623 0.5825426944971537 0.015458422174840085 0.03795066413662239
1 0.5271855010660981 0.6669829222011385 0.01652452025586354 0.04174573055028463