0 0.84765625 0.4644097222222222 0.0185546875 0.019097222222222224
1 0.6220703125 0.4713541666666667 0.025390625 0.028645833333333332
0 0.8896484375 0.4826388888888889 0.01806640625 0.020833333333333332
1 0.6708984375 0.4861111111111111 0.02392578125 0.030381944444444444
0 0.9384765625 0.4982638888888889 0.02197265625 0.021701388888888888
1 0.7216796875 0.5060763888888888 0.02783203125 0.03125
0 0.97607421875 0.5173611111111112 0.0224609375 0.021701388888888888
1 0.775390625 0.53125 0.02294921875 0.030381944444444444
1 0.90087890625 0.5902777777777778 0.02978515625 0.036458333333333336
1 0.5537109375 0.2907986111111111 0.00537109375 0.0078125
1 0.56494140625 0.2977430555555556 0.00634765625 0.006076388888888889
1 0.578125 0.3046875 0.0078125 0.0078125
1 0.5859375 0.3125 0.0068359375 0.0078125
1 0.576171875 0.3133680555555556 0.00830078125 0.009548611111111112
1 0.5654296875 0.3142361111111111 0.00732421875 0.009548611111111112
1 0.5400390625 0.3168402777777778 0.00830078125 0.008680555555555556
1 0.51123046875 0.3194444444444444 0.0087890625 0.009548611111111112
1 0.47900390625 0.3220486111111111 0.009765625 0.011284722222222222
1 0.4443359375 0.3246527777777778 0.01025390625 0.011284722222222222
1 0.4248046875 0.3272569444444444 0.009765625 0.013888888888888888
1 0.41064453125 0.3342013888888889 0.0107421875 0.015625
0 0.72900390625 0.3368055555555556 0.00830078125 0.0078125
1 0.39599609375 0.3394097222222222 0.01220703125 0.014756944444444444
0 0.7392578125 0.3428819444444444 0.00634765625 0.0078125
0 0.7353515625 0.3454861111111111 0.0087890625 0.010416666666666666
0 0.71435546875 0.3454861111111111 0.00927734375 0.008680555555555556
1 0.38525390625 0.3463541666666667 0.009765625 0.014756944444444444
0 0.66357421875 0.3463541666666667 0.009765625 0.008680555555555556
0 0.689453125 0.3463541666666667 0.01025390625 0.008680555555555556
0 0.72509765625 0.3463541666666667 0.009765625 0.009548611111111112
0 0.63671875 0.3480902777777778 0.0107421875 0.010416666666666666
0 0.60986328125 0.3515625 0.01171875 0.011284722222222222
1 0.37646484375 0.3550347222222222 0.0126953125 0.016493055555555556
0 0.58056640625 0.3559027777777778 0.0107421875 0.011284722222222222
0 0.56640625 0.3585069444444444 0.0107421875 0.011284722222222222
0 0.55615234375 0.3654513888888889 0.0126953125 0.016493055555555556
1 0.37646484375 0.3663194444444444 0.01513671875 0.017361111111111112
0 0.5693359375 0.3767361111111111 0.01416015625 0.015625
1 0.38427734375 0.3784722222222222 0.0166015625 0.018229166666666668
0 0.60009765625 0.3845486111111111 0.0146484375 0.015625
1 0.4013671875 0.3914930555555556 0.01708984375 0.021701388888888888
0 0.6259765625 0.3923611111111111 0.01611328125 0.017361111111111112
0 0.66455078125 0.4010416666666667 0.01611328125 0.019097222222222224
1 0.42041015625 0.4053819444444444 0.0185546875 0.024305555555555556
0 0.69775390625 0.4088541666666667 0.01708984375 0.016493055555555556
0 0.73193359375 0.4184027777777778 0.017578125 0.019097222222222224
1 0.4521484375 0.4192708333333333 0.02001953125 0.021701388888888888
0 0.7685546875 0.4314236111111111 0.017578125 0.019097222222222224
1 0.48974609375 0.4331597222222222 0.02001953125 0.027777777777777776
0 0.80712890625 0.4479166666666667 0.0185546875 0.019097222222222224
1 0.5322265625 0.4487847222222222 0.01953125 0.025173611111111112
1 0.57568359375 0.4609375 0.021484375 0.026909722222222224