0 0.82890625 0.22824074074074074 0.016145833333333335 0.03611111111111111
0 0.8015625 0.23796296296296296 0.016666666666666666 0.03148148148148148
0 0.7424479166666667 0.2550925925925926 0.0203125 0.03425925925925926
0 0.6723958333333333 0.26990740740740743 0.01875 0.026851851851851852
0 0.5919270833333333 0.2972222222222222 0.021354166666666667 0.02962962962962963
0 0.4981770833333333 0.32222222222222224 0.024479166666666666 0.02962962962962963
1 0.9591145833333333 0.3416666666666667 0.0265625 0.040740740740740744
0 0.3958333333333333 0.35555555555555557 0.022916666666666665 0.03148148148148148
1 0.8776041666666666 0.3851851851851852 0.03854166666666667 0.04814814814814815
0 0.27890625 0.38935185185185184 0.0203125 0.03425925925925926
1 0.7856770833333333 0.42916666666666664 0.03177083333333333 0.04351851851851852
0 0.109375 0.43472222222222223 0.028125 0.03611111111111111
1 0.6697916666666667 0.4824074074074074 0.04479166666666667 0.05740740740740741
1 0.5247395833333334 0.5430555555555555 0.04114583333333333 0.05462962962962963
1 0.34270833333333334 0.625462962962963 0.04375 0.06574074074074074
1 0.08020833333333334 0.7212962962962963 0.053125 0.06851851851851852