0 0.8301047120418849 0.22579143389199255 0.016230366492146597 0.036312849162011177
0 0.8026178010471204 0.23556797020484171 0.016753926701570682 0.03165735567970205
0 0.743193717277487 0.2527932960893855 0.020418848167539267 0.03445065176908752
0 0.6727748691099477 0.2676908752327747 0.018848167539267015 0.027001862197392923
0 0.5918848167539267 0.2951582867783985 0.021465968586387434 0.0297951582867784
0 0.4976439790575916 0.3202979515828678 0.024607329842931937 0.0297951582867784
1 0.9609947643979058 0.3398510242085661 0.026701570680628273 0.040968342644320296
0 0.3947643979057592 0.3538175046554935 0.023036649214659685 0.03165735567970205
1 0.8790575916230366 0.38361266294227186 0.0387434554973822 0.048417132216014895
0 0.27722513089005235 0.3878026070763501 0.020418848167539267 0.03445065176908752
1 0.7866492146596858 0.4278398510242086 0.03193717277486911 0.043761638733705775
0 0.1068062827225131 0.4334264432029795 0.028272251308900525 0.036312849162011177
1 0.6701570680628273 0.4813780260707635 0.04502617801047121 0.05772811918063315
1 0.5243455497382199 0.542364990689013 0.041361256544502616 0.05493482309124767
1 0.3413612565445026 0.6252327746741154 0.04397905759162304 0.06610800744878957
1 0.0774869109947644 0.7216014897579144 0.05340314136125655 0.06890130353817504