1 0.3151041666666667 0.16512345679012347 0.013310185185185185 0.023662551440329218
1 0.3159722222222222 0.1286008230452675 0.011574074074074073 0.024691358024691357
1 0.3179976851851852 0.05555555555555555 0.01099537037037037 0.024691358024691357
0 0.33188657407407407 0.4367283950617284 0.009837962962962963 0.023662551440329218
0 0.33449074074074076 0.3533950617283951 0.009259259259259259 0.023662551440329218
0 0.33622685185185186 0.2613168724279835 0.010416666666666666 0.024691358024691357
0 0.3402777777777778 0.21193415637860083 0.011574074074074073 0.030864197530864196
0 0.3425925925925926 0.1640946502057613 0.01273148148148148 0.03189300411522634
0 0.3463541666666667 0.1183127572016461 0.012152777777777778 0.03497942386831276
0 0.3489583333333333 0.06893004115226338 0.011574074074074073 0.03292181069958848
0 0.3524305555555556 0.03909465020576132 0.011574074074074073 0.03292181069958848
0 0.3602430555555556 0.056584362139917695 0.012152777777777778 0.02880658436213992
0 0.36516203703703703 0.09156378600823045 0.01273148148148148 0.03497942386831276
0 0.37181712962962965 0.14351851851851852 0.014467592592592593 0.04218106995884774
0 0.3845486111111111 0.25411522633744854 0.01678240740740741 0.03909465020576132
0 0.39699074074074076 0.3873456790123457 0.017361111111111112 0.040123456790123455
0 0.4131944444444444 0.5385802469135802 0.02199074074074074 0.046296296296296294
0 0.43547453703703703 0.7253086419753086 0.02141203703703704 0.0411522633744856
1 0.45775462962962965 0.01954732510288066 0.027777777777777776 0.03909465020576132
0 0.45775462962962965 0.9259259259259259 0.023148148148148147 0.04938271604938271
1 0.48726851851851855 0.1728395061728395 0.028935185185185185 0.06378600823045268
1 0.5269097222222222 0.39094650205761317 0.03298611111111111 0.0720164609053498
1 0.5743634259259259 0.6718106995884774 0.03414351851851852 0.08024691358024691