1 0.6909340659340659 0.15771484375 0.012637362637362638 0.0224609375
1 0.7104395604395605 0.1591796875 0.013186813186813187 0.01953125
1 0.7494505494505495 0.16259765625 0.013186813186813187 0.0185546875
1 0.7925824175824175 0.16748046875 0.011538461538461539 0.0166015625
1 0.8417582417582418 0.17724609375 0.015384615384615385 0.0205078125
1 0.8958791208791209 0.185546875 0.015934065934065933 0.0234375
0 0.5458791208791208 0.18603515625 0.012637362637362638 0.0166015625
0 0.5903846153846154 0.1904296875 0.012637362637362638 0.015625
1 0.926923076923077 0.19091796875 0.016483516483516484 0.0244140625
0 0.6395604395604395 0.193359375 0.013186813186813187 0.017578125
1 0.9582417582417583 0.1943359375 0.01868131868131868 0.02734375
0 0.6659340659340659 0.2001953125 0.016483516483516484 0.01953125
1 0.9851648351648352 0.2021484375 0.017582417582417582 0.0234375
0 0.6914835164835165 0.2041015625 0.01703296703296703 0.021484375
1 0.9975274725274725 0.208984375 0.004945054945054945 0.025390625
0 0.7159340659340659 0.21044921875 0.01868131868131868 0.0205078125
0 0.7423076923076923 0.21484375 0.017582417582417582 0.01953125
0 0.7582417582417582 0.220703125 0.017582417582417582 0.01953125
0 0.7489010989010989 0.23388671875 0.015384615384615385 0.0205078125
0 0.7302197802197802 0.2421875 0.01868131868131868 0.021484375
0 0.7024725274725274 0.25341796875 0.022527472527472527 0.0244140625
0 0.6434065934065935 0.27490234375 0.020879120879120878 0.0283203125
1 0.9708791208791209 0.28662109375 0.024175824175824177 0.0419921875
0 0.5722527472527472 0.2958984375 0.02142857142857143 0.029296875
1 0.9214285714285714 0.3154296875 0.027472527472527472 0.0390625
0 0.49148351648351646 0.3232421875 0.024725274725274724 0.037109375
1 0.8568681318681318 0.3486328125 0.02912087912087912 0.041015625
0 0.39175824175824175 0.36083984375 0.02197802197802198 0.0361328125
1 0.775 0.3984375 0.033516483516483515 0.046875
0 0.2846153846153846 0.3984375 0.026373626373626374 0.0390625
1 0.6868131868131868 0.4482421875 0.03406593406593406 0.048828125
0 0.14725274725274726 0.45166015625 0.02967032967032967 0.0341796875
1 0.5703296703296703 0.51513671875 0.038461538461538464 0.0556640625
1 0.42032967032967034 0.59521484375 0.04285714285714286 0.0576171875
1 0.2184065934065934 0.708984375 0.0521978021978022 0.068359375