1 0.9328782707622298 0.22520242914979757 0.01820250284414107 0.029352226720647773
1 0.891353811149033 0.25708502024291496 0.03185437997724687 0.032388663967611336
0 0.4985779294653015 0.28694331983805665 0.02218430034129693 0.027327935222672066
1 0.8390216154721274 0.2894736842105263 0.026166097838452786 0.032388663967611336
0 0.40955631399317405 0.32540485829959515 0.02957906712172924 0.03744939271255061
1 0.7755972696245734 0.33299595141700405 0.027872582480091012 0.032388663967611336
0 0.2986348122866894 0.36538461538461536 0.02957906712172924 0.04251012145748988
1 0.6962457337883959 0.38208502024291496 0.04209328782707622 0.04959514170040486
0 0.1766211604095563 0.4190283400809717 0.032423208191126277 0.04251012145748988
1 0.6023890784982935 0.4478744939271255 0.04209328782707622 0.0597165991902834
0 0.022753128555176336 0.4772267206477733 0.03526734926052332 0.03744939271255061
1 0.48094425483503983 0.5237854251012146 0.04379977246871445 0.0597165991902834
1 0.31427758816837315 0.6199392712550608 0.04379977246871445 0.07995951417004049
1 0.07025028441410694 0.7763157894736842 0.062002275312855515 0.08502024291497975