1 0.32219101123595506 0.0865 0.020786516853932586 0.041
0 0.33202247191011236 0.588 0.012359550561797753 0.024
1 0.33876404494382023 0.1495 0.02359550561797753 0.041
0 0.35196629213483144 0.695 0.016292134831460674 0.024
1 0.35730337078651686 0.2355 0.017977528089887642 0.039
0 0.3668539325842697 0.8315 0.017977528089887642 0.037
1 0.3845505617977528 0.337 0.021910112359550562 0.036
0 0.39101123595505616 0.9865 0.02359550561797753 0.027
1 0.41685393258426967 0.4785 0.030337078651685393 0.047
1 0.4533707865168539 0.6405 0.030337078651685393 0.059
1 0.5044943820224719 0.8665 0.0348314606741573 0.077