1 0.7143229166666667 0.2300925925925926 0.021354166666666667 0.03425925925925926
0 0.453125 0.2462962962962963 0.0125 0.020370370370370372
1 0.6815104166666667 0.2574074074074074 0.021354166666666667 0.03888888888888889
0 0.39739583333333334 0.2791666666666667 0.0125 0.026851851851851852
1 0.63671875 0.287962962962963 0.0203125 0.02962962962962963
0 0.3263020833333333 0.3037037037037037 0.019270833333333334 0.02962962962962963
1 0.5838541666666667 0.33287037037037037 0.01875 0.03611111111111111
0 0.23984375 0.3435185185185185 0.025520833333333333 0.03888888888888889
1 0.51015625 0.3861111111111111 0.024479166666666666 0.05
0 0.12630208333333334 0.39675925925925926 0.028645833333333332 0.04351851851851852
1 0.42578125 0.4462962962962963 0.030729166666666665 0.05
1 0.30807291666666664 0.5305555555555556 0.04010416666666667 0.05740740740740741
1 0.13671875 0.6486111111111111 0.0515625 0.075