0 0.6847368421052632 0.29119850187265917 0.016842105263157894 0.024344569288389514
0 0.6992105263157895 0.30102996254681647 0.018421052631578946 0.025280898876404494
0 0.6821052631578948 0.3160112359550562 0.017894736842105262 0.025280898876404494
0 0.6123684210526316 0.33286516853932585 0.020526315789473684 0.02902621722846442
1 0.9802631578947368 0.35346441947565543 0.027894736842105264 0.040262172284644196
0 0.5302631578947369 0.35674157303370785 0.027894736842105264 0.035580524344569285
1 0.9626315789473684 0.375 0.024210526315789474 0.03838951310861423
0 0.4344736842105263 0.3782771535580524 0.025789473684210525 0.035580524344569285
1 0.8907894736842106 0.40262172284644193 0.03315789473684211 0.04868913857677903
0 0.3194736842105263 0.40636704119850187 0.028421052631578948 0.04119850187265917
1 0.8068421052631579 0.4400749063670412 0.03368421052631579 0.0449438202247191
0 0.1781578947368421 0.4405430711610487 0.03 0.04588014981273408
0 0.025 0.48314606741573035 0.03315789473684211 0.04868913857677903
1 0.7002631578947368 0.4892322097378277 0.038421052631578946 0.047752808988764044
1 0.5681578947368421 0.5444756554307116 0.03631578947368421 0.05149812734082397
1 0.4110526315789474 0.6226591760299626 0.04631578947368421 0.06554307116104868
1 0.19526315789473683 0.7158239700374532 0.05052631578947368 0.08146067415730338