1 0.5574009324009324 0.4413900414937759 0.0168997668997669 0.03008298755186722
1 0.546911421911422 0.49377593360995853 0.022727272727272728 0.035269709543568464
1 0.5352564102564102 0.5446058091286307 0.022727272727272728 0.043568464730290454
1 0.5212703962703963 0.6047717842323651 0.02156177156177156 0.035269709543568464
1 0.513986013986014 0.649896265560166 0.018648018648018648 0.04045643153526971
1 0.5052447552447552 0.6851659751037344 0.024475524475524476 0.04253112033195021
0 0.5046620046620046 0.021265560165975105 0.017482517482517484 0.03008298755186722
0 0.4967948717948718 0.0487551867219917 0.015734265734265736 0.03319502074688797
1 0.493006993006993 0.7043568464730291 0.019813519813519812 0.04564315352697095
1 0.4755244755244755 0.6877593360995851 0.02564102564102564 0.058091286307053944
0 0.47494172494172493 0.0700207468879668 0.024475524475524476 0.054979253112033194
0 0.4627039627039627 0.03734439834024896 0.023310023310023312 0.04564315352697095
1 0.45396270396270394 0.6431535269709544 0.03146853146853147 0.058091286307053944
1 0.4353146853146853 0.5928423236514523 0.030303030303030304 0.052904564315352696
1 0.40413752913752915 0.49377593360995853 0.034382284382284384 0.06639004149377593
1 0.3709207459207459 0.36410788381742737 0.04020979020979021 0.07676348547717843
1 0.3082750582750583 0.015560165975103735 0.04312354312354312 0.03112033195020747