1 0.5769841269841269 0.3959510357815443 0.015343915343915344 0.027306967984934087
1 0.5674603174603174 0.4435028248587571 0.020634920634920634 0.032015065913371
1 0.5568783068783069 0.4896421845574388 0.020634920634920634 0.03954802259887006
1 0.5441798941798942 0.544256120527307 0.019576719576719578 0.032015065913371
1 0.5375661375661376 0.585216572504708 0.016931216931216932 0.03672316384180791
1 0.5296296296296297 0.617231638418079 0.022222222222222223 0.038606403013182675
0 0.5291005291005291 0.014595103578154425 0.015873015873015872 0.027306967984934087
0 0.521957671957672 0.03954802259887006 0.014285714285714285 0.030131826741996232
1 0.5185185185185185 0.6346516007532956 0.01798941798941799 0.04143126177024482
1 0.5026455026455027 0.6195856873822976 0.02328042328042328 0.05273069679849341
0 0.5021164021164021 0.05885122410546139 0.022222222222222223 0.04990583804143126
0 0.491005291005291 0.02919020715630885 0.021164021164021163 0.04143126177024482
1 0.4830687830687831 0.5790960451977402 0.02857142857142857 0.05273069679849341
1 0.46613756613756613 0.533427495291902 0.027513227513227514 0.0480225988700565
1 0.43783068783068785 0.4435028248587571 0.031216931216931216 0.060263653483992465
1 0.4076719576719577 0.3258003766478343 0.03650793650793651 0.0696798493408663
1 0.35079365079365077 0.011770244821092278 0.039153439153439155 0.023540489642184557