1 0.4466145833333333 0.36712962962962964 0.015104166666666667 0.026851851851851852
1 0.47291666666666665 0.3837962962962963 0.017708333333333333 0.03611111111111111
1 0.4984375 0.4023148148148148 0.021875 0.03611111111111111
0 0.20703125 0.42314814814814816 0.015104166666666667 0.022222222222222223
1 0.5286458333333334 0.42453703703703705 0.017708333333333333 0.03425925925925926
1 0.5513020833333333 0.4361111111111111 0.0203125 0.02962962962962963
1 0.5690104166666666 0.45 0.021354166666666667 0.03888888888888889
0 0.23567708333333334 0.45092592592592595 0.015104166666666667 0.027777777777777776
0 0.24947916666666667 0.4634259259259259 0.016666666666666666 0.025
1 0.5786458333333333 0.46944444444444444 0.022916666666666665 0.03148148148148148
1 0.5703125 0.49722222222222223 0.029166666666666667 0.040740740740740744
0 0.26015625 0.4981481481481482 0.027604166666666666 0.03888888888888889
0 0.24375 0.5175925925925926 0.022916666666666665 0.037037037037037035
1 0.5479166666666667 0.5314814814814814 0.029166666666666667 0.05
0 0.19557291666666668 0.5453703703703704 0.025520833333333333 0.040740740740740744
1 0.52265625 0.5611111111111111 0.0265625 0.04814814814814815
0 0.12630208333333334 0.5782407407407407 0.025520833333333333 0.03611111111111111
0 0.05286458333333333 0.6097222222222223 0.034895833333333334 0.05277777777777778
1 0.47291666666666665 0.6106481481481482 0.03333333333333333 0.05462962962962963
1 0.4078125 0.663425925925926 0.03854166666666667 0.06388888888888888
1 0.21614583333333334 0.762962962962963 0.04895833333333333 0.06851851851851852