0 0.25027777777777777 0.46689723320158105 0.015 0.02865612648221344
0 0.2816666666666667 0.49703557312252966 0.01888888888888889 0.043478260869565216
1 0.5666666666666667 0.508399209486166 0.02 0.046442687747035576
1 0.5869444444444445 0.5311264822134387 0.021666666666666667 0.038537549407114624
1 0.6108333333333333 0.5508893280632411 0.021666666666666667 0.04841897233201581
1 0.625 0.5632411067193676 0.025555555555555557 0.043478260869565216
0 0.30194444444444446 0.5721343873517787 0.02388888888888889 0.05138339920948617
0 0.2727777777777778 0.5795454545454546 0.023333333333333334 0.046442687747035576
0 0.21166666666666667 0.5899209486166008 0.028888888888888888 0.05138339920948617
0 0.135 0.6037549407114624 0.034444444444444444 0.06521739130434782
1 0.6475 0.6062252964426877 0.03277777777777778 0.040513833992094864
0 0.051111111111111114 0.6126482213438735 0.035555555555555556 0.06324110671936758
1 0.6252777777777778 0.6348814229249012 0.028333333333333332 0.04841897233201581
1 0.5875 0.6531620553359684 0.03944444444444444 0.05533596837944664
1 0.5411111111111111 0.6823122529644269 0.04666666666666667 0.06818181818181818
1 0.45444444444444443 0.7119565217391305 0.04 0.06818181818181818
1 0.35638888888888887 0.7485177865612648 0.04388888888888889 0.06818181818181818
1 0.0975 0.8068181818181818 0.059444444444444446 0.08992094861660078