0 0.5007978723404255 0.1110586011342155 0.015425531914893617 0.02551984877126654
0 0.4845744680851064 0.16446124763705103 0.023404255319148935 0.03213610586011342
1 0.47845744680851066 0.6493383742911153 0.025 0.034026465028355386
1 0.46622340425531916 0.6838374291115312 0.02074468085106383 0.036862003780718335
1 0.4555851063829787 0.7244801512287334 0.026063829787234042 0.036862003780718335
1 0.44893617021276594 0.7485822306238186 0.023404255319148935 0.043478260869565216
0 0.4441489361702128 0.19896030245746693 0.027659574468085105 0.04064272211720227
0 0.4401595744680851 0.14933837429111532 0.025 0.03969754253308128
0 0.43457446808510636 0.045368620037807186 0.027659574468085105 0.04914933837429111
1 0.42579787234042554 0.7868620037807184 0.021808510638297873 0.055765595463137994
1 0.4103723404255319 0.749054820415879 0.026063829787234042 0.048204158790170135
1 0.400531914893617 0.6847826086956522 0.029787234042553193 0.0671077504725898
1 0.3848404255319149 0.6058601134215501 0.036702127659574466 0.07939508506616257
1 0.36888297872340425 0.45841209829867674 0.036702127659574466 0.06805293005671077
1 0.3492021276595745 0.29158790170132326 0.036702127659574466 0.07466918714555766