0 0.2950520833333333 0.49675925925925923 0.0140625 0.026851851851851852
0 0.32447916666666665 0.525 0.017708333333333333 0.040740740740740744
1 0.5916666666666667 0.5356481481481481 0.01875 0.04351851851851852
1 0.6106770833333334 0.5569444444444445 0.0203125 0.03611111111111111
1 0.6330729166666667 0.575462962962963 0.0203125 0.04537037037037037
1 0.6463541666666667 0.587037037037037 0.023958333333333335 0.040740740740740744
0 0.34348958333333335 0.5953703703703703 0.022395833333333334 0.04814814814814815
0 0.31614583333333335 0.6023148148148149 0.021875 0.04351851851851852
0 0.25885416666666666 0.612037037037037 0.027083333333333334 0.04814814814814815
0 0.18697916666666667 0.625 0.03229166666666667 0.06111111111111111
1 0.6674479166666667 0.6273148148148148 0.030729166666666665 0.03796296296296296
0 0.10833333333333334 0.6333333333333333 0.03333333333333333 0.05925925925925926
1 0.6466145833333333 0.6541666666666667 0.0265625 0.04537037037037037
1 0.6111979166666667 0.6712962962962963 0.03697916666666667 0.05185185185185185
1 0.5677083333333334 0.6986111111111111 0.04375 0.06388888888888888
1 0.4864583333333333 0.7263888888888889 0.0375 0.06388888888888888
1 0.39453125 0.7606481481481482 0.04114583333333333 0.06388888888888888
1 0.15182291666666667 0.8152777777777778 0.05572916666666667 0.08425925925925926