0 0.38861111111111113 0.3567193675889328 0.015 0.03162055335968379
1 0.6972222222222222 0.3824110671936759 0.024444444444444446 0.043478260869565216
1 0.7227777777777777 0.4031620553359684 0.025555555555555557 0.05138339920948617
1 0.7363888888888889 0.41699604743083 0.03277777777777778 0.043478260869565216
0 0.405 0.41946640316205536 0.02666666666666667 0.038537549407114624
0 0.37805555555555553 0.4352766798418972 0.02722222222222222 0.036561264822134384
1 0.7572222222222222 0.4505928853754941 0.03666666666666667 0.05138339920948617
0 0.3194444444444444 0.4515810276679842 0.03 0.043478260869565216
0 0.24583333333333332 0.4659090909090909 0.03277777777777778 0.04841897233201581
1 0.7338888888888889 0.475296442687747 0.03111111111111111 0.06126482213438735
0 0.1675 0.4762845849802372 0.03166666666666667 0.043478260869565216
1 0.6908333333333333 0.49851778656126483 0.03944444444444444 0.058300395256917
0 0.008611111111111111 0.5024703557312253 0.017222222222222222 0.05632411067193676
1 0.6361111111111111 0.5207509881422925 0.035555555555555556 0.0533596837944664
1 0.5516666666666666 0.5568181818181818 0.035555555555555556 0.06620553359683795
1 0.4558333333333333 0.5953557312252964 0.04388888888888889 0.07015810276679842
1 0.20305555555555554 0.6437747035573123 0.055 0.07806324110671936