0 0.5613259668508287 0.29911591355599215 0.017679558011049725 0.026522593320235755
1 0.5469613259668509 0.8447937131630648 0.02430939226519337 0.043222003929273084
1 0.5353591160220994 0.8899803536345776 0.028729281767955802 0.04518664047151277
1 0.5276243093922652 0.9140471512770137 0.02430939226519337 0.05795677799607073
0 0.5262430939226519 0.3280943025540275 0.02154696132596685 0.047151277013752456
0 0.5174033149171271 0.28045186640471514 0.020441988950276244 0.0481335952848723
1 0.5088397790055249 0.9508840864440079 0.028729281767955802 0.06483300589390963
0 0.5082872928176796 0.17681728880157171 0.02430939226519337 0.05304518664047151
0 0.5002762430939226 0.046660117878192534 0.02707182320441989 0.05795677799607073
1 0.4950276243093923 0.9096267190569745 0.03425414364640884 0.0550098231827112
1 0.48204419889502764 0.8334970530451866 0.03259668508287293 0.06974459724950884
1 0.4696132596685083 0.7367387033398821 0.02983425414364641 0.06286836935166994
1 0.4494475138121547 0.587426326129666 0.037016574585635356 0.06286836935166994
1 0.42790055248618786 0.4179764243614931 0.039226519337016576 0.07760314341846758
1 0.40082872928176794 0.009823182711198428 0.04364640883977901 0.019646365422396856