0 0.40026178010471203 0.3291433891992551 0.02774869109947644 0.04562383612662942
1 0.7295811518324608 0.3426443202979516 0.030890052356020943 0.05772811918063315
0 0.38089005235602097 0.3468342644320298 0.028795811518324606 0.043761638733705775
1 0.7073298429319371 0.36778398510242083 0.03455497382198953 0.0670391061452514
0 0.3240837696335079 0.37057728119180633 0.027225130890052355 0.048417132216014895
0 0.25157068062827226 0.3854748603351955 0.030890052356020943 0.05027932960893855
1 0.6643979057591624 0.39385474860335196 0.03455497382198953 0.0670391061452514
0 0.18167539267015706 0.40130353817504655 0.031413612565445025 0.05027932960893855
1 0.6146596858638743 0.4376163873370577 0.039790575916230364 0.0670391061452514
0 0.028534031413612566 0.43854748603351956 0.03507853403141361 0.05027932960893855
1 0.5345549738219896 0.48044692737430167 0.03455497382198953 0.06890130353817504
1 0.4458115183246073 0.521415270018622 0.04554973821989529 0.07635009310986965
1 0.21963350785340313 0.5972998137802608 0.04554973821989529 0.08286778398510242