0 0.42007963594994313 0.22823886639676114 0.02901023890784983 0.029352226720647773
1 0.7556882821387941 0.23481781376518218 0.03924914675767918 0.04251012145748988
0 0.3890784982935154 0.2424089068825911 0.030716723549488054 0.04757085020242915
0 0.32195676905574516 0.2606275303643725 0.03640500568828214 0.04959514170040486
1 0.7761660978384528 0.26366396761133604 0.034698521046643914 0.04959514170040486
0 0.2502844141069397 0.2651821862348178 0.03526734926052332 0.05263157894736842
0 0.17093287827076223 0.27125506072874495 0.032423208191126277 0.044534412955465584
0 0.011660978384527872 0.2798582995951417 0.023321956769055744 0.04757085020242915
1 0.7676336746302617 0.2950404858299595 0.04152445961319681 0.057692307692307696
1 0.7281001137656428 0.3183198380566802 0.03754266211604096 0.06781376518218624
1 0.6737770193401593 0.3507085020242915 0.040386803185438 0.057692307692307696
1 0.6171786120591581 0.37398785425101216 0.04323094425483504 0.06781376518218624
1 0.515358361774744 0.416497975708502 0.03640500568828214 0.06781376518218624
1 0.40898748577929467 0.45040485829959515 0.04209328782707622 0.06477732793522267
1 0.15728100113765642 0.48228744939271256 0.05062571103526735 0.08805668016194332