0 0.41015625 0.26805555555555555 0.0265625 0.026851851851851852
1 0.7174479166666666 0.2740740740740741 0.0359375 0.03888888888888889
0 0.38177083333333334 0.2810185185185185 0.028125 0.04351851851851852
0 0.3203125 0.29768518518518516 0.03333333333333333 0.04537037037037037
1 0.7361979166666667 0.300462962962963 0.03177083333333333 0.04537037037037037
0 0.2546875 0.30185185185185187 0.03229166666666667 0.04814814814814815
0 0.18203125 0.3074074074074074 0.0296875 0.040740740740740744
0 0.030208333333333334 0.31527777777777777 0.03333333333333333 0.04351851851851852
1 0.7283854166666667 0.32916666666666666 0.03802083333333333 0.05277777777777778
1 0.6921875 0.350462962962963 0.034375 0.062037037037037036
1 0.6424479166666667 0.3800925925925926 0.03697916666666667 0.05277777777777778
1 0.590625 0.4013888888888889 0.03958333333333333 0.062037037037037036
1 0.4973958333333333 0.44027777777777777 0.03333333333333333 0.062037037037037036
1 0.4 0.47129629629629627 0.03854166666666667 0.05925925925925926
1 0.16953125 0.500462962962963 0.04635416666666667 0.08055555555555556