0 0.4127574370709382 0.2769857433808554 0.02231121281464531 0.05295315682281059
0 0.37986270022883295 0.28258655804480654 0.02517162471395881 0.04989816700610998
0 0.3166475972540046 0.29327902240325865 0.02688787185354691 0.034623217922606926
0 0.24513729977116705 0.3019348268839104 0.02688787185354691 0.03767820773930754
0 0.16790617848970252 0.3080448065173116 0.02688787185354691 0.03971486761710794
0 0.014874141876430207 0.31771894093686354 0.029748283752860413 0.05295315682281059
1 0.754862700228833 0.3289205702647658 0.02917620137299771 0.04480651731160896
1 0.7119565217391305 0.3533604887983707 0.04519450800915332 0.06313645621181263
1 0.6524599542334096 0.3895112016293279 0.04061784897025172 0.07026476578411406
1 0.585812356979405 0.40682281059063136 0.04233409610983982 0.07841140529531568
1 0.47797482837528604 0.4470468431771894 0.04977116704805492 0.0835030549898167
1 0.36556064073226546 0.4684317718940937 0.04805491990846682 0.0855397148676171
1 0.11613272311212815 0.4989816700610998 0.05835240274599542 0.09572301425661914