0 0.6510989010989011 0.6318359375 0.004395604395604396 0.01171875
0 0.6508241758241758 0.61376953125 0.006043956043956044 0.0126953125
0 0.6494505494505495 0.64990234375 0.004395604395604396 0.0107421875
0 0.6489010989010989 0.671875 0.005494505494505495 0.013671875
0 0.6483516483516484 0.796875 0.004395604395604396 0.01171875
0 0.6483516483516484 0.83935546875 0.006593406593406593 0.0166015625
0 0.6480769230769231 0.89208984375 0.007142857142857143 0.0205078125
0 0.6478021978021978 0.6962890625 0.005494505494505495 0.013671875
0 0.6472527472527473 0.724609375 0.006593406593406593 0.015625
0 0.6467032967032967 0.7587890625 0.005494505494505495 0.013671875
0 0.6447802197802198 0.98681640625 0.008241758241758242 0.0224609375
0 0.6445054945054945 0.927734375 0.01098901098901099 0.021484375
0 0.6434065934065935 0.96435546875 0.006593406593406593 0.0205078125
0 0.6392857142857142 0.841796875 0.006043956043956044 0.01953125
0 0.6379120879120879 0.75341796875 0.006593406593406593 0.0205078125
0 0.6329670329670329 0.5478515625 0.00989010989010989 0.01953125
0 0.6326923076923077 0.65283203125 0.00934065934065934 0.0224609375
1 0.6326923076923077 0.9677734375 0.00934065934065934 0.025390625
0 0.6315934065934066 0.44140625 0.008241758241758242 0.021484375
0 0.631043956043956 0.38623046875 0.008241758241758242 0.0185546875
0 0.6307692307692307 0.328125 0.008791208791208791 0.01953125
1 0.6291208791208791 0.86328125 0.00989010989010989 0.029296875
0 0.6291208791208791 0.27880859375 0.00989010989010989 0.0244140625
1 0.6263736263736264 0.80712890625 0.012087912087912088 0.0244140625
0 0.6258241758241758 0.25341796875 0.013186813186813187 0.0263671875
1 0.6241758241758242 0.755859375 0.01098901098901099 0.0234375
1 0.6228021978021978 0.72802734375 0.011538461538461539 0.0244140625
1 0.6186813186813187 0.7373046875 0.01098901098901099 0.02734375
0 0.6167582417582418 0.26611328125 0.011538461538461539 0.0244140625
1 0.6123626373626374 0.75048828125 0.011538461538461539 0.0244140625
0 0.6115384615384616 0.28271484375 0.012087912087912088 0.0322265625
1 0.6038461538461538 0.7724609375 0.014285714285714285 0.03515625
0 0.6019230769230769 0.2939453125 0.013736263736263736 0.033203125
1 0.5934065934065934 0.78955078125 0.016483516483516484 0.0419921875
0 0.5923076923076923 0.283203125 0.013186813186813187 0.03515625
0 0.5862637362637363 0.26318359375 0.012087912087912088 0.0361328125
1 0.5821428571428572 0.80224609375 0.018131868131868133 0.0419921875
0 0.5791208791208792 0.232421875 0.016483516483516484 0.041015625
1 0.5755494505494505 0.81591796875 0.01703296703296703 0.0439453125
0 0.5752747252747252 0.17529296875 0.014285714285714285 0.0439453125
0 0.5681318681318681 0.06201171875 0.017582417582417582 0.0478515625
1 0.5642857142857143 0.8291015625 0.01978021978021978 0.05078125
1 0.5552197802197802 0.80615234375 0.02142857142857143 0.0595703125
1 0.5406593406593406 0.72998046875 0.02967032967032967 0.0634765625
1 0.531043956043956 0.626953125 0.03131868131868132 0.060546875
1 0.5195054945054945 0.5126953125 0.03241758241758242 0.068359375
1 0.5054945054945055 0.32177734375 0.03626373626373627 0.0810546875
1 0.49038461538461536 0.1162109375 0.03791208791208791 0.09375