1 0.8231770833333333 0.24166666666666667 0.009895833333333333 0.009259259259259259
1 0.8002604166666667 0.24259259259259258 0.0078125 0.007407407407407408
1 0.778125 0.24351851851851852 0.009375 0.011111111111111112
1 0.8458333333333333 0.24444444444444444 0.008333333333333333 0.009259259259259259
0 0.5765625 0.24537037037037038 0.00625 0.007407407407407408
0 0.5669270833333333 0.24583333333333332 0.0067708333333333336 0.010185185185185186
1 0.871875 0.24583333333333332 0.008333333333333333 0.010185185185185186
1 0.8877604166666667 0.24722222222222223 0.009895833333333333 0.014814814814814815
1 0.90859375 0.24768518518518517 0.009895833333333333 0.01574074074074074
0 0.5861979166666667 0.24814814814814815 0.005729166666666666 0.007407407407407408
0 0.5979166666666667 0.2490740740740741 0.007291666666666667 0.009259259259259259
0 0.6645833333333333 0.25 0.00625 0.007407407407407408
0 0.6872395833333333 0.25 0.008854166666666666 0.011111111111111112
0 0.7153645833333333 0.25046296296296294 0.0109375 0.012037037037037037
0 0.6109375 0.25092592592592594 0.007291666666666667 0.009259259259259259
0 0.6260416666666667 0.2518518518518518 0.008333333333333333 0.011111111111111112
0 0.6442708333333333 0.25277777777777777 0.007291666666666667 0.009259259259259259
0 0.7658854166666667 0.25601851851851853 0.011979166666666667 0.013888888888888888
0 0.734375 0.2564814814814815 0.011458333333333333 0.018518518518518517
0 0.75390625 0.25833333333333336 0.0109375 0.011111111111111112
0 0.6885416666666667 0.2652777777777778 0.010416666666666666 0.010185185185185186
1 0.9028645833333333 0.26666666666666666 0.011979166666666667 0.012962962962962963
0 0.64140625 0.2675925925925926 0.0109375 0.011111111111111112
1 0.8572916666666667 0.2689814814814815 0.010416666666666666 0.017592592592592594
0 0.5317708333333333 0.2759259259259259 0.010416666666666666 0.016666666666666666
0 0.5877604166666667 0.2763888888888889 0.011979166666666667 0.01574074074074074
1 0.7557291666666667 0.2763888888888889 0.013541666666666667 0.01574074074074074
1 0.8078125 0.2763888888888889 0.013541666666666667 0.019444444444444445
0 0.475 0.27824074074074073 0.011458333333333333 0.013888888888888888
0 0.44557291666666665 0.2791666666666667 0.009895833333333333 0.013888888888888888
0 0.41458333333333336 0.2796296296296296 0.010416666666666666 0.014814814814814815
1 0.7 0.2824074074074074 0.015625 0.016666666666666666
0 0.38828125 0.2824074074074074 0.013020833333333334 0.016666666666666666
1 0.6700520833333333 0.28703703703703703 0.013020833333333334 0.020370370370370372
0 0.37473958333333335 0.287962962962963 0.0140625 0.022222222222222223
1 0.6427083333333333 0.29074074074074074 0.0125 0.018518518518518517
1 0.6278645833333333 0.29305555555555557 0.013020833333333334 0.019444444444444445
1 0.6328125 0.3 0.014583333333333334 0.018518518518518517
0 0.3815104166666667 0.30324074074074076 0.013020833333333334 0.019444444444444445
1 0.63984375 0.3106481481481482 0.013020833333333334 0.019444444444444445
0 0.39036458333333335 0.31203703703703706 0.0171875 0.020370370370370372
1 0.6515625 0.325 0.01875 0.024074074074074074
0 0.3963541666666667 0.3282407407407407 0.017708333333333333 0.023148148148148147
1 0.6606770833333333 0.3425925925925926 0.022395833333333334 0.027777777777777776
0 0.390625 0.34444444444444444 0.01875 0.022222222222222223
0 0.37994791666666666 0.35462962962962963 0.019270833333333334 0.020370370370370372
1 0.6674479166666667 0.36157407407407405 0.022395833333333334 0.030555555555555555
0 0.36354166666666665 0.36666666666666664 0.021875 0.027777777777777776
1 0.6747395833333333 0.3726851851851852 0.0234375 0.028703703703703703
0 0.33307291666666666 0.3731481481481482 0.0234375 0.024074074074074074
0 0.27265625 0.3851851851851852 0.025520833333333333 0.02962962962962963
0 0.20130208333333333 0.3912037037037037 0.028645833333333332 0.032407407407407406
1 0.6817708333333333 0.39166666666666666 0.027083333333333334 0.03333333333333333
0 0.12734375 0.3976851851851852 0.033854166666666664 0.03796296296296296
1 0.66953125 0.40694444444444444 0.03177083333333333 0.03611111111111111
1 0.62890625 0.43148148148148147 0.033854166666666664 0.05
1 0.5739583333333333 0.4476851851851852 0.03229166666666667 0.05277777777777778
1 0.5130208333333334 0.4671296296296296 0.036458333333333336 0.05462962962962963
1 0.41119791666666666 0.49074074074074076 0.043229166666666666 0.06111111111111111
1 0.3015625 0.5162037037037037 0.05 0.06388888888888888
1 0.05416666666666667 0.5412037037037037 0.05416666666666667 0.075