0 0.33681318681318684 0.3173828125 0.004395604395604396 0.01171875
0 0.3370879120879121 0.33544921875 0.006043956043956044 0.0126953125
0 0.3384615384615385 0.29931640625 0.004395604395604396 0.0107421875
0 0.33901098901098903 0.27734375 0.005494505494505495 0.013671875
0 0.3395604395604396 0.15234375 0.004395604395604396 0.01171875
0 0.3395604395604396 0.10986328125 0.006593406593406593 0.0166015625
0 0.33983516483516485 0.05712890625 0.007142857142857143 0.0205078125
0 0.3401098901098901 0.2529296875 0.005494505494505495 0.013671875
0 0.34065934065934067 0.224609375 0.006593406593406593 0.015625
0 0.3412087912087912 0.1904296875 0.005494505494505495 0.013671875
0 0.3434065934065934 0.021484375 0.01098901098901099 0.021484375
0 0.3486263736263736 0.107421875 0.006043956043956044 0.01953125
0 0.35 0.19580078125 0.006593406593406593 0.0205078125
0 0.35494505494505496 0.4013671875 0.00989010989010989 0.01953125
0 0.35521978021978023 0.29638671875 0.00934065934065934 0.0224609375
0 0.35631868131868133 0.5078125 0.008241758241758242 0.021484375
0 0.3568681318681319 0.56298828125 0.008241758241758242 0.0185546875
0 0.35714285714285715 0.62109375 0.008791208791208791 0.01953125
1 0.3587912087912088 0.0859375 0.00989010989010989 0.029296875
0 0.3587912087912088 0.67041015625 0.00989010989010989 0.0244140625
1 0.36153846153846153 0.14208984375 0.012087912087912088 0.0244140625
0 0.3620879120879121 0.69580078125 0.013186813186813187 0.0263671875
1 0.3637362637362637 0.193359375 0.01098901098901099 0.0234375
1 0.3651098901098901 0.22119140625 0.011538461538461539 0.0244140625
1 0.36923076923076925 0.2119140625 0.01098901098901099 0.02734375
0 0.37115384615384617 0.68310546875 0.011538461538461539 0.0244140625
1 0.37554945054945055 0.19873046875 0.011538461538461539 0.0244140625
0 0.37637362637362637 0.66650390625 0.012087912087912088 0.0322265625
1 0.3840659340659341 0.1767578125 0.014285714285714285 0.03515625
0 0.385989010989011 0.6552734375 0.013736263736263736 0.033203125
1 0.3945054945054945 0.15966796875 0.016483516483516484 0.0419921875
0 0.3956043956043956 0.666015625 0.013186813186813187 0.03515625
0 0.40164835164835166 0.68603515625 0.012087912087912088 0.0361328125
1 0.40576923076923077 0.14697265625 0.018131868131868133 0.0419921875
0 0.4087912087912088 0.716796875 0.016483516483516484 0.041015625
1 0.41236263736263734 0.13330078125 0.01703296703296703 0.0439453125
0 0.4126373626373626 0.77392578125 0.014285714285714285 0.0439453125
0 0.4197802197802198 0.88720703125 0.017582417582417582 0.0478515625
1 0.4236263736263736 0.1201171875 0.01978021978021978 0.05078125
1 0.4326923076923077 0.14306640625 0.02142857142857143 0.0595703125
1 0.4472527472527473 0.21923828125 0.02967032967032967 0.0634765625
1 0.45686813186813185 0.322265625 0.03131868131868132 0.060546875
1 0.4684065934065934 0.4365234375 0.03241758241758242 0.068359375
1 0.4824175824175824 0.62744140625 0.03626373626373627 0.0810546875
1 0.49752747252747254 0.8330078125 0.03791208791208791 0.09375