0 0.17219251336898395 0.3512357414448669 0.022459893048128343 0.0370722433460076
0 0.153475935828877 0.3602661596958175 0.027807486631016044 0.030418250950570342
1 0.4425133689839572 0.38450570342205326 0.022994652406417113 0.04657794676806084
0 0.13101604278074866 0.38640684410646386 0.027807486631016044 0.03517110266159696
0 0.10401069518716577 0.40019011406844107 0.025133689839572194 0.030418250950570342
0 0.05508021390374331 0.4301330798479088 0.028877005347593583 0.04657794676806084
1 0.41871657754010694 0.4505703422053232 0.023529411764705882 0.049429657794676805
1 0.4088235294117647 0.47861216730038025 0.03048128342245989 0.05418250950570342
1 0.3713903743315508 0.5156844106463878 0.03048128342245989 0.0655893536121673
1 0.3090909090909091 0.5508555133079848 0.039572192513368985 0.05608365019011407
1 0.22620320855614973 0.5822243346007605 0.039572192513368985 0.0655893536121673
1 0.1355614973262032 0.6159695817490495 0.04224598930481283 0.07224334600760456
1 0.011764705882352941 0.6658745247148289 0.023529411764705882 0.08650190114068441