0 0.5954787234042553 0.29111531190926276 0.014361702127659574 0.020793950850661626
0 0.5954787234042553 0.33081285444234404 0.014361702127659574 0.030245746691871456
0 0.5944148936170213 0.3790170132325142 0.011170212765957447 0.022684310018903593
0 0.5936170212765958 0.43289224952741023 0.01276595744680851 0.020793950850661626
0 0.5914893617021276 0.4825141776937618 0.011702127659574468 0.02551984877126654
0 0.589627659574468 0.2452741020793951 0.015425531914893617 0.027410207939508508
0 0.5875 0.6847826086956522 0.014361702127659574 0.027410207939508508
0 0.586968085106383 0.7986767485822306 0.015425531914893617 0.024574669187145556
0 0.5856382978723405 0.9097353497164461 0.014893617021276596 0.023629489603024575
0 0.5813829787234043 0.194234404536862 0.01276595744680851 0.03497164461247637
0 0.5742021276595745 0.1327977315689981 0.014361702127659574 0.02551984877126654
1 0.5683510638297873 0.6157844990548205 0.018617021276595744 0.027410207939508508
1 0.5683510638297873 0.6847826086956522 0.01648936170212766 0.02930056710775047
1 0.5667553191489362 0.5661625708884688 0.015425531914893617 0.03213610586011342
1 0.5667553191489362 0.7533081285444234 0.01648936170212766 0.034026465028355386
1 0.5640957446808511 0.8903591682419659 0.018617021276595744 0.030245746691871456
0 0.5632978723404255 0.06332703213610585 0.01702127659574468 0.03213610586011342
1 0.563031914893617 0.5283553875236295 0.015425531914893617 0.022684310018903593
0 0.5590425531914893 0.015122873345935728 0.018085106382978722 0.030245746691871456
1 0.5523936170212767 0.4603024574669187 0.015425531914893617 0.03213610586011342
1 0.5406914893617021 0.3672022684310019 0.019680851063829788 0.03497164461247637
1 0.5255319148936171 0.24669187145557656 0.023404255319148935 0.03969754253308128
1 0.5101063829787233 0.10255198487712665 0.022340425531914895 0.0444234404536862
1 0.5029255319148936 0.01606805293005671 0.026063829787234042 0.03213610586011342