0 0.5997368421052631 0.2949438202247191 0.014210526315789474 0.020599250936329586
0 0.5997368421052631 0.3342696629213483 0.014210526315789474 0.0299625468164794
0 0.5986842105263158 0.38202247191011235 0.011052631578947368 0.02247191011235955
0 0.5978947368421053 0.4353932584269663 0.01263157894736842 0.020599250936329586
0 0.5957894736842105 0.4845505617977528 0.011578947368421053 0.025280898876404494
0 0.5939473684210527 0.2495318352059925 0.015263157894736841 0.027153558052434457
0 0.591842105263158 0.6849250936329588 0.014210526315789474 0.027153558052434457
0 0.5913157894736842 0.797752808988764 0.015263157894736841 0.024344569288389514
0 0.59 0.9077715355805244 0.014736842105263158 0.023408239700374533
0 0.5857894736842105 0.1989700374531835 0.01263157894736842 0.03464419475655431
0 0.5786842105263158 0.13810861423220974 0.014210526315789474 0.025280898876404494
1 0.5728947368421052 0.6165730337078652 0.018421052631578946 0.027153558052434457
1 0.5728947368421052 0.6849250936329588 0.01631578947368421 0.02902621722846442
1 0.5713157894736842 0.5674157303370787 0.015263157894736841 0.031835205992509365
1 0.5713157894736842 0.7528089887640449 0.01631578947368421 0.033707865168539325
1 0.5686842105263158 0.8885767790262172 0.018421052631578946 0.0299625468164794
0 0.5678947368421052 0.06928838951310862 0.016842105263157894 0.031835205992509365
1 0.5676315789473684 0.5299625468164794 0.015263157894736841 0.02247191011235955
0 0.5636842105263158 0.02153558052434457 0.017894736842105262 0.0299625468164794
1 0.5571052631578948 0.46254681647940077 0.015263157894736841 0.031835205992509365
1 0.5455263157894736 0.3703183520599251 0.019473684210526317 0.03464419475655431
1 0.5305263157894737 0.250936329588015 0.023157894736842106 0.03932584269662921
1 0.5152631578947369 0.10814606741573034 0.022105263157894735 0.04400749063670412
1 0.5081578947368421 0.019194756554307114 0.025789473684210525 0.03838951310861423