0 0.3848958333333333 0.324537037037037 0.011458333333333333 0.025
0 0.40677083333333336 0.324537037037037 0.016666666666666666 0.025
0 0.43333333333333335 0.3263888888888889 0.0125 0.019444444444444445
1 0.9231770833333334 0.32685185185185184 0.015104166666666667 0.02962962962962963
0 0.4630208333333333 0.3277777777777778 0.011458333333333333 0.022222222222222223
1 0.946875 0.33055555555555555 0.0125 0.022222222222222223
1 0.9700520833333334 0.3314814814814815 0.015104166666666667 0.024074074074074074
0 0.4903645833333333 0.3314814814814815 0.0140625 0.020370370370370372
0 0.35963541666666665 0.3347222222222222 0.015104166666666667 0.026851851851851852
0 0.6018229166666667 0.3384259259259259 0.015104166666666667 0.025
0 0.6645833333333333 0.33935185185185185 0.013541666666666667 0.026851851851851852
1 0.99375 0.34120370370370373 0.0125 0.03425925925925926
0 0.72578125 0.3416666666666667 0.013020833333333334 0.025925925925925925
0 0.8424479166666666 0.3421296296296296 0.0171875 0.026851851851851852
0 0.7856770833333333 0.34444444444444444 0.0140625 0.022222222222222223
0 0.8177083333333334 0.34444444444444444 0.0125 0.03148148148148148
0 0.33151041666666664 0.3490740740740741 0.019270833333333334 0.022222222222222223
0 0.29765625 0.36157407407407405 0.0140625 0.025
1 0.5638020833333334 0.37175925925925923 0.015104166666666667 0.032407407407407406
1 0.6018229166666667 0.37175925925925923 0.016145833333333335 0.028703703703703703
1 0.5364583333333334 0.37453703703703706 0.017708333333333333 0.026851851851851852
1 0.6395833333333333 0.37453703703703706 0.01875 0.028703703703703703
1 0.7903645833333334 0.3787037037037037 0.015104166666666667 0.03148148148148148
1 0.7151041666666667 0.37916666666666665 0.016666666666666666 0.032407407407407406
0 0.259375 0.38055555555555554 0.017708333333333333 0.02962962962962963
1 0.515625 0.38101851851851853 0.0125 0.026851851851851852
1 0.8703125 0.3824074074074074 0.01875 0.02962962962962963
1 0.9825520833333333 0.3875 0.021354166666666667 0.03425925925925926
0 0.2328125 0.38796296296296295 0.016666666666666666 0.03148148148148148
1 0.9419270833333333 0.3902777777777778 0.016145833333333335 0.03611111111111111
0 0.19869791666666667 0.3972222222222222 0.019270833333333334 0.03148148148148148
1 0.478125 0.399537037037037 0.017708333333333333 0.026851851851851852
0 0.1625 0.40879629629629627 0.016666666666666666 0.026851851851851852
0 0.11744791666666667 0.41944444444444445 0.025520833333333333 0.03888888888888889
1 0.42682291666666666 0.4199074074074074 0.019270833333333334 0.03425925925925926
0 0.06744791666666666 0.4203703703703704 0.024479166666666666 0.040740740740740744
0 0.011197916666666667 0.42685185185185187 0.022395833333333334 0.03888888888888889
1 0.36041666666666666 0.4462962962962963 0.021875 0.040740740740740744
1 0.28098958333333335 0.47314814814814815 0.024479166666666666 0.03888888888888889
1 0.22942708333333334 0.48564814814814816 0.025520833333333333 0.04537037037037037
1 0.17734375 0.5013888888888889 0.025520833333333333 0.04537037037037037
1 0.10911458333333333 0.5175925925925926 0.0296875 0.040740740740740744
1 0.02109375 0.5328703703703703 0.03177083333333333 0.05277777777777778