0 0.5211226851851852 0.9768518518518519 0.015625 0.029835390946502057
0 0.5162037037037037 0.536522633744856 0.013888888888888888 0.027777777777777776
0 0.5150462962962963 0.485082304526749 0.013888888888888888 0.03806584362139918
0 0.5124421296296297 0.43724279835390945 0.02141203703703704 0.024691358024691357
0 0.5031828703703703 0.38477366255144035 0.01678240740740741 0.03292181069958848
1 0.4991319444444444 0.9099794238683128 0.01678240740740741 0.040123456790123455
1 0.49797453703703703 0.8359053497942387 0.015625 0.029835390946502057
0 0.4939236111111111 0.3281893004115226 0.02141203703703704 0.03292181069958848
1 0.49247685185185186 0.7026748971193416 0.018518518518518517 0.024691358024691357
0 0.48582175925925924 0.2664609053497942 0.01678240740740741 0.03292181069958848
1 0.4837962962962963 0.6610082304526749 0.018518518518518517 0.029835390946502057
0 0.4748263888888889 0.18518518518518517 0.015625 0.03497942386831276
1 0.4722222222222222 0.5802469135802469 0.018518518518518517 0.03292181069958848
0 0.4678819444444444 0.12962962962962962 0.015625 0.03292181069958848
1 0.45891203703703703 0.4691358024691358 0.024305555555555556 0.043209876543209874
0 0.4508101851851852 0.0051440329218107 0.015046296296296295 0.0102880658436214
1 0.43952546296296297 0.3420781893004115 0.022569444444444444 0.040123456790123455
1 0.4201388888888889 0.18261316872427982 0.02662037037037037 0.040123456790123455
1 0.4079861111111111 0.08384773662551441 0.02546296296296296 0.04835390946502058