1 0.652745995423341 0.8559063136456212 0.012585812356979404 0.019348268839103868
1 0.6516018306636155 0.8818737270875764 0.009153318077803204 0.018329938900203666
1 0.6484553775743707 0.9037678207739308 0.009725400457665904 0.017311608961303463
1 0.6473112128146453 0.9322810590631364 0.014302059496567507 0.021384928716904276
1 0.6447368421052632 0.9658859470468432 0.016018306636155607 0.019348268839103868
1 0.6435926773455377 0.9979633401221996 0.014874141876430207 0.004073319755600814
0 0.6384439359267735 0.7204684317718941 0.014874141876430207 0.021384928716904276
0 0.6367276887871853 0.7520366598778004 0.011441647597254004 0.023421588594704685
0 0.6358695652173914 0.7927698574338086 0.012013729977116704 0.025458248472505093
0 0.6347254004576659 0.8233197556008147 0.010869565217391304 0.021384928716904276
0 0.6255720823798627 0.8513238289205702 0.014302059496567507 0.024439918533604887
0 0.625 0.7489816700610998 0.010869565217391304 0.019348268839103868
0 0.6241418764302059 0.8034623217922607 0.016018306636155607 0.026476578411405296
0 0.6181350114416476 0.6318737270875764 0.016590389016018305 0.029531568228105907
0 0.6172768878718535 0.40987780040733196 0.014874141876430207 0.029531568228105907
0 0.6155606407322655 0.0855397148676171 0.012585812356979404 0.026476578411405296
0 0.6149885583524027 0.3029531568228106 0.013729977116704805 0.029531568228105907
0 0.6124141876430206 0.031059063136456212 0.01887871853546911 0.019348268839103868
1 0.6086956521739131 0.9852342158859471 0.018306636155606407 0.029531568228105907
1 0.6058352402745996 0.8620162932790224 0.018306636155606407 0.031568228105906315
1 0.6015446224256293 0.7184317718940937 0.02116704805491991 0.029531568228105907
1 0.601258581235698 0.5840122199592668 0.018306636155606407 0.031568228105906315
1 0.5955377574370709 0.37932790224032586 0.018306636155606407 0.029531568228105907
1 0.5955377574370709 0.4460285132382892 0.018306636155606407 0.024439918533604887
1 0.5909610983981693 0.3060081466395112 0.019450800915331808 0.031568228105906315
1 0.5878146453089245 0.2515274949083503 0.016590389016018305 0.038696537678207736
1 0.5826659038901602 0.20926680244399185 0.02116704805491991 0.029531568228105907
1 0.566933638443936 0.109979633401222 0.02402745995423341 0.034623217922606926
1 0.551487414187643 0.006109979633401222 0.02402745995423341 0.012219959266802444