1 0.3826086956521739 0.1706963249516441 0.011956521739130435 0.0183752417794971
1 0.38369565217391305 0.14603481624758222 0.008695652173913044 0.017408123791102514
1 0.38668478260869565 0.12524177949709864 0.00923913043478261 0.01644100580270793
1 0.3877717391304348 0.09816247582205029 0.01358695652173913 0.020309477756286266
1 0.39021739130434785 0.06624758220502901 0.015217391304347827 0.0183752417794971
1 0.391304347826087 0.02804642166344294 0.014130434782608696 0.019342359767891684
0 0.39619565217391306 0.2993230174081238 0.014130434782608696 0.020309477756286266
0 0.3978260869565217 0.26934235976789167 0.010869565217391304 0.022243713733075435
0 0.3986413043478261 0.23065764023210833 0.01141304347826087 0.024177949709864602
0 0.3997282608695652 0.2016441005802708 0.010326086956521738 0.020309477756286266
0 0.40842391304347825 0.17504835589941972 0.01358695652173913 0.02321083172147002
0 0.40896739130434784 0.27224371373307543 0.010326086956521738 0.0183752417794971
0 0.4097826086956522 0.2205029013539652 0.015217391304347827 0.025145067698259187
0 0.4154891304347826 0.3834622823984526 0.01576086956521739 0.02804642166344294
0 0.41630434782608694 0.594294003868472 0.014130434782608696 0.02804642166344294
0 0.41793478260869565 0.902321083172147 0.011956521739130435 0.025145067698259187
0 0.41847826086956524 0.6958413926499033 0.013043478260869565 0.02804642166344294
0 0.42092391304347826 0.9540618955512572 0.017934782608695653 0.0183752417794971
0 0.4236413043478261 0.9927466150870407 0.01576086956521739 0.014506769825918761
1 0.42445652173913045 0.04448742746615087 0.017391304347826087 0.03481624758220503
1 0.42717391304347824 0.16489361702127658 0.017391304347826087 0.029980657640232108
1 0.43125 0.30125725338491294 0.02010869565217391 0.02804642166344294
1 0.4315217391304348 0.42891682785299806 0.017391304347826087 0.029980657640232108
1 0.4369565217391304 0.6233075435203095 0.017391304347826087 0.02804642166344294
1 0.4369565217391304 0.5599613152804642 0.017391304347826087 0.02321083172147002
1 0.44130434782608696 0.6929400386847195 0.01847826086956522 0.029980657640232108
1 0.44429347826086957 0.7446808510638298 0.01576086956521739 0.0367504835589942
1 0.44918478260869565 0.784816247582205 0.02010869565217391 0.02804642166344294
1 0.4641304347826087 0.879110251450677 0.02282608695652174 0.03288201160541586
1 0.47880434782608694 0.9859767891682786 0.02282608695652174 0.02804642166344294