0 0.6314207650273224 0.3679611650485437 0.011475409836065573 0.015533980582524271
0 0.6491803278688525 0.3679611650485437 0.012021857923497269 0.015533980582524271
0 0.3092896174863388 0.36893203883495146 0.014207650273224045 0.015533980582524271
0 0.6095628415300547 0.3713592233009709 0.015846994535519125 0.018446601941747572
0 0.5877049180327869 0.37524271844660195 0.011475409836065573 0.018446601941747572
0 0.5420765027322404 0.3786407766990291 0.008743169398907104 0.013592233009708738
0 0.5642076502732241 0.3786407766990291 0.011475409836065573 0.015533980582524271
0 0.5226775956284153 0.38106796116504854 0.011475409836065573 0.01262135922330097
0 0.32759562841530054 0.38300970873786405 0.014754098360655738 0.01262135922330097
0 0.5060109289617486 0.38543689320388347 0.01092896174863388 0.015533980582524271
0 0.492896174863388 0.39223300970873787 0.01092896174863388 0.013592233009708738
0 0.3549180327868853 0.39805825242718446 0.01366120218579235 0.015533980582524271
1 0.7898907103825137 0.4009708737864078 0.015846994535519125 0.02330097087378641
0 0.473224043715847 0.4009708737864078 0.01092896174863388 0.013592233009708738
1 0.7453551912568306 0.4029126213592233 0.017486338797814208 0.021359223300970873
0 0.3737704918032787 0.4033980582524272 0.014207650273224045 0.01650485436893204
0 0.4560109289617486 0.4058252427184466 0.01366120218579235 0.015533980582524271
0 0.3980874316939891 0.41067961165048544 0.012568306010928962 0.013592233009708738
1 0.7002732240437158 0.4111650485436893 0.01366120218579235 0.018446601941747572
0 0.4344262295081967 0.4116504854368932 0.013114754098360656 0.013592233009708738
1 0.6773224043715848 0.41699029126213594 0.012568306010928962 0.018446601941747572
1 0.6598360655737705 0.4228155339805825 0.009289617486338797 0.018446601941747572
1 0.6461748633879781 0.42961165048543687 0.010382513661202186 0.01650485436893204
1 0.6341530054644808 0.44029126213592235 0.011475409836065573 0.020388349514563107
1 0.6191256830601093 0.44660194174757284 0.017486338797814208 0.019417475728155338
1 0.19289617486338798 0.4519417475728155 0.02185792349726776 0.02233009708737864
1 0.5994535519125683 0.4553398058252427 0.015300546448087432 0.021359223300970873
1 0.21994535519125682 0.45922330097087377 0.020218579234972677 0.021359223300970873
1 0.5726775956284152 0.46359223300970875 0.020765027322404372 0.02233009708737864
1 0.2598360655737705 0.470873786407767 0.021311475409836064 0.02524271844660194
1 0.3013661202185792 0.47524271844660193 0.023497267759562842 0.02233009708737864
1 0.5390710382513662 0.47572815533980584 0.022404371584699455 0.017475728155339806
1 0.4997267759562842 0.4771844660194175 0.021311475409836064 0.020388349514563107
1 0.35081967213114756 0.4825242718446602 0.025136612021857924 0.02330097087378641
1 0.4024590163934426 0.48398058252427184 0.030054644808743168 0.024271844660194174
1 0.4527322404371585 0.48398058252427184 0.021311475409836064 0.02233009708737864