0 0.6387005649717514 0.3148893360160966 0.011864406779661017 0.01609657947686117
0 0.6570621468926554 0.3148893360160966 0.012429378531073447 0.01609657947686117
0 0.3056497175141243 0.3158953722334004 0.014689265536723164 0.01609657947686117
0 0.6161016949152542 0.31841046277665996 0.01638418079096045 0.019114688128772636
0 0.593502824858757 0.3224346076458752 0.011864406779661017 0.019114688128772636
0 0.5463276836158192 0.32595573440643866 0.00903954802259887 0.014084507042253521
0 0.5692090395480226 0.32595573440643866 0.011864406779661017 0.01609657947686117
0 0.5262711864406779 0.3284708249496982 0.011864406779661017 0.013078470824949699
0 0.32457627118644067 0.33048289738430586 0.015254237288135594 0.013078470824949699
0 0.5090395480225989 0.3329979879275654 0.011299435028248588 0.01609657947686117
0 0.49548022598870056 0.34004024144869216 0.011299435028248588 0.014084507042253521
0 0.35282485875706215 0.3460764587525151 0.014124293785310734 0.01609657947686117
1 0.8025423728813559 0.34909456740442657 0.01638418079096045 0.02414486921529175
0 0.4751412429378531 0.34909456740442657 0.011299435028248588 0.014084507042253521
1 0.7564971751412429 0.35110663983903423 0.01807909604519774 0.022132796780684104
0 0.37231638418079094 0.3516096579476861 0.014689265536723164 0.01710261569416499
0 0.45734463276836157 0.35412474849094566 0.014124293785310734 0.01609657947686117
0 0.3974576271186441 0.3591549295774648 0.012994350282485875 0.014084507042253521
1 0.7098870056497175 0.3596579476861167 0.014124293785310734 0.019114688128772636
0 0.4350282485875706 0.36016096579476864 0.013559322033898305 0.014084507042253521
1 0.6861581920903955 0.3656941649899396 0.012994350282485875 0.019114688128772636
1 0.6680790960451978 0.3717303822937626 0.0096045197740113 0.019114688128772636
1 0.653954802259887 0.37877263581488935 0.010734463276836158 0.01710261569416499
1 0.6415254237288136 0.38983903420523136 0.011864406779661017 0.02112676056338028
1 0.6259887005649718 0.3963782696177062 0.01807909604519774 0.02012072434607646
1 0.18531073446327684 0.40191146881287726 0.022598870056497175 0.023138832997987926
1 0.6056497175141243 0.40543259557344064 0.015819209039548022 0.022132796780684104
1 0.2132768361581921 0.40945674044265595 0.020903954802259886 0.022132796780684104
1 0.5779661016949152 0.41398390342052316 0.021468926553672316 0.023138832997987926
1 0.25451977401129944 0.4215291750503018 0.022033898305084745 0.026156941649899398
1 0.29745762711864404 0.426056338028169 0.024293785310734464 0.023138832997987926
1 0.5432203389830509 0.42655935613682094 0.023163841807909605 0.018108651911468814
1 0.502542372881356 0.42806841046277666 0.022033898305084745 0.02112676056338028
1 0.34858757062146895 0.4336016096579477 0.02598870056497175 0.02414486921529175
1 0.4019774011299435 0.4351106639839034 0.031073446327683617 0.025150905432595575
1 0.453954802259887 0.4351106639839034 0.022033898305084745 0.023138832997987926