0 0.5471354166666667 0.2810185185185185 0.015104166666666667 0.025
0 0.5190104166666667 0.29074074074074074 0.0140625 0.022222222222222223
0 0.49114583333333334 0.29444444444444445 0.0125 0.02962962962962963
0 0.4625 0.29583333333333334 0.0125 0.026851851851851852
0 0.4317708333333333 0.30277777777777776 0.011458333333333333 0.022222222222222223
0 0.23177083333333334 0.30462962962962964 0.013541666666666667 0.03148148148148148
0 0.40598958333333335 0.30694444444444446 0.0140625 0.026851851851851852
0 0.37864583333333335 0.3138888888888889 0.011458333333333333 0.022222222222222223
1 0.6002604166666666 0.31574074074074077 0.021354166666666667 0.02962962962962963
0 0.3528645833333333 0.3236111111111111 0.015104166666666667 0.026851851851851852
1 0.534375 0.33240740740740743 0.014583333333333334 0.03148148148148148
0 0.32109375 0.3347222222222222 0.0140625 0.026851851851851852
1 0.5015625 0.3351851851851852 0.017708333333333333 0.022222222222222223
0 0.29401041666666666 0.3421296296296296 0.0140625 0.026851851851851852
1 0.05572916666666667 0.3435185185185185 0.021875 0.03888888888888889
0 0.21822916666666667 0.34629629629629627 0.016666666666666666 0.040740740740740744
1 0.4703125 0.34629629629629627 0.0125 0.03148148148148148
0 0.2625 0.34814814814814815 0.016666666666666666 0.020370370370370372
0 0.22760416666666666 0.3537037037037037 0.016666666666666666 0.03148148148148148
1 0.44140625 0.35694444444444445 0.016145833333333335 0.03425925925925926
1 0.034895833333333334 0.36018518518518516 0.014583333333333334 0.03148148148148148
1 0.40703125 0.3675925925925926 0.0171875 0.040740740740740744
1 0.013802083333333333 0.37592592592592594 0.0171875 0.02962962962962963
1 0.37604166666666666 0.3787037037037037 0.025 0.03148148148148148
1 0.334375 0.3962962962962963 0.016666666666666666 0.03888888888888889
1 0.29010416666666666 0.40185185185185185 0.021875 0.040740740740740744
1 0.23932291666666666 0.4148148148148148 0.019270833333333334 0.02962962962962963
1 0.19114583333333332 0.42453703703703705 0.021875 0.03425925925925926
1 0.08880208333333334 0.4310185185185185 0.0203125 0.04351851851851852
1 0.017708333333333333 0.4337962962962963 0.019791666666666666 0.062037037037037036
1 0.1375 0.43425925925925923 0.027083333333333334 0.05
1 0.05078125 0.4388888888888889 0.021354166666666667 0.040740740740740744