0 0.5166666666666667 0.24295774647887325 0.01638418079096045 0.02716297786720322
0 0.48615819209039546 0.2535211267605634 0.015254237288135594 0.02414486921529175
0 0.4559322033898305 0.2575452716297787 0.013559322033898305 0.03219315895372234
0 0.4248587570621469 0.2590543259557344 0.013559322033898305 0.029175050301810865
0 0.39152542372881355 0.2665995975855131 0.012429378531073447 0.02414486921529175
0 0.17457627118644067 0.2686116700201207 0.014689265536723164 0.03420523138832998
0 0.3635593220338983 0.2711267605633803 0.015254237288135594 0.029175050301810865
0 0.3338983050847458 0.27867203219315895 0.012429378531073447 0.02414486921529175
1 0.5742937853107345 0.2806841046277666 0.023163841807909605 0.03219315895372234
0 0.3059322033898305 0.2892354124748491 0.01638418079096045 0.029175050301810865
1 0.5028248587570622 0.2987927565392354 0.015819209039548022 0.03420523138832998
0 0.27146892655367233 0.301307847082495 0.015254237288135594 0.029175050301810865
1 0.4672316384180791 0.30181086519114686 0.0192090395480226 0.02414486921529175
0 0.24209039548022598 0.30935613682092555 0.015254237288135594 0.029175050301810865
0 0.1598870056497175 0.31388329979879276 0.01807909604519774 0.04426559356136821
1 0.43333333333333335 0.31388329979879276 0.013559322033898305 0.03420523138832998
0 0.207909604519774 0.3158953722334004 0.01807909604519774 0.022132796780684104
0 0.17005649717514124 0.32193158953722334 0.01807909604519774 0.03420523138832998
1 0.4019774011299435 0.3254527162977867 0.01751412429378531 0.03722334004024145
1 0.36468926553672315 0.33702213279678067 0.01864406779661017 0.04426559356136821
1 0.3310734463276836 0.34909456740442657 0.02711864406779661 0.03420523138832998
1 0.2858757062146893 0.3682092555331992 0.01807909604519774 0.04225352112676056
1 0.23785310734463277 0.37424547283702214 0.023728813559322035 0.04426559356136821
1 0.1827683615819209 0.38832997987927564 0.020903954802259886 0.03219315895372234
1 0.13050847457627118 0.39889336016096577 0.023728813559322035 0.03722334004024145
1 0.019491525423728815 0.4059356136820926 0.022033898305084745 0.047283702213279676
1 0.07231638418079096 0.40945674044265595 0.02937853107344633 0.05432595573440644