0 0.5296610169491526 0.3023138832997988 0.01638418079096045 0.02716297786720322
0 0.49915254237288137 0.31287726358148893 0.015254237288135594 0.02414486921529175
0 0.4689265536723164 0.31690140845070425 0.013559322033898305 0.03219315895372234
0 0.4378531073446328 0.31841046277665996 0.013559322033898305 0.029175050301810865
0 0.40451977401129946 0.32595573440643866 0.012429378531073447 0.02414486921529175
0 0.18757062146892656 0.32796780684104626 0.014689265536723164 0.03420523138832998
0 0.3765536723163842 0.33048289738430586 0.015254237288135594 0.029175050301810865
0 0.34689265536723163 0.3380281690140845 0.012429378531073447 0.02414486921529175
1 0.5872881355932204 0.34004024144869216 0.023163841807909605 0.03219315895372234
0 0.31892655367231637 0.3485915492957746 0.01638418079096045 0.029175050301810865
1 0.515819209039548 0.358148893360161 0.015819209039548022 0.03420523138832998
0 0.2844632768361582 0.3606639839034205 0.015254237288135594 0.029175050301810865
1 0.480225988700565 0.3611670020120724 0.0192090395480226 0.02414486921529175
0 0.25508474576271184 0.3687122736418511 0.015254237288135594 0.029175050301810865
1 0.00423728813559322 0.3702213279678068 0.00847457627118644 0.04225352112676056
0 0.17288135593220338 0.3732394366197183 0.01807909604519774 0.04426559356136821
1 0.4463276836158192 0.3732394366197183 0.013559322033898305 0.03420523138832998
0 0.22090395480225988 0.37525150905432597 0.01807909604519774 0.022132796780684104
0 0.18305084745762712 0.3812877263581489 0.01807909604519774 0.03420523138832998
1 0.41497175141242937 0.38480885311871227 0.01751412429378531 0.03722334004024145
1 0.37768361581920906 0.3963782696177062 0.01864406779661017 0.04426559356136821
1 0.3440677966101695 0.4084507042253521 0.02711864406779661 0.03420523138832998
1 0.29887005649717513 0.4275653923541248 0.01807909604519774 0.04225352112676056
1 0.25084745762711863 0.4336016096579477 0.023728813559322035 0.04426559356136821
1 0.19576271186440677 0.4476861167002012 0.020903954802259886 0.03219315895372234
1 0.14350282485875707 0.4582494969818913 0.023728813559322035 0.03722334004024145
1 0.03248587570621469 0.46529175050301813 0.022033898305084745 0.047283702213279676
1 0.08531073446327683 0.4688128772635815 0.02937853107344633 0.05432595573440644