1 0.24633507853403142 0.2644320297951583 0.017277486910994764 0.03165735567970205
0 0.6094240837696335 0.2756052141527002 0.012565445026178011 0.0223463687150838
1 0.22460732984293194 0.2770018621973929 0.013612565445026177 0.03445065176908752
0 0.5803664921465969 0.2774674115456238 0.015183246073298429 0.020484171322160148
0 0.3712041884816754 0.27932960893854747 0.01780104712041885 0.0297951582867784
0 0.5494764397905759 0.28305400372439476 0.016230366492146597 0.03165735567970205
0 0.5217277486910995 0.287243947858473 0.015183246073298429 0.027001862197392923
0 0.4950261780104712 0.29003724394785846 0.022513089005235604 0.036312849162011177
1 0.20340314136125653 0.2914338919925512 0.015183246073298429 0.03910614525139665
0 0.43324607329842935 0.30121042830540035 0.0193717277486911 0.027001862197392923
0 0.46020942408376964 0.30121042830540035 0.012565445026178011 0.027001862197392923
0 0.3725130890052356 0.308659217877095 0.020418848167539267 0.027001862197392923
1 0.17984293193717277 0.3100558659217877 0.015183246073298429 0.0297951582867784
0 0.4026178010471204 0.3100558659217877 0.01780104712041885 0.0297951582867784
1 0.637434554973822 0.3268156424581006 0.016230366492146597 0.03165735567970205
1 0.6020942408376964 0.3333333333333333 0.018848167539267015 0.03910614525139665
1 0.14973821989528796 0.3361266294227188 0.01780104712041885 0.05027932960893855
1 0.5698952879581152 0.340316573556797 0.015183246073298429 0.03445065176908752
1 0.5350785340314136 0.34450651769087526 0.013612565445026177 0.0297951582867784
1 0.5041884816753927 0.35661080074487894 0.016753926701570682 0.0297951582867784
1 0.4612565445026178 0.3621973929236499 0.028272251308900525 0.040968342644320296
1 0.17408376963350786 0.3645251396648045 0.024607329842931937 0.04562383612662942
1 0.15759162303664923 0.3654562383612663 0.01780104712041885 0.05307262569832402
1 0.19581151832460733 0.37243947858473 0.023036649214659685 0.048417132216014895
1 0.41282722513089004 0.3738361266294227 0.020418848167539267 0.036312849162011177
1 0.36465968586387437 0.3747672253258845 0.020418848167539267 0.043761638733705775
1 0.22984293193717278 0.3780260707635009 0.023036649214659685 0.040968342644320296
1 0.31884816753926704 0.3780260707635009 0.028272251308900525 0.040968342644320296
1 0.27146596858638744 0.3845437616387337 0.025654450261780103 0.03910614525139665