1 0.2531464530892448 0.2454175152749491 0.01887871853546911 0.034623217922606926
0 0.6498855835240275 0.2576374745417515 0.013729977116704805 0.024439918533604887
1 0.2294050343249428 0.2591649694501018 0.014874141876430207 0.03767820773930754
0 0.6181350114416476 0.25967413441955195 0.016590389016018305 0.02240325865580448
0 0.38958810068649885 0.26171079429735233 0.019450800915331808 0.032586558044806514
0 0.5843821510297483 0.26578411405295316 0.017734553775743706 0.034623217922606926
0 0.5540617848970252 0.27036659877800406 0.016590389016018305 0.029531568228105907
0 0.5248855835240275 0.27342158859470467 0.02459954233409611 0.03971486761710794
1 0.20623569794050342 0.27494908350305497 0.016590389016018305 0.04276985743380855
0 0.45737986270022885 0.28564154786150714 0.02116704805491991 0.029531568228105907
0 0.4868421052631579 0.28564154786150714 0.013729977116704805 0.029531568228105907
0 0.3910183066361556 0.29378818737270873 0.02231121281464531 0.029531568228105907
1 0.1804919908466819 0.2953156822810591 0.016590389016018305 0.032586558044806514
0 0.42391304347826086 0.2953156822810591 0.019450800915331808 0.032586558044806514
1 0.6804919908466819 0.3136456211812627 0.017734553775743706 0.034623217922606926
1 0.6418764302059496 0.32077393075356414 0.020594965675057208 0.04276985743380855
1 0.14759725400457666 0.32382892057026474 0.019450800915331808 0.054989816700611
1 0.6066933638443935 0.3284114052953157 0.016590389016018305 0.03767820773930754
1 0.568649885583524 0.3329938900203666 0.014874141876430207 0.032586558044806514
1 0.5348970251716247 0.34623217922606925 0.018306636155606407 0.032586558044806514
1 0.4879862700228833 0.35234215885947046 0.030892448512585814 0.04480651731160896
1 0.17419908466819223 0.354887983706721 0.02688787185354691 0.04989816700610998
1 0.15617848970251716 0.3559063136456212 0.019450800915331808 0.05804480651731161
1 0.19794050343249428 0.3635437881873727 0.02517162471395881 0.05295315682281059
1 0.4350686498855835 0.365071283095723 0.02231121281464531 0.03971486761710794
1 0.3824370709382151 0.36608961303462323 0.02231121281464531 0.04786150712830957
1 0.2351258581235698 0.3696537678207739 0.02517162471395881 0.04480651731160896
1 0.33237986270022885 0.3696537678207739 0.030892448512585814 0.04480651731160896
1 0.28060640732265446 0.37678207739307534 0.02803203661327231 0.04276985743380855