0 0.5986910994764398 0.9716014897579144 0.0193717277486911 0.027001862197392923
0 0.5963350785340314 0.845903165735568 0.016753926701570682 0.027001862197392923
0 0.5963350785340314 0.9050279329608939 0.016753926701570682 0.024208566108007448
1 0.5963350785340314 0.20297951582867785 0.014659685863874346 0.035381750465549346
0 0.5916230366492147 0.7797951582867784 0.01780104712041885 0.028864059590316574
0 0.5895287958115183 0.7239292364990689 0.02198952879581152 0.028864059590316574
0 0.5863874345549738 0.6620111731843575 0.01780104712041885 0.0223463687150838
1 0.5863874345549738 0.1634078212290503 0.012565445026178011 0.025139664804469275
0 0.5816753926701571 0.41945996275605213 0.016753926701570682 0.025139664804469275
0 0.5798429319371727 0.5931098696461825 0.015183246073298429 0.0335195530726257
0 0.5774869109947643 0.5437616387337058 0.01780104712041885 0.0223463687150838
1 0.5774869109947643 0.11312849162011174 0.01780104712041885 0.027001862197392923
0 0.574869109947644 0.48091247672253257 0.01780104712041885 0.027001862197392923
0 0.5714659685863874 0.43109869646182497 0.024607329842931937 0.0297951582867784
1 0.5643979057591623 0.06052141527001862 0.01780104712041885 0.03910614525139665
1 0.5602094240837696 0.9334264432029795 0.023036649214659685 0.038175046554934824
1 0.5578534031413612 0.8505586592178771 0.025654450261780103 0.036312849162011177
1 0.5513089005235602 0.7718808193668529 0.023036649214659685 0.040968342644320296
1 0.5465968586387434 0.6978584729981379 0.02198952879581152 0.04748603351955307
1 0.5460732984293194 0.02653631284916201 0.01780104712041885 0.036312849162011177
1 0.5421465968586388 0.6233705772811918 0.020418848167539267 0.038175046554934824
1 0.5384816753926701 0.04422718808193669 0.024607329842931937 0.03445065176908752
1 0.5353403141361257 0.5339851024208566 0.025654450261780103 0.036312849162011177
1 0.5319371727748691 0.06657355679702048 0.027225130890052355 0.028864059590316574
1 0.5314136125654451 0.45018621973929235 0.0387434554973822 0.04562383612662942
1 0.5306282722513089 0.1196461824953445 0.024607329842931937 0.04562383612662942
1 0.5293193717277487 0.18994413407821228 0.02198952879581152 0.040968342644320296
1 0.5274869109947644 0.2686219739292365 0.025654450261780103 0.04562383612662942
1 0.5274869109947644 0.3542830540037244 0.025654450261780103 0.043761638733705775