0 0.3997282608695652 0.043036750483559 0.02010869565217391 0.02804642166344294
0 0.40217391304347827 0.17359767891682784 0.017391304347826087 0.02804642166344294
0 0.40217391304347827 0.11218568665377177 0.017391304347826087 0.025145067698259187
1 0.40217391304347827 0.8413926499032882 0.015217391304347827 0.0367504835589942
0 0.40706521739130436 0.24226305609284332 0.01847826086956522 0.029980657640232108
0 0.4092391304347826 0.3002901353965184 0.02282608695652174 0.029980657640232108
0 0.4125 0.3646034816247582 0.01847826086956522 0.02321083172147002
1 0.4125 0.882495164410058 0.013043478260869565 0.02611218568665377
0 0.41739130434782606 0.6165377176015474 0.017391304347826087 0.02611218568665377
0 0.41929347826086955 0.43617021276595747 0.01576086956521739 0.03481624758220503
0 0.4217391304347826 0.4874274661508704 0.01847826086956522 0.02321083172147002
1 0.4217391304347826 0.9347195357833655 0.01847826086956522 0.02804642166344294
0 0.42445652173913045 0.5527079303675049 0.01847826086956522 0.02804642166344294
0 0.4279891304347826 0.6044487427466151 0.025543478260869567 0.030947775628626693
1 0.43532608695652175 0.010154738878143133 0.02391304347826087 0.020309477756286266
1 0.43532608695652175 0.9845261121856866 0.01847826086956522 0.030947775628626693
1 0.43967391304347825 0.08268858800773694 0.02391304347826087 0.039651837524177946
1 0.4421195652173913 0.16876208897485492 0.026630434782608695 0.037717601547388784
1 0.4489130434782609 0.2504835589941973 0.02391304347826087 0.0425531914893617
1 0.453804347826087 0.32736943907156674 0.02282608695652174 0.04932301740812379
1 0.45842391304347824 0.4047388781431335 0.021195652173913043 0.039651837524177946
1 0.4622282608695652 0.9941972920696325 0.025543478260869567 0.01160541586073501
1 0.4654891304347826 0.4975822050290135 0.026630434782608695 0.037717601547388784
1 0.46902173913043477 0.9830754352030948 0.02826086956521739 0.029980657640232108
1 0.46956521739130436 0.5846228239845261 0.04021739130434782 0.047388781431334626
1 0.4703804347826087 0.9279497098646035 0.025543478260869567 0.047388781431334626
1 0.4717391304347826 0.8549323017408124 0.02282608695652174 0.0425531914893617
1 0.4736413043478261 0.77321083172147 0.026630434782608695 0.047388781431334626
1 0.4736413043478261 0.6842359767891683 0.026630434782608695 0.045454545454545456