0 0.7296875 0.4388888888888889 0.01875 0.040740740740740744
0 0.76875 0.4388888888888889 0.01875 0.040740740740740744
0 0.6958333333333333 0.44305555555555554 0.023958333333333335 0.05277777777777778
0 0.66015625 0.4476851851851852 0.0203125 0.03425925925925926
0 0.5229166666666667 0.45185185185185184 0.023958333333333335 0.04814814814814815
0 0.5880208333333333 0.45555555555555555 0.01875 0.040740740740740744
0 0.61875 0.4597222222222222 0.022916666666666665 0.04537037037037037
0 0.5536458333333333 0.46574074074074073 0.022916666666666665 0.03888888888888889
1 0.3020833333333333 0.4875 0.022916666666666665 0.03611111111111111
1 0.31588541666666664 0.49953703703703706 0.024479166666666666 0.04537037037037037
1 0.33671875 0.5097222222222222 0.0296875 0.05277777777777778
1 0.3734375 0.512962962962963 0.027083333333333334 0.040740740740740744
1 0.7083333333333334 0.5148148148148148 0.022916666666666665 0.03888888888888889
1 0.6606770833333333 0.5203703703703704 0.021354166666666667 0.040740740740740744
1 0.41380208333333335 0.5203703703703704 0.024479166666666666 0.040740740740740744
1 0.5653645833333333 0.5212962962962963 0.025520833333333333 0.03888888888888889
1 0.6125 0.5222222222222223 0.029166666666666667 0.05
1 0.45859375 0.5268518518518519 0.0203125 0.040740740740740744
1 0.5098958333333333 0.5287037037037037 0.034375 0.04814814814814815