0 0.7502824858757062 0.3963782696177062 0.020338983050847456 0.04426559356136821
0 0.7926553672316384 0.3963782696177062 0.020338983050847456 0.04426559356136821
0 0.7135593220338983 0.40090543259557343 0.02598870056497175 0.05734406438631791
0 0.6748587570621469 0.4059356136820926 0.022033898305084745 0.03722334004024145
0 0.5259887005649717 0.4104627766599598 0.02598870056497175 0.052313883299798795
0 0.5966101694915255 0.41448692152917505 0.020338983050847456 0.04426559356136821
0 0.6299435028248588 0.41901408450704225 0.024858757062146894 0.04929577464788732
0 0.559322033898305 0.4255533199195171 0.024858757062146894 0.04225352112676056
1 0.2864406779661017 0.4491951710261569 0.024858757062146894 0.039235412474849095
1 0.3014124293785311 0.46227364185110664 0.02655367231638418 0.04929577464788732
1 0.32401129943502827 0.4733400402414487 0.03220338983050847 0.05734406438631791
1 0.3638418079096045 0.4768611670020121 0.02937853107344633 0.04426559356136821
1 0.7271186440677966 0.4788732394366197 0.024858757062146894 0.04225352112676056
1 0.6754237288135593 0.48490945674044267 0.023163841807909605 0.04426559356136821
1 0.4076271186440678 0.48490945674044267 0.02655367231638418 0.04426559356136821
1 0.5720338983050848 0.4859154929577465 0.02768361581920904 0.04225352112676056
1 0.6231638418079096 0.4869215291750503 0.031638418079096044 0.05432595573440644
1 0.4562146892655367 0.4919517102615694 0.022033898305084745 0.04426559356136821
1 0.511864406779661 0.4939637826961771 0.03728813559322034 0.052313883299798795