0 0.7702546296296297 0.45987654320987653 0.020833333333333332 0.04526748971193416
0 0.8136574074074074 0.45987654320987653 0.020833333333333332 0.04526748971193416
0 0.7326388888888888 0.4645061728395062 0.02662037037037037 0.05864197530864197
0 0.6929976851851852 0.4696502057613169 0.022569444444444444 0.03806584362139918
0 0.5405092592592593 0.4742798353909465 0.02662037037037037 0.053497942386831275
0 0.6128472222222222 0.4783950617283951 0.020833333333333332 0.04526748971193416
0 0.6469907407407407 0.48302469135802467 0.02546296296296296 0.050411522633744855
0 0.5746527777777778 0.4897119341563786 0.02546296296296296 0.043209876543209874
1 0.2951388888888889 0.5138888888888888 0.02546296296296296 0.040123456790123455
1 0.31047453703703703 0.5272633744855967 0.027199074074074073 0.050411522633744855
1 0.3336226851851852 0.5385802469135802 0.03298611111111111 0.05864197530864197
1 0.3744212962962963 0.5421810699588477 0.03009259259259259 0.04526748971193416
1 0.7465277777777778 0.5442386831275721 0.02546296296296296 0.043209876543209874
1 0.6935763888888888 0.5504115226337448 0.023726851851851853 0.04526748971193416
1 0.4192708333333333 0.5504115226337448 0.027199074074074073 0.04526748971193416
1 0.5876736111111112 0.551440329218107 0.028356481481481483 0.043209876543209874
1 0.6400462962962963 0.5524691358024691 0.032407407407407406 0.05555555555555555
1 0.46903935185185186 0.5576131687242798 0.022569444444444444 0.04526748971193416
1 0.5260416666666666 0.5596707818930041 0.03819444444444445 0.053497942386831275