1 0.4786689419795222 0.3532388663967611 0.01080773606370876 0.03441295546558704
1 0.45164960182025027 0.3603238866396761 0.013651877133105802 0.032388663967611336
0 0.6410693970420933 0.36538461538461536 0.019340159271899887 0.032388663967611336
0 0.6160409556313993 0.3765182186234818 0.020477815699658702 0.03441295546558704
1 0.4197952218430034 0.3775303643724696 0.01820250284414107 0.04251012145748988
0 0.5924345847554039 0.38309716599190285 0.016496018202502846 0.027327935222672066
1 0.3833902161547213 0.3876518218623482 0.02502844141069397 0.04251012145748988
1 0.3444254835039818 0.3967611336032389 0.01877133105802048 0.03441295546558704
0 0.5659840728100114 0.40384615384615385 0.020477815699658702 0.044534412955465584
1 0.32081911262798635 0.41143724696356276 0.02502844141069397 0.04959514170040486
0 0.715301478953356 0.41953441295546556 0.01763367463026166 0.039473684210526314
0 0.7534129692832765 0.41953441295546556 0.02218430034129693 0.04959514170040486
0 0.7963594994311718 0.41953441295546556 0.020477815699658702 0.04959514170040486
0 0.8444254835039818 0.42206477732793524 0.02218430034129693 0.05465587044534413
0 0.8862343572241184 0.4230769230769231 0.020477815699658702 0.04251012145748988
0 0.5847554038680318 0.423582995951417 0.026166097838452786 0.057692307692307696
0 0.5574516496018203 0.42611336032388664 0.020477815699658702 0.04251012145748988
0 0.9360068259385665 0.42611336032388664 0.023321956769055744 0.04251012145748988
0 0.6296928327645052 0.4271255060728745 0.02502844141069397 0.044534412955465584
0 0.6672354948805461 0.42864372469635625 0.020477815699658702 0.04757085020242915
1 0.30745164960182025 0.43623481781376516 0.02104664391353811 0.032388663967611336
0 0.9883390216154722 0.4367408906882591 0.023321956769055744 0.04959514170040486
1 0.3162684869169511 0.4574898785425101 0.01820250284414107 0.044534412955465584
1 0.33930602957906714 0.4625506072874494 0.02218430034129693 0.044534412955465584
1 0.37343572241183165 0.48279352226720645 0.02218430034129693 0.05465587044534413
1 0.4203640500568828 0.4944331983805668 0.02502844141069397 0.057692307692307696
1 0.7007963594994312 0.5020242914979757 0.02502844141069397 0.04251012145748988
1 0.4658703071672355 0.5020242914979757 0.02502844141069397 0.06275303643724696
1 0.8065984072810012 0.5055668016194332 0.020477815699658702 0.039473684210526314
1 0.6450511945392492 0.506578947368421 0.02502844141069397 0.057692307692307696
1 0.7525597269624573 0.507085020242915 0.03185437997724687 0.05263157894736842
1 0.8668941979522184 0.5091093117408907 0.03640500568828214 0.05263157894736842
1 0.5833333333333334 0.5116396761133604 0.02901023890784983 0.057692307692307696
1 0.931740614334471 0.5116396761133604 0.03185437997724687 0.057692307692307696
1 0.5264505119453925 0.5121457489878543 0.032423208191126277 0.0728744939271255