1 0.5946236559139785 0.4297323135755258 0.01827956989247312 0.018164435946462717
1 0.5908602150537634 0.384321223709369 0.017204301075268817 0.022944550669216062
0 0.5881720430107527 0.7026768642447419 0.017204301075268817 0.032504780114722756
0 0.582258064516129 0.6606118546845124 0.01827956989247312 0.03441682600382409
1 0.5817204301075268 0.33078393881453155 0.02258064516129032 0.030592734225621414
0 0.578763440860215 0.6209369024856597 0.014516129032258065 0.027724665391969407
1 0.5763440860215053 0.2695984703632887 0.02258064516129032 0.04206500956022945
1 0.571505376344086 0.20411089866156787 0.01827956989247312 0.03154875717017208
0 0.567741935483871 0.5764818355640535 0.023655913978494623 0.03441682600382409
1 0.5637096774193548 0.16443594646271512 0.026344086021505377 0.04206500956022945
0 0.5594086021505377 0.8274378585086042 0.020967741935483872 0.029636711281070746
0 0.5594086021505377 0.891491395793499 0.026344086021505377 0.0372848948374761
0 0.5594086021505377 0.9636711281070746 0.026344086021505377 0.03441682600382409
0 0.557258064516129 0.6080305927342257 0.03064516129032258 0.04397705544933078
0 0.5559139784946237 0.5621414913957935 0.02258064516129032 0.03441682600382409
0 0.5553763440860215 0.6835564053537285 0.023655913978494623 0.04206500956022945
0 0.5545698924731183 0.7466539196940727 0.025268817204301075 0.03441682600382409
1 0.5505376344086022 0.14196940726577437 0.017204301075268817 0.03537284894837476
1 0.539247311827957 0.15678776290630975 0.023655913978494623 0.030592734225621414
1 0.5365591397849462 0.19550669216061187 0.023655913978494623 0.0372848948374761
1 0.5258064516129032 0.252868068833652 0.02903225806451613 0.0372848948374761
1 0.5196236559139785 0.3317399617590822 0.03064516129032258 0.04206500956022945
1 0.5155913978494624 0.8030592734225621 0.02258064516129032 0.04206500956022945
1 0.5155913978494624 0.40822179732313574 0.03333333333333333 0.04206500956022945
1 0.5137096774193548 0.9808795411089866 0.020967741935483872 0.03441682600382409
1 0.5131720430107527 0.7093690248565966 0.03064516129032258 0.04206500956022945
1 0.5129032258064516 0.890057361376673 0.02795698924731183 0.05353728489483748
1 0.510483870967742 0.6056405353728489 0.03064516129032258 0.04875717017208413
1 0.5102150537634409 0.510038240917782 0.03870967741935484 0.05449330783938815