0 0.523224043715847 0.40485436893203886 0.014754098360655738 0.03300970873786408
1 0.35683060109289616 0.408252427184466 0.017486338797814208 0.02621359223300971
1 0.3120218579234973 0.41941747572815535 0.020765027322404372 0.03300970873786408
0 0.5002732240437159 0.4203883495145631 0.016939890710382512 0.031067961165048542
0 0.7248633879781421 0.4242718446601942 0.026775956284153007 0.04271844660194175
0 0.7680327868852459 0.42572815533980585 0.016939890710382512 0.035922330097087375
0 0.8128415300546448 0.4266990291262136 0.016939890710382512 0.037864077669902914
0 0.9647540983606557 0.429126213592233 0.022404371584699455 0.03300970873786408
0 0.678415300546448 0.4305825242718447 0.021311475409836064 0.04563106796116505
0 0.8658469945355192 0.4305825242718447 0.021311475409836064 0.035922330097087375
0 0.6437158469945355 0.4325242718446602 0.019672131147540985 0.035922330097087375
0 0.9136612021857924 0.43349514563106795 0.018579234972677595 0.037864077669902914
1 0.27021857923497267 0.43349514563106795 0.016939890710382512 0.037864077669902914
1 0.24781420765027323 0.4407766990291262 0.018032786885245903 0.03300970873786408
0 0.4860655737704918 0.4412621359223301 0.021311475409836064 0.04757281553398058
0 0.5915300546448088 0.44271844660194176 0.022404371584699455 0.040776699029126215
0 0.5581967213114755 0.4451456310679612 0.026775956284153007 0.035922330097087375
0 0.5147540983606558 0.4470873786407767 0.019672131147540985 0.035922330097087375
1 0.22704918032786886 0.4669902912621359 0.020218579234972677 0.031067961165048542
1 0.23825136612021858 0.4970873786407767 0.022950819672131147 0.04271844660194175
1 0.2562841530054645 0.5029126213592233 0.029508196721311476 0.040776699029126215
1 0.8554644808743169 0.5067961165048543 0.027868852459016394 0.05242718446601942
1 0.7346994535519126 0.5111650485436893 0.026775956284153007 0.04757281553398058
1 0.7926229508196722 0.5131067961165049 0.027868852459016394 0.04563106796116505
1 0.6743169398907104 0.5174757281553398 0.024043715846994537 0.05048543689320388
1 0.29180327868852457 0.5174757281553398 0.024043715846994537 0.05048543689320388
1 0.33524590163934426 0.5184466019417475 0.020218579234972677 0.062135922330097085
1 0.9882513661202186 0.5213592233009708 0.023497267759562842 0.062135922330097085
1 0.5581967213114755 0.525242718446602 0.026775956284153007 0.06019417475728155
1 0.6177595628415301 0.525242718446602 0.022404371584699455 0.06019417475728155
1 0.38169398907103824 0.5276699029126214 0.025683060109289616 0.05533980582524272
1 0.44016393442622953 0.5281553398058253 0.0366120218579235 0.05242718446601942
1 0.5030054644808744 0.5296116504854369 0.03333333333333333 0.05533980582524272