0 0.4338888888888889 0.4461462450592885 0.01888888888888889 0.0266798418972332
1 0.43583333333333335 0.7470355731225297 0.015 0.03162055335968379
1 0.44222222222222224 0.8280632411067194 0.01888888888888889 0.037549407114624504
0 0.44277777777777777 0.48764822134387353 0.017777777777777778 0.030632411067193676
0 0.445 0.08152173913043478 0.024444444444444446 0.04841897233201581
0 0.44583333333333336 0.009387351778656126 0.020555555555555556 0.018774703557312252
0 0.4486111111111111 0.16551383399209485 0.026111111111111113 0.038537549407114624
0 0.44972222222222225 0.22826086956521738 0.020555555555555556 0.03557312252964427
1 0.4502777777777778 0.9036561264822134 0.021666666666666667 0.030632411067193676
1 0.45444444444444443 0.9441699604743083 0.01888888888888889 0.03260869565217391
0 0.45472222222222225 0.5133399209486166 0.02722222222222222 0.038537549407114624
0 0.45555555555555555 0.32262845849802374 0.023333333333333334 0.040513833992094864
0 0.45694444444444443 0.38290513833992096 0.020555555555555556 0.04841897233201581
0 0.45805555555555555 0.4614624505928854 0.020555555555555556 0.03557312252964427
1 0.46944444444444444 0.9817193675889329 0.017777777777777778 0.036561264822134384
1 0.4866666666666667 0.9614624505928854 0.024444444444444446 0.041501976284584984
1 0.49 0.9288537549407114 0.023333333333333334 0.0533596837944664
1 0.49472222222222223 0.06373517786561265 0.02722222222222222 0.04841897233201581
1 0.49833333333333335 0.17292490118577075 0.028888888888888888 0.043478260869565216
1 0.49833333333333335 0.8646245059288538 0.028888888888888888 0.043478260869565216
1 0.4988888888888889 0.7860671936758893 0.035555555555555556 0.036561264822134384
1 0.5027777777777778 0.38290513833992096 0.034444444444444444 0.04841897233201581
1 0.5027777777777778 0.27519762845849804 0.034444444444444444 0.040513833992094864
1 0.5041666666666667 0.7020750988142292 0.03166666666666667 0.046442687747035576
1 0.5044444444444445 0.5963438735177866 0.03 0.06620553359683795
1 0.5052777777777778 0.4827075098814229 0.03166666666666667 0.06027667984189723