0 0.5408854166666667 0.3861111111111111 0.0140625 0.03148148148148148
1 0.38229166666666664 0.38935185185185184 0.016666666666666666 0.025
1 0.33958333333333335 0.4 0.019791666666666666 0.03148148148148148
0 0.5190104166666667 0.4009259259259259 0.016145833333333335 0.02962962962962963
0 0.7330729166666666 0.4046296296296296 0.025520833333333333 0.040740740740740744
0 0.77421875 0.4060185185185185 0.016145833333333335 0.03425925925925926
0 0.8169270833333333 0.40694444444444444 0.016145833333333335 0.03611111111111111
0 0.96171875 0.40925925925925927 0.021354166666666667 0.03148148148148148
0 0.6888020833333334 0.41064814814814815 0.0203125 0.04351851851851852
0 0.8674479166666667 0.41064814814814815 0.0203125 0.03425925925925926
0 0.6557291666666667 0.4125 0.01875 0.03425925925925926
0 0.9130208333333333 0.4134259259259259 0.017708333333333333 0.03611111111111111
1 0.29973958333333334 0.4134259259259259 0.016145833333333335 0.03611111111111111
1 0.27838541666666666 0.4203703703703704 0.0171875 0.03148148148148148
0 0.50546875 0.42083333333333334 0.0203125 0.04537037037037037
0 0.6059895833333333 0.4222222222222222 0.021354166666666667 0.03888888888888889
0 0.57421875 0.42453703703703705 0.025520833333333333 0.03425925925925926
0 0.5328125 0.4263888888888889 0.01875 0.03425925925925926
1 0.25859375 0.44537037037037036 0.019270833333333334 0.02962962962962963
1 0.26927083333333335 0.4740740740740741 0.021875 0.040740740740740744
1 0.2864583333333333 0.47962962962962963 0.028125 0.03888888888888889
1 0.8575520833333333 0.48333333333333334 0.0265625 0.05
1 0.7424479166666667 0.4875 0.025520833333333333 0.04537037037037037
1 0.79765625 0.48935185185185187 0.0265625 0.04351851851851852
1 0.6848958333333334 0.4935185185185185 0.022916666666666665 0.04814814814814815
1 0.3203125 0.4935185185185185 0.022916666666666665 0.04814814814814815
1 0.36171875 0.49444444444444446 0.019270833333333334 0.05925925925925926
1 0.9864583333333333 0.49722222222222223 0.027083333333333334 0.05925925925925926
1 0.57421875 0.5009259259259259 0.025520833333333333 0.05740740740740741
1 0.6309895833333333 0.5009259259259259 0.021354166666666667 0.05740740740740741
1 0.40598958333333335 0.5032407407407408 0.024479166666666666 0.05277777777777778
1 0.46171875 0.5037037037037037 0.034895833333333334 0.05
1 0.5216145833333333 0.5050925925925925 0.03177083333333333 0.05277777777777778