0 0.81045197740113 0.3656941649899396 0.022033898305084745 0.039235412474849095
0 0.765819209039548 0.3677062374245473 0.01977401129943503 0.043259557344064385
0 0.6649717514124294 0.3762575452716298 0.01694915254237288 0.04024144869215292
0 0.713276836158192 0.37877263581488935 0.023163841807909605 0.03722334004024145
0 0.6121468926553673 0.3797786720321932 0.020903954802259886 0.039235412474849095
0 0.5152542372881356 0.38329979879275655 0.022598870056497175 0.04627766599597585
0 0.5624293785310734 0.3868209255533199 0.023163841807909605 0.04124748490945674
0 0.4666666666666667 0.39889336016096577 0.020338983050847456 0.04527162977867203
0 0.4211864406779661 0.40945674044265595 0.02655367231638418 0.04627766599597585
0 0.36610169491525424 0.42354124748490946 0.022598870056497175 0.04024144869215292
0 0.23926553672316384 0.432092555331992 0.020903954802259886 0.03722334004024145
0 0.32175141242937855 0.43259557344064387 0.024293785310734464 0.052313883299798795
0 0.2731638418079096 0.4351106639839034 0.024293785310734464 0.04929577464788732
1 0.9282485875706215 0.4738430583501006 0.03502824858757062 0.060362173038229376
1 0.7728813559322034 0.47635814889336014 0.02937853107344633 0.05130784708249497
1 0.6274011299435028 0.48490945674044267 0.025423728813559324 0.0482897384305835
1 0.5587570621468927 0.48993963782696176 0.02711864406779661 0.04627766599597585
1 0.4903954802259887 0.4969818913480885 0.02937853107344633 0.04627766599597585
1 0.4228813559322034 0.5085513078470825 0.03785310734463277 0.04929577464788732
1 0.35338983050847456 0.5331991951710262 0.031073446327683617 0.052313883299798795
1 0.28418079096045196 0.545271629778672 0.031638418079096044 0.056338028169014086
1 0.20564971751412428 0.5523138832997988 0.03615819209039548 0.056338028169014086
1 0.12994350282485875 0.5628772635814889 0.031638418079096044 0.05734406438631791
1 0.04887005649717514 0.56841046277666 0.03220338983050847 0.06237424547283702
1 0.005649717514124294 0.5694164989939637 0.011299435028248588 0.06438631790744467