0 0.8283068783068783 0.3639359698681733 0.020634920634920634 0.03672316384180791
0 0.7865079365079365 0.365819209039548 0.018518518518518517 0.04048964218455744
0 0.692063492063492 0.3738229755178908 0.015873015873015872 0.03766478342749529
0 0.7373015873015873 0.3761770244821092 0.021693121693121695 0.03483992467043315
0 0.6425925925925926 0.3771186440677966 0.019576719576719578 0.03672316384180791
0 0.5518518518518518 0.3804143126177024 0.021164021164021163 0.04331450094161959
0 0.596031746031746 0.3837099811676083 0.021693121693121695 0.038606403013182675
0 0.5063492063492063 0.3950094161958569 0.01904761904761905 0.0423728813559322
0 0.46375661375661376 0.4048964218455744 0.02486772486772487 0.04331450094161959
0 0.4121693121693122 0.4180790960451977 0.021164021164021163 0.03766478342749529
0 0.29338624338624336 0.4260828625235405 0.019576719576719578 0.03483992467043315
0 0.37063492063492065 0.4265536723163842 0.02275132275132275 0.04896421845574388
0 0.3251322751322751 0.4289077212806026 0.02275132275132275 0.046139359698681735
1 0.9386243386243386 0.4651600753295669 0.0328042328042328 0.05649717514124294
1 0.7931216931216931 0.4675141242937853 0.027513227513227514 0.0480225988700565
1 0.6568783068783068 0.4755178907721281 0.023809523809523808 0.04519774011299435
1 0.5925925925925926 0.480225988700565 0.025396825396825397 0.04331450094161959
1 0.5285714285714286 0.4868173258003766 0.027513227513227514 0.04331450094161959
1 0.46534391534391534 0.4976459510357815 0.035449735449735446 0.046139359698681735
1 0.40026455026455027 0.5207156308851224 0.0291005291005291 0.04896421845574388
1 0.33544973544973544 0.532015065913371 0.02962962962962963 0.05273069679849341
1 0.2619047619047619 0.5386064030131826 0.033862433862433865 0.05273069679849341
1 0.013756613756613757 0.5451977401129944 0.027513227513227514 0.047080979284369114
1 0.191005291005291 0.5484934086629002 0.02962962962962963 0.05367231638418079
1 0.11507936507936507 0.5536723163841808 0.03015873015873016 0.0583804143126177
1 0.06190476190476191 0.5546139359698682 0.03597883597883598 0.060263653483992465