0 0.4126373626373626 0.826171875 0.016483516483516484 0.0390625
0 0.4247252747252747 0.8984375 0.026373626373626374 0.037109375
0 0.43653846153846154 0.98193359375 0.02032967032967033 0.0361328125
0 0.439010989010989 0.38818359375 0.02197802197802198 0.0361328125
0 0.43956043956043955 0.1201171875 0.023076923076923078 0.03125
0 0.4401098901098901 0.48046875 0.027472527472527472 0.052734375
0 0.4403846153846154 0.21435546875 0.02142857142857143 0.0322265625
0 0.4403846153846154 0.55810546875 0.02142857142857143 0.0400390625
0 0.4409340659340659 0.30126953125 0.022527472527472527 0.0458984375
0 0.4423076923076923 0.041015625 0.020879120879120878 0.0390625
0 0.4434065934065934 0.64453125 0.023076923076923078 0.037109375
0 0.44532967032967036 0.73095703125 0.023626373626373626 0.0458984375
0 0.44945054945054946 0.83642578125 0.020879120879120878 0.0380859375
0 0.4519230769230769 0.90869140625 0.022527472527472527 0.0419921875
0 0.4543956043956044 0.9931640625 0.023076923076923078 0.013671875
1 0.4989010989010989 0.69287109375 0.024175824175824177 0.0517578125
1 0.5002747252747253 0.45068359375 0.026923076923076925 0.0537109375
1 0.5024725274725275 0.57373046875 0.03901098901098901 0.0615234375
1 0.5035714285714286 0.81591796875 0.022527472527472527 0.0458984375
1 0.5071428571428571 0.193359375 0.03406593406593406 0.0546875
1 0.5101648351648351 0.94677734375 0.02142857142857143 0.0517578125