0 0.3402116402116402 0.3389830508474576 0.021164021164021163 0.02824858757062147
0 0.3010582010582011 0.35969868173258 0.020105820105820106 0.04519774011299435
0 0.2537037037037037 0.3799435028248588 0.023809523809523808 0.03483992467043315
0 0.5775132275132275 0.384180790960452 0.019576719576719578 0.03766478342749529
0 0.7227513227513227 0.3851224105461394 0.016931216931216932 0.03954802259887006
0 0.5275132275132275 0.3860640301318267 0.02857142857142857 0.047080979284369114
0 0.6716931216931217 0.3865348399246704 0.01746031746031746 0.03672316384180791
0 0.48544973544973546 0.3865348399246704 0.021693121693121695 0.03672316384180791
0 0.6246031746031746 0.3874764595103578 0.02486772486772487 0.038606403013182675
0 0.7656084656084656 0.3898305084745763 0.021164021164021163 0.035781544256120526
0 0.43862433862433864 0.391713747645951 0.020105820105820106 0.03954802259887006
0 0.3917989417989418 0.3950094161958569 0.02486772486772487 0.04048964218455744
0 0.21455026455026455 0.4016007532956685 0.0164021164021164 0.04048964218455744
0 0.33465608465608465 0.4020715630885122 0.020634920634920634 0.035781544256120526
0 0.2955026455026455 0.4063088512241055 0.02275132275132275 0.038606403013182675
0 0.24312169312169313 0.4105461393596987 0.020634920634920634 0.03954802259887006
1 0.41243386243386243 0.4868173258003766 0.028042328042328042 0.04143126177024482
1 0.5436507936507936 0.4891713747645951 0.0291005291005291 0.046139359698681735
1 0.476984126984127 0.4929378531073446 0.03333333333333333 0.06685499058380415
1 0.3457671957671958 0.4948210922787194 0.02486772486772487 0.038606403013182675
1 0.683068783068783 0.5009416195856874 0.02962962962962963 0.0583804143126177
1 0.27486772486772487 0.506120527306968 0.028042328042328042 0.03672316384180791
1 0.2060846560846561 0.513653483992467 0.031216931216931216 0.038606403013182675
1 0.8298941798941799 0.5150659133709982 0.03333333333333333 0.06779661016949153
1 0.1291005291005291 0.5150659133709982 0.022222222222222223 0.030131826741996232
1 0.05423280423280423 0.5216572504708098 0.026984126984126985 0.035781544256120526