0 0.4382821387940842 0.42206477732793524 0.030147895335608646 0.05465587044534413
0 0.4382821387940842 0.5921052631578947 0.0335608646188851 0.05263157894736842
0 0.4391353811149033 0.32894736842105265 0.027303754266211604 0.038461538461538464
0 0.4397042093287827 0.506578947368421 0.02844141069397042 0.04757085020242915
0 0.4399886234357224 0.2550607287449393 0.02218430034129693 0.044534412955465584
0 0.44084186575654155 0.6842105263157895 0.03526734926052332 0.05668016194331984
0 0.44112627986348124 0.7732793522267206 0.027872582480091012 0.0465587044534413
0 0.44283276450511944 0.875 0.034698521046643914 0.06578947368421052
0 0.4456769055745165 0.9701417004048583 0.02901023890784983 0.05161943319838057
1 0.5062571103526735 0.9013157894736842 0.040955631399317405 0.06174089068825911
1 0.5062571103526735 0.7808704453441295 0.040955631399317405 0.0597165991902834
1 0.5085324232081911 0.5258097165991903 0.03754266211604096 0.06376518218623482
1 0.5204778156996587 0.2575910931174089 0.038680318543799774 0.04554655870445344