0 0.5546875 0.36898148148148147 0.028125 0.049074074074074076
0 0.4671875 0.36898148148148147 0.027083333333333334 0.05462962962962963
0 0.6026041666666667 0.37037037037037035 0.019791666666666666 0.044444444444444446
0 0.5111979166666667 0.3712962962962963 0.024479166666666666 0.046296296296296294
0 0.640625 0.37175925925925923 0.022916666666666665 0.03611111111111111
0 0.4197916666666667 0.3731481481481482 0.029166666666666667 0.05740740740740741
0 0.37395833333333334 0.3736111111111111 0.023958333333333335 0.04537037037037037
0 0.3216145833333333 0.3763888888888889 0.033854166666666664 0.05648148148148148
0 0.27265625 0.38101851851851853 0.0265625 0.04722222222222222
1 0.30807291666666664 0.47962962962962963 0.03177083333333333 0.06666666666666667
1 0.37005208333333334 0.47962962962962963 0.030729166666666665 0.06666666666666667
1 0.24296875 0.48148148148148145 0.03697916666666667 0.05185185185185185
1 0.5013020833333334 0.48333333333333334 0.0328125 0.06111111111111111
1 0.1734375 0.48564814814814816 0.029166666666666667 0.05277777777777778
1 0.6393229166666666 0.5027777777777778 0.0234375 0.06296296296296296
1 0.10104166666666667 0.5050925925925925 0.034375 0.05462962962962963
1 0.025 0.5125 0.03125 0.058333333333333334