0 0.5735602094240838 0.5968342644320298 0.02774869109947644 0.05027932960893855
0 0.5735602094240838 0.4404096834264432 0.030890052356020943 0.048417132216014895
0 0.5727748691099477 0.6824953445065177 0.025130890052356022 0.035381750465549346
0 0.5722513089005236 0.5190875232774674 0.02617801047120419 0.043761638733705775
0 0.5719895287958116 0.750465549348231 0.020418848167539267 0.040968342644320296
0 0.5712041884816754 0.35567970204841715 0.032460732984293195 0.0521415270018622
0 0.5709424083769633 0.2737430167597765 0.025654450261780103 0.04283054003724395
0 0.569371727748691 0.18016759776536312 0.03193717277486911 0.06052141527001862
0 0.5667539267015707 0.09264432029795158 0.026701570680628273 0.04748603351955307
1 0.5109947643979058 0.15595903165735567 0.03769633507853403 0.056797020484171325
1 0.5109947643979058 0.26675977653631283 0.03769633507853403 0.05493482309124767
1 0.5099476439790576 0.03957169459962756 0.02931937172774869 0.06610800744878957
1 0.5089005235602094 0.5013966480446927 0.03455497382198953 0.05865921787709497
1 0.4979057591623037 0.7481378026070763 0.0356020942408377 0.04189944134078212