1 0.28324022346368716 0.19681908548707752 0.01564245810055866 0.02186878727634195
1 0.25977653631284914 0.20228628230616302 0.012290502793296089 0.020874751491053677
0 0.4662011173184358 0.20924453280318092 0.015083798882681564 0.02485089463220676
1 0.2106145251396648 0.21570576540755468 0.01452513966480447 0.02186878727634195
0 0.4153631284916201 0.22465208747514911 0.018435754189944135 0.02385685884691849
1 0.15418994413407822 0.22962226640159045 0.017877094972067038 0.02186878727634195
0 0.3684357541899441 0.23061630218687873 0.011731843575418994 0.02385685884691849
1 0.08743016759776537 0.24801192842942346 0.019553072625698324 0.018886679920477135
0 0.31564245810055863 0.24950298210735586 0.017877094972067038 0.02385685884691849
1 0.015921787709497207 0.2629224652087475 0.020670391061452513 0.02485089463220676
0 0.25726256983240225 0.2644135188866799 0.016201117318435754 0.02982107355864811
0 0.22513966480446929 0.2753479125248509 0.01899441340782123 0.02584493041749503
0 0.20251396648044692 0.2882703777335984 0.015083798882681564 0.027833001988071572
0 0.3675977653631285 0.2937375745526839 0.024581005586592177 0.032803180914512925
0 0.41787709497206704 0.2952286282306163 0.02011173184357542 0.027833001988071572
0 0.46675977653631284 0.2962226640159046 0.022905027932960894 0.02982107355864811
0 0.2664804469273743 0.29721669980119286 0.017877094972067038 0.03180914512922465
0 0.3089385474860335 0.297713717693837 0.01899441340782123 0.0268389662027833
0 0.5139664804469274 0.2982107355864811 0.02346368715083799 0.033797216699801194
0 0.5642458100558659 0.30119284294234594 0.01899441340782123 0.027833001988071572
0 0.2217877094972067 0.30119284294234594 0.01899441340782123 0.027833001988071572
0 0.6139664804469274 0.31262425447316106 0.024581005586592177 0.03876739562624255
0 0.6639664804469274 0.3220675944333996 0.019553072625698324 0.039761431411530816
0 0.7175977653631285 0.3240556660039761 0.026256983240223464 0.0437375745526839
0 0.7659217877094973 0.3320079522862823 0.027932960893854747 0.04572564612326044
1 0.31201117318435756 0.3961232604373757 0.028491620111731845 0.03876739562624255
1 0.24329608938547487 0.4000994035785288 0.030726256983240222 0.040755467196819085
1 0.37905027932960894 0.40159045725646125 0.029608938547486034 0.041749502982107355
1 0.039385474860335196 0.40308151093439365 0.030726256983240222 0.040755467196819085
1 0.10754189944134078 0.40407554671968193 0.030726256983240222 0.036779324055666
1 0.173463687150838 0.40506958250497016 0.029608938547486034 0.042743538767395624
1 0.4432960893854749 0.41451292246520877 0.031843575418994415 0.04572564612326044
1 0.5796089385474861 0.4398608349900596 0.0329608938547486 0.05069582504970179
1 0.7335195530726257 0.47763419483101394 0.03910614525139665 0.0705765407554672