1 0.3076086956521739 0.21953578336557059 0.015217391304347827 0.02127659574468085
1 0.2847826086956522 0.2248549323017408 0.011956521739130435 0.020309477756286266
0 0.4855978260869565 0.2316247582205029 0.014673913043478261 0.024177949709864602
1 0.23695652173913043 0.2379110251450677 0.014130434782608696 0.02127659574468085
0 0.4361413043478261 0.24661508704061896 0.017934782608695653 0.02321083172147002
1 0.18206521739130435 0.2514506769825919 0.017391304347826087 0.02127659574468085
0 0.3904891304347826 0.2524177949709865 0.01141304347826087 0.02321083172147002
1 0.11711956521739131 0.26934235976789167 0.019021739130434784 0.0183752417794971
0 0.3391304347826087 0.27079303675048355 0.017391304347826087 0.02321083172147002
1 0.04755434782608696 0.2838491295938104 0.02010869565217391 0.024177949709864602
0 0.2823369565217391 0.2852998065764023 0.01576086956521739 0.029013539651837523
1 0.008152173913043478 0.29545454545454547 0.016304347826086956 0.02611218568665377
0 0.2510869565217391 0.29593810444874274 0.01847826086956522 0.025145067698259187
0 0.22907608695652174 0.30851063829787234 0.014673913043478261 0.027079303675048357
0 0.38967391304347826 0.31382978723404253 0.02391304347826087 0.031914893617021274
0 0.4385869565217391 0.3152804642166344 0.01956521739130435 0.027079303675048357
0 0.4861413043478261 0.316247582205029 0.022282608695652174 0.029013539651837523
0 0.29130434782608694 0.31721470019342357 0.017391304347826087 0.030947775628626693
0 0.33260869565217394 0.3176982591876209 0.01847826086956522 0.02611218568665377
0 0.5320652173913043 0.3181818181818182 0.02282608695652174 0.03288201160541586
0 0.5809782608695652 0.32108317214700194 0.01847826086956522 0.027079303675048357
0 0.24782608695652175 0.32108317214700194 0.01847826086956522 0.027079303675048357
0 0.6293478260869565 0.33220502901353965 0.02391304347826087 0.037717601547388784
0 0.6779891304347826 0.3413926499032882 0.019021739130434784 0.03868471953578337
0 0.7301630434782609 0.34332688588007737 0.025543478260869567 0.0425531914893617
0 0.7771739130434783 0.35106382978723405 0.02717391304347826 0.04448742746615087
1 0.33559782608695654 0.4134429400386847 0.027717391304347826 0.037717601547388784
1 0.013315217391304347 0.4158607350096712 0.026630434782608695 0.03481624758220503
1 0.26875 0.41731141199226307 0.029891304347826088 0.039651837524177946
1 0.4008152173913043 0.41876208897485495 0.028804347826086957 0.04061895551257253
1 0.07038043478260869 0.42021276595744683 0.029891304347826088 0.039651837524177946
1 0.13668478260869565 0.4211798839458414 0.029891304347826088 0.035783365570599614
1 0.20081521739130434 0.422147001934236 0.028804347826086957 0.041586073500967116
1 0.4633152173913043 0.43133462282398455 0.03097826086956522 0.04448742746615087
1 0.5959239130434782 0.4559961315280464 0.03206521739130435 0.04932301740812379
1 0.7456521739130435 0.4927466150870406 0.03804347826086957 0.06866537717601548