1 0.3125 0.23333333333333334 0.014583333333333334 0.020370370370370372
1 0.290625 0.23842592592592593 0.011458333333333333 0.019444444444444445
0 0.4830729166666667 0.2449074074074074 0.0140625 0.023148148148148147
1 0.24479166666666666 0.25092592592592594 0.013541666666666667 0.020370370370370372
0 0.4356770833333333 0.25925925925925924 0.0171875 0.022222222222222223
1 0.1921875 0.2638888888888889 0.016666666666666666 0.020370370370370372
0 0.3919270833333333 0.26481481481481484 0.0109375 0.022222222222222223
1 0.12994791666666666 0.2810185185185185 0.018229166666666668 0.017592592592592594
0 0.34270833333333334 0.2824074074074074 0.016666666666666666 0.022222222222222223
1 0.06328125 0.2949074074074074 0.019270833333333334 0.023148148148148147
0 0.28828125 0.2962962962962963 0.015104166666666667 0.027777777777777776
1 0.02265625 0.3060185185185185 0.021354166666666667 0.025
0 0.25833333333333336 0.30648148148148147 0.017708333333333333 0.024074074074074074
0 0.23723958333333334 0.31851851851851853 0.0140625 0.025925925925925925
0 0.39114583333333336 0.3236111111111111 0.022916666666666665 0.030555555555555555
0 0.43802083333333336 0.325 0.01875 0.025925925925925925
0 0.48359375 0.32592592592592595 0.021354166666666667 0.027777777777777776
0 0.296875 0.32685185185185184 0.016666666666666666 0.02962962962962963
0 0.33645833333333336 0.32731481481481484 0.017708333333333333 0.025
0 0.5276041666666667 0.3277777777777778 0.021875 0.03148148148148148
0 0.5744791666666667 0.33055555555555555 0.017708333333333333 0.025925925925925925
0 0.2552083333333333 0.33055555555555555 0.017708333333333333 0.025925925925925925
0 0.6208333333333333 0.34120370370370373 0.022916666666666665 0.03611111111111111
0 0.6674479166666667 0.35 0.018229166666666668 0.037037037037037035
0 0.7174479166666666 0.35185185185185186 0.024479166666666666 0.040740740740740744
0 0.7625 0.3592592592592593 0.026041666666666668 0.04259259259259259
1 0.33932291666666664 0.41898148148148145 0.0265625 0.03611111111111111
1 0.027604166666666666 0.4212962962962963 0.03125 0.03333333333333333
1 0.2752604166666667 0.42268518518518516 0.028645833333333332 0.03796296296296296
1 0.40182291666666664 0.42407407407407405 0.027604166666666666 0.03888888888888889
1 0.08515625 0.425462962962963 0.028645833333333332 0.03796296296296296
1 0.14869791666666668 0.4263888888888889 0.028645833333333332 0.03425925925925926
1 0.21015625 0.4273148148148148 0.027604166666666666 0.03981481481481482
1 0.46171875 0.4361111111111111 0.0296875 0.04259259259259259
1 0.5888020833333333 0.4597222222222222 0.030729166666666665 0.04722222222222222
1 0.7322916666666667 0.4949074074074074 0.036458333333333336 0.06574074074074074