1 0.06380208333333333 0.09765625 0.12760416666666666 0.15885416666666666
1 0.3294270833333333 0.3580729166666667 0.059895833333333336 0.036458333333333336
1 0.3294270833333333 0.4479166666666667 0.059895833333333336 0.036458333333333336
1 0.2708333333333333 0.08984375 0.08854166666666667 0.052083333333333336
1 0.32421875 0.25390625 0.057291666666666664 0.03125
1 0.20572916666666666 0.21484375 0.09375 0.057291666666666664
1 0.3216145833333333 0.19401041666666666 0.059895833333333336 0.033854166666666664
0 0.13411458333333334 0.984375 0.1484375 0.03125
0 0.171875 0.8958333333333334 0.13541666666666666 0.10416666666666667
0 0.22526041666666666 0.8333333333333334 0.09375 0.06770833333333333
0 0.3098958333333333 0.9466145833333334 0.0703125 0.052083333333333336
0 0.3111979166666667 0.85546875 0.07552083333333333 0.052083333333333336
0 0.2578125 0.7239583333333334 0.08854166666666667 0.0625
0 0.2708333333333333 0.64453125 0.0859375 0.0546875
0 0.2916666666666667 0.5559895833333334 0.08854166666666667 0.046875