0 0.8463414634146341 0.8304878048780487 0.08780487804878048 0.14146341463414633
0 0.9609756097560975 0.8731707317073171 0.07804878048780488 0.15121951219512195
0 0.7792682926829269 0.7853658536585366 0.06585365853658537 0.1024390243902439
0 0.8768292682926829 0.6939024390243902 0.04878048780487805 0.07560975609756097
0 0.7926829268292683 0.6951219512195121 0.03902439024390244 0.06829268292682927
0 0.6707317073170732 0.7365853658536585 0.05365853658536585 0.08292682926829269
0 0.5926829268292683 0.7365853658536585 0.05853658536585366 0.08780487804878048
0 0.5158536585365854 0.7109756097560975 0.04390243902439024 0.08536585365853659
1 0.474390243902439 0.6670731707317074 0.02195121951219512 0.03902439024390244
1 0.4073170731707317 0.6829268292682927 0.02926829268292683 0.05609756097560976
1 0.32195121951219513 0.6841463414634147 0.02926829268292683 0.05121951219512195
1 0.21341463414634146 0.6878048780487804 0.03170731707317073 0.05609756097560976
1 0.1475609756097561 0.6963414634146341 0.03414634146341464 0.06097560975609756
1 0.11829268292682926 0.7329268292682927 0.03414634146341464 0.05609756097560976
1 0.15121951219512195 0.8085365853658537 0.05853658536585366 0.08292682926829269
1 0.1353658536585366 0.9085365853658537 0.041463414634146344 0.12195121951219512