0 0.8479899497487438 0.12814070351758794 0.1457286432160804 0.09045226130653267
0 0.8919597989949749 0.02512562814070352 0.15577889447236182 0.05025125628140704
0 0.8015075376884422 0.1972361809045226 0.10552763819095477 0.0678391959798995
0 0.707286432160804 0.09673366834170855 0.07788944723618091 0.05025125628140704
0 0.7085427135678392 0.18341708542713567 0.07035175879396985 0.04020100502512563
0 0.7512562814070352 0.30904522613065327 0.08542713567839195 0.05527638190954774
0 0.7512562814070352 0.38944723618090454 0.09045226130653267 0.06030150753768844
0 0.7248743718592965 0.4685929648241206 0.08793969849246232 0.04522613065326633
1 0.6796482412060302 0.5113065326633166 0.04020100502512563 0.022613065326633167
1 0.6959798994974874 0.5804020100502513 0.05778894472361809 0.03015075376884422
1 0.6972361809045227 0.6683417085427136 0.052763819095477386 0.03015075376884422
1 0.7010050251256281 0.7801507537688442 0.05778894472361809 0.032663316582914576
1 0.7097989949748744 0.8479899497487438 0.06281407035175879 0.035175879396984924
1 0.7474874371859297 0.878140703517588 0.05778894472361809 0.035175879396984924
1 0.8253768844221105 0.8442211055276382 0.08542713567839195 0.06030150753768844
1 0.928391959798995 0.8605527638190955 0.12562814070351758 0.04271356783919598