1 0.7874331550802139 0.9946524064171123 0.11497326203208556 0.0106951871657754
1 0.6671122994652406 0.929144385026738 0.06951871657754011 0.0427807486631016
1 0.660427807486631 0.7981283422459893 0.06684491978609626 0.0374331550802139
1 0.6524064171122995 0.696524064171123 0.06684491978609626 0.040106951871657755
0 0.9064171122994652 0.04946524064171123 0.18716577540106952 0.09893048128342247
0 0.8355614973262032 0.18716577540106952 0.16042780748663102 0.10427807486631016
0 0.7927807486631016 0.26871657754010697 0.12299465240641712 0.0748663101604278
0 0.733957219251337 0.39572192513368987 0.09358288770053476 0.06417112299465241
0 0.7232620320855615 0.4799465240641711 0.0962566844919786 0.053475935828877004
0 0.6911764705882353 0.5748663101604278 0.0855614973262032 0.053475935828877004
0 0.6778074866310161 0.16844919786096257 0.0748663101604278 0.0481283422459893
0 0.6711229946524064 0.25935828877005346 0.07219251336898395 0.040106951871657755
0 0.6631016042780749 0.4959893048128342 0.0481283422459893 0.034759358288770054