1 0.008620689655172414 0.8165024630541872 0.017241379310344827 0.10591133004926108
1 0.07266009852216748 0.7056650246305419 0.03940886699507389 0.06403940886699508
1 0.1933497536945813 0.6995073891625616 0.034482758620689655 0.06157635467980296
1 0.2869458128078818 0.6921182266009852 0.03694581280788178 0.06157635467980296
0 0.8940886699507389 0.9199507389162561 0.11330049261083744 0.16009852216748768
0 0.7561576354679803 0.8608374384236454 0.0960591133004926 0.1477832512315271
0 0.6810344827586207 0.8214285714285714 0.06896551724137931 0.11330049261083744
0 0.5640394088669951 0.7672413793103449 0.059113300492610835 0.08620689655172414
0 0.48645320197044334 0.7573891625615764 0.04926108374384237 0.08866995073891626
0 0.39901477832512317 0.7278325123152709 0.04926108374384237 0.07881773399014778
0 0.7733990147783252 0.7155172413793104 0.04433497536945813 0.06896551724137931
0 0.6896551724137931 0.7093596059113301 0.03694581280788178 0.0665024630541872
0 0.47167487684729065 0.7019704433497537 0.03201970443349754 0.04433497536945813