1 0.2935323383084577 0.26243781094527363 0.06965174129353234 0.0472636815920398
0 0.2935323383084577 0.7674129353233831 0.06965174129353234 0.0472636815920398
1 0.2922885572139303 0.16293532338308458 0.06218905472636816 0.04228855721393035
0 0.2898009950248756 0.6828358208955224 0.07711442786069651 0.0472636815920398
1 0.27114427860696516 0.03731343283582089 0.06467661691542288 0.04477611940298507
0 0.2574626865671642 0.3756218905472637 0.09203980099502487 0.04975124378109453
0 0.2325870646766169 0.4651741293532338 0.08706467661691543 0.05970149253731343
0 0.22139303482587064 0.5472636815920398 0.1044776119402985 0.05970149253731343
0 0.17537313432835822 0.6753731343283582 0.11691542288557213 0.07711442786069651
0 0.1181592039800995 0.7611940298507462 0.1865671641791045 0.08955223880597014
0 0.07587064676616916 0.9154228855721394 0.1517412935323383 0.13432835820895522