1 0.3026315789473684 0.25921052631578945 0.07368421052631578 0.05
0 0.3026315789473684 0.7934210526315789 0.07368421052631578 0.05
1 0.3013157894736842 0.15394736842105264 0.06578947368421052 0.04473684210526316
0 0.2986842105263158 0.7039473684210527 0.08157894736842106 0.05
1 0.2789473684210526 0.02236842105263158 0.06842105263157895 0.04473684210526316
0 0.2644736842105263 0.37894736842105264 0.09736842105263158 0.05263157894736842
0 0.2381578947368421 0.47368421052631576 0.09210526315789473 0.06315789473684211
0 0.22631578947368422 0.5605263157894737 0.11052631578947368 0.06315789473684211
0 0.17763157894736842 0.6960526315789474 0.12368421052631579 0.08157894736842106
0 0.11710526315789474 0.7868421052631579 0.19736842105263158 0.09473684210526316
0 0.07631578947368421 0.9394736842105263 0.15263157894736842 0.12105263157894737