0 0.9378109452736318 0.9415422885572139 0.12437810945273632 0.11691542288557213
0 0.75 0.9054726368159204 0.11442786069651742 0.17164179104477612
0 0.6592039800995025 0.8420398009950248 0.08706467661691543 0.1318407960199005
0 0.527363184079602 0.7798507462686567 0.06965174129353234 0.10696517412935323
0 0.43159203980099503 0.7624378109452736 0.05721393034825871 0.08955223880597014
0 0.3407960199004975 0.7338308457711443 0.04975124378109453 0.09203980099502487
0 0.7562189054726368 0.6990049751243781 0.04477611940298507 0.06965174129353234
0 0.6629353233830846 0.7077114427860697 0.04477611940298507 0.07711442786069651
1 0.11940298507462686 0.6990049751243781 0.05223880597014925 0.07960199004975124
1 0.22761194029850745 0.7002487562189055 0.03980099502487562 0.06716417910447761
1 0.0037313432835820895 0.7027363184079602 0.007462686567164179 0.06218905472636816