0 0.9280487804878049 0.1329268292682927 0.14390243902439023 0.14878048780487804
0 0.8609756097560975 0.24390243902439024 0.13170731707317074 0.0975609756097561
0 0.802439024390244 0.39146341463414636 0.12195121951219512 0.07804878048780488
0 0.7731707317073171 0.49146341463414633 0.1 0.06585365853658537
0 0.7426829268292683 0.5890243902439024 0.08780487804878048 0.06829268292682927
0 0.7085365853658536 0.14878048780487804 0.08780487804878048 0.05365853658536585
0 0.7060975609756097 0.25 0.08292682926829269 0.04390243902439024
0 0.7060975609756097 0.49390243902439024 0.04390243902439024 0.041463414634146344
1 0.7036585365853658 0.9243902439024391 0.05121951219512195 0.036585365853658534
1 0.7085365853658536 0.9975609756097561 0.05609756097560976 0.004878048780487805
1 0.6939024390243902 0.7975609756097561 0.06097560975609756 0.041463414634146344
1 0.6939024390243902 0.6939024390243902 0.05853658536585366 0.03902439024390244
1 0.6719512195121952 0.47560975609756095 0.03414634146341464 0.03170731707317073