0 0.9468085106382979 0.09175531914893617 0.10638297872340426 0.1622340425531915
0 0.898936170212766 0.2127659574468085 0.14361702127659576 0.10638297872340426
0 0.8351063829787234 0.37367021276595747 0.13297872340425532 0.0851063829787234
0 0.8031914893617021 0.48271276595744683 0.10904255319148937 0.07180851063829788
0 0.7699468085106383 0.589095744680851 0.09574468085106383 0.07446808510638298
0 0.7327127659574468 0.10904255319148937 0.09574468085106383 0.05851063829787234
0 0.7300531914893617 0.21941489361702127 0.09042553191489362 0.047872340425531915
0 0.7300531914893617 0.4853723404255319 0.047872340425531915 0.04521276595744681
1 0.7273936170212766 0.9547872340425532 0.05585106382978723 0.0398936170212766
1 0.7167553191489362 0.8164893617021277 0.06648936170212766 0.04521276595744681
1 0.7167553191489362 0.7034574468085106 0.06382978723404255 0.0425531914893617
1 0.6928191489361702 0.4654255319148936 0.03723404255319149 0.034574468085106384