1 0.32313829787234044 0.003989361702127659 0.06648936170212766 0.007978723404255319
1 0.32180851063829785 0.07712765957446809 0.06648936170212766 0.04521276595744681
1 0.3337765957446808 0.22606382978723405 0.07446808510638298 0.04521276595744681
1 0.3257978723404255 0.3404255319148936 0.07712765957446809 0.0425531914893617
1 0.34574468085106386 0.5824468085106383 0.034574468085106384 0.02925531914893617
0 0.27925531914893614 0.4601063829787234 0.10106382978723404 0.06382978723404255
0 0.22074468085106383 0.5691489361702128 0.10372340425531915 0.08244680851063829
0 0.19547872340425532 0.6821808510638298 0.1276595744680851 0.08776595744680851
0 0.08643617021276596 0.8856382978723404 0.17287234042553193 0.1276595744680851
0 0.3058510638297872 0.5651595744680851 0.05053191489361702 0.05053191489361702
0 0.2992021276595745 0.7127659574468085 0.06382978723404255 0.023936170212765957
0 0.29521276595744683 0.848404255319149 0.06914893617021277 0.05585106382978723
0 0.2978723404255319 0.9667553191489362 0.08244680851063829 0.05851063829787234