1 0.07219251336898395 0.7647058823529411 0.045454545454545456 0.06684491978609626
1 0.22192513368983957 0.7526737967914439 0.045454545454545456 0.0748663101604278
1 0.33689839572192515 0.7606951871657754 0.0427807486631016 0.07754010695187166
1 0.5802139037433155 0.7406417112299465 0.029411764705882353 0.034759358288770054
0 0.4572192513368984 0.8074866310160428 0.06417112299465241 0.10160427807486631
0 0.5668449197860963 0.8663101604278075 0.08288770053475936 0.10427807486631016
0 0.68048128342246 0.8917112299465241 0.08823529411764706 0.12834224598930483
0 0.8850267379679144 0.9572192513368984 0.12834224598930483 0.0855614973262032
0 0.5628342245989305 0.7807486631016043 0.05080213903743316 0.05080213903743316
0 0.7112299465240641 0.7874331550802139 0.02406417112299465 0.06417112299465241
0 0.8475935828877005 0.7914438502673797 0.05614973262032086 0.06951871657754011
0 0.9665775401069518 0.7887700534759359 0.058823529411764705 0.08288770053475936