0 0.9328947368421052 0.9315789473684211 0.13421052631578947 0.1368421052631579
0 0.9907894736842106 0.7223684210526315 0.018421052631578946 0.0868421052631579
0 0.8868421052631579 0.7289473684210527 0.05263157894736842 0.07631578947368421
0 0.7486842105263158 0.7394736842105263 0.034210526315789476 0.07105263157894737
0 0.5947368421052631 0.7302631578947368 0.05263157894736842 0.04736842105263158
0 0.4868421052631579 0.7657894736842106 0.05263157894736842 0.08421052631578947
0 0.5947368421052631 0.8118421052631579 0.08421052631578947 0.11578947368421053
0 0.7223684210526315 0.8407894736842105 0.07368421052631578 0.09736842105263158
1 0.6105263157894737 0.6828947368421052 0.042105263157894736 0.042105263157894736
1 0.3684210526315789 0.7105263157894737 0.039473684210526314 0.06842105263157895
1 0.25263157894736843 0.7157894736842105 0.039473684210526314 0.06578947368421052
1 0.10921052631578948 0.7276315789473684 0.039473684210526314 0.07368421052631578
1 0.017105263157894738 0.7328947368421053 0.034210526315789476 0.07105263157894737