0 0.07054455445544554 0.9257425742574258 0.14108910891089108 0.13861386138613863
0 0.27351485148514854 0.9826732673267327 0.08168316831683169 0.034653465346534656
0 0.26732673267326734 0.8762376237623762 0.07178217821782178 0.04950495049504951
0 0.25742574257425743 0.7462871287128713 0.06683168316831684 0.03217821782178218
0 0.2660891089108911 0.6014851485148515 0.04455445544554455 0.04950495049504951
0 0.23267326732673269 0.5 0.07920792079207921 0.04950495049504951
0 0.18935643564356436 0.6014851485148515 0.10891089108910891 0.07920792079207921
0 0.16212871287128713 0.7215346534653465 0.09158415841584158 0.06930693069306931
1 0.31064356435643564 0.6163366336633663 0.039603960396039604 0.039603960396039604
1 0.28465346534653463 0.3886138613861386 0.06435643564356436 0.03712871287128713
1 0.27970297029702973 0.27970297029702973 0.06188118811881188 0.03712871287128713
1 0.2685643564356436 0.1448019801980198 0.06930693069306931 0.03712871287128713
1 0.2636138613861386 0.053217821782178217 0.06683168316831684 0.04455445544554455