1 0.2669270833333333 0.037760416666666664 0.07552083333333333 0.044270833333333336
1 0.26953125 0.13671875 0.06770833333333333 0.044270833333333336
1 0.2825520833333333 0.2838541666666667 0.06510416666666667 0.049479166666666664
1 0.27734375 0.3997395833333333 0.0703125 0.046875
1 0.3046875 0.6510416666666666 0.036458333333333336 0.033854166666666664
0 0.22005208333333334 0.51171875 0.11458333333333333 0.07552083333333333
0 0.16015625 0.6315104166666666 0.12760416666666666 0.0859375
0 0.25390625 0.6315104166666666 0.059895833333333336 0.059895833333333336
0 0.23958333333333334 0.8020833333333334 0.08333333333333333 0.0546875
0 0.24869791666666666 0.9440104166666666 0.078125 0.052083333333333336
0 0.11588541666666667 0.7760416666666666 0.1328125 0.1015625
0 0.044270833333333336 0.96875 0.08854166666666667 0.0625