1 0.27238805970149255 0.07835820895522388 0.07213930348258707 0.04228855721393035
1 0.27487562189054726 0.17288557213930347 0.06467661691542288 0.04228855721393035
1 0.2873134328358209 0.31343283582089554 0.06218905472636816 0.0472636815920398
1 0.28233830845771146 0.42412935323383083 0.06716417910447761 0.04477611940298507
1 0.30845771144278605 0.664179104477612 0.03482587064676617 0.03233830845771144
0 0.22761194029850745 0.5310945273631841 0.10945273631840796 0.07213930348258707
0 0.17039800995024876 0.6455223880597015 0.12189054726368159 0.08208955223880597
0 0.2599502487562189 0.6455223880597015 0.05721393034825871 0.05721393034825871
0 0.2462686567164179 0.8084577114427861 0.07960199004975124 0.05223880597014925
0 0.25497512437810943 0.9440298507462687 0.07462686567164178 0.04975124378109453
0 0.1281094527363184 0.7835820895522388 0.12686567164179105 0.09701492537313433
0 0.05099502487562189 0.9689054726368159 0.10199004975124377 0.06218905472636816