0 0.9494949494949495 0.7386363636363636 0.06060606060606061 0.09595959595959595
0 0.8093434343434344 0.7386363636363636 0.050505050505050504 0.08838383838383838
0 0.6426767676767676 0.7348484848484849 0.050505050505050504 0.05808080808080808
0 0.5290404040404041 0.7651515151515151 0.05808080808080808 0.10353535353535354
0 0.6452020202020202 0.8320707070707071 0.08585858585858586 0.10606060606060606
0 0.7853535353535354 0.8699494949494949 0.1111111111111111 0.15404040404040403
1 0.6527777777777778 0.6893939393939394 0.045454545454545456 0.045454545454545456
1 0.41414141414141414 0.7007575757575758 0.03535353535353535 0.06565656565656566
1 0.29924242424242425 0.7070707070707071 0.045454545454545456 0.07575757575757576
1 0.16035353535353536 0.7133838383838383 0.04292929292929293 0.08080808080808081
1 0.06818181818181818 0.7171717171717171 0.047979797979797977 0.08585858585858586