1 0.69921875 0.9765625 0.0859375 0.046875
1 0.703125 0.88671875 0.08333333333333333 0.052083333333333336
1 0.6848958333333334 0.7356770833333334 0.07291666666666667 0.044270833333333336
1 0.6953125 0.6197916666666666 0.07291666666666667 0.041666666666666664
0 0.75390625 0.5 0.11458333333333333 0.06510416666666667
1 0.6692708333333334 0.3684895833333333 0.0390625 0.0390625
0 0.7200520833333334 0.3828125 0.059895833333333336 0.052083333333333336
0 0.7213541666666666 0.2109375 0.08072916666666667 0.057291666666666664
0 0.7278645833333334 0.06510416666666667 0.09114583333333333 0.0546875
0 0.8125 0.37890625 0.11979166666666667 0.0859375
0 0.8619791666666666 0.23567708333333334 0.140625 0.10677083333333333