0 0.10638297872340426 0.9507978723404256 0.18617021276595744 0.09840425531914894
0 0.27393617021276595 0.9694148936170213 0.10638297872340426 0.061170212765957445
0 0.16888297872340424 0.788563829787234 0.15691489361702127 0.11170212765957446
0 0.2393617021276596 0.6529255319148937 0.11170212765957446 0.06648936170212766
0 0.2845744680851064 0.7792553191489362 0.0797872340425532 0.061170212765957445
1 0.2898936170212766 0.006648936170212766 0.09042553191489362 0.013297872340425532
1 0.30851063829787234 0.1595744680851064 0.06648936170212766 0.047872340425531915
1 0.3178191489361702 0.25 0.07180851063829788 0.0425531914893617
1 0.324468085106383 0.4029255319148936 0.08244680851063829 0.047872340425531915
1 0.32313829787234044 0.5226063829787234 0.06914893617021277 0.05053191489361702
1 0.3377659574468085 0.7965425531914894 0.026595744680851064 0.034574468085106384