1 0.6973684210526315 0.3815789473684211 0.05526315789473684 0.034210526315789476
1 0.6868421052631579 0.17894736842105263 0.021052631578947368 0.02368421052631579
1 0.6973684210526315 0.46578947368421053 0.05263157894736842 0.031578947368421054
1 0.7026315789473684 0.5671052631578948 0.05526315789473684 0.034210526315789476
1 0.9434210526315789 0.7657894736842106 0.11315789473684211 0.13157894736842105
1 0.868421052631579 0.6421052631578947 0.09473684210526316 0.031578947368421054
1 0.8157894736842105 0.6289473684210526 0.08947368421052632 0.04473684210526316
1 0.75 0.7236842105263158 0.07368421052631578 0.031578947368421054
1 0.7236842105263158 0.7394736842105263 0.042105263157894736 0.021052631578947368
1 0.7065789473684211 0.6263157894736842 0.04736842105263158 0.02894736842105263
1 0.781578947368421 0.6052631578947368 0.07368421052631578 0.042105263157894736
0 0.8171052631578948 0.021052631578947368 0.09736842105263158 0.042105263157894736
0 0.7276315789473684 0.05263157894736842 0.07368421052631578 0.02368421052631579
0 0.7789473684210526 0.11842105263157894 0.10789473684210527 0.05263157894736842
0 0.7605263157894737 0.19736842105263158 0.08157894736842106 0.05
0 0.7368421052631579 0.2736842105263158 0.08157894736842106 0.04736842105263158