1 0.6186868686868687 0.696969696969697 0.03282828282828283 0.05303030303030303
1 0.8131313131313131 0.6868686868686869 0.022727272727272728 0.020202020202020204
1 0.5378787878787878 0.696969696969697 0.030303030303030304 0.050505050505050504
1 0.44065656565656564 0.702020202020202 0.03282828282828283 0.05303030303030303
1 0.25 0.9393939393939394 0.12626262626262627 0.12121212121212122
1 0.3686868686868687 0.8611111111111112 0.030303030303030304 0.09090909090909091
1 0.3813131313131313 0.8106060606060606 0.04292929292929293 0.08585858585858586
1 0.2904040404040404 0.7474747474747475 0.030303030303030304 0.0707070707070707
1 0.27525252525252525 0.7222222222222222 0.020202020202020204 0.04040404040404041
1 0.3838383838383838 0.7058080808080808 0.027777777777777776 0.045454545454545456
1 0.40404040404040403 0.7777777777777778 0.04040404040404041 0.0707070707070707
0 0.9684343434343434 0.8131313131313131 0.047979797979797977 0.09343434343434344
0 0.9343434343434344 0.726010101010101 0.022727272727272728 0.0707070707070707
0 0.8712121212121212 0.7752525252525253 0.050505050505050504 0.10353535353535354
0 0.7954545454545454 0.7575757575757576 0.047979797979797977 0.07828282828282829
0 0.7222222222222222 0.7348484848484849 0.045454545454545456 0.07828282828282829