0 0.9871134020618557 0.854381443298969 0.02577319587628866 0.14690721649484537
0 0.9561855670103093 0.7951030927835051 0.06443298969072164 0.10051546391752578
0 0.9896907216494846 0.7010309278350515 0.020618556701030927 0.061855670103092786
0 0.845360824742268 0.7551546391752577 0.04381443298969072 0.09278350515463918
0 0.7693298969072165 0.7422680412371134 0.05154639175257732 0.07989690721649484
0 0.6842783505154639 0.7126288659793815 0.04639175257731959 0.08505154639175258
0 0.7654639175257731 0.6907216494845361 0.03608247422680412 0.041237113402061855
1 0.7770618556701031 0.663659793814433 0.023195876288659795 0.02577319587628866
1 0.5824742268041238 0.6778350515463918 0.03350515463917526 0.05412371134020619
1 0.4884020618556701 0.6791237113402062 0.028350515463917526 0.061855670103092786
1 0.3917525773195876 0.6804123711340206 0.028350515463917526 0.059278350515463915
1 0.1713917525773196 0.9471649484536082 0.14690721649484537 0.1056701030927835
1 0.30670103092783507 0.8711340206185567 0.03350515463917526 0.1056701030927835
1 0.3234536082474227 0.8054123711340206 0.05412371134020619 0.11082474226804123
1 0.35695876288659795 0.7744845360824743 0.030927835051546393 0.07989690721649484
1 0.29896907216494845 0.7332474226804123 0.028350515463917526 0.04381443298969072
1 0.21649484536082475 0.7139175257731959 0.028350515463917526 0.05412371134020619
1 0.32989690721649484 0.6855670103092784 0.028350515463917526 0.05670103092783505