0 0.9718137254901961 0.8590686274509803 0.056372549019607844 0.13970588235294118
0 0.9264705882352942 0.8026960784313726 0.061274509803921566 0.09558823529411764
0 0.9705882352941176 0.7132352941176471 0.04411764705882353 0.058823529411764705
0 0.821078431372549 0.7647058823529411 0.041666666666666664 0.08823529411764706
0 0.7487745098039216 0.7524509803921569 0.049019607843137254 0.07598039215686274
0 0.6678921568627451 0.7242647058823529 0.04411764705882353 0.08088235294117647
0 0.7450980392156863 0.7034313725490197 0.03431372549019608 0.0392156862745098
1 0.7561274509803921 0.6776960784313726 0.022058823529411766 0.024509803921568627
1 0.571078431372549 0.6911764705882353 0.031862745098039214 0.051470588235294115
1 0.48161764705882354 0.6924019607843137 0.02696078431372549 0.058823529411764705
1 0.3897058823529412 0.6936274509803921 0.02696078431372549 0.056372549019607844
1 0.1801470588235294 0.9485294117647058 0.13970588235294118 0.10294117647058823
1 0.3088235294117647 0.875 0.031862745098039214 0.10049019607843138
1 0.3247549019607843 0.8125 0.051470588235294115 0.1053921568627451
1 0.35661764705882354 0.7830882352941176 0.029411764705882353 0.07598039215686274
1 0.3014705882352941 0.7438725490196079 0.02696078431372549 0.041666666666666664
1 0.22303921568627452 0.7254901960784313 0.02696078431372549 0.051470588235294115
1 0.33088235294117646 0.6985294117647058 0.02696078431372549 0.05392156862745098