1 0.9414893617021277 0.6941489361702128 0.11702127659574468 0.0425531914893617
1 0.8816489361702128 0.6715425531914894 0.11170212765957446 0.061170212765957445
1 0.8497340425531915 0.6316489361702128 0.09308510638297872 0.034574468085106384
1 0.7992021276595744 0.6848404255319149 0.047872340425531915 0.034574468085106384
1 0.7553191489361702 0.5837765957446809 0.061170212765957445 0.02925531914893617
1 0.7486702127659575 0.4734042553191489 0.061170212765957445 0.031914893617021274
1 0.7446808510638298 0.3829787234042553 0.05319148936170213 0.02925531914893617
1 0.7300531914893617 0.1675531914893617 0.031914893617021274 0.03723404255319149
0 0.7938829787234043 0.261968085106383 0.0851063829787234 0.05053191489361702
0 0.8337765957446809 0.17154255319148937 0.09574468085106383 0.05851063829787234
0 0.7659574468085106 0.18218085106382978 0.03723404255319149 0.03723404255319149
0 0.8523936170212766 0.08244680851063829 0.10638297872340426 0.05851063829787234