1 0.02356020942408377 0.2879581151832461 0.04712041884816754 0.07853403141361257
1 0.08376963350785341 0.3324607329842932 0.13350785340314136 0.0968586387434555
1 0.1256544502617801 0.38219895287958117 0.11518324607329843 0.06282722513089005
1 0.19764397905759162 0.24738219895287958 0.08638743455497382 0.05759162303664921
1 0.19633507853403143 0.32460732984293195 0.06282722513089005 0.03926701570680628
1 0.25 0.27486910994764396 0.05759162303664921 0.028795811518324606
1 0.2670157068062827 0.4410994764397906 0.05759162303664921 0.04712041884816754
1 0.2761780104712042 0.556282722513089 0.06544502617801047 0.03664921465968586
1 0.2787958115183246 0.6583769633507853 0.06544502617801047 0.041884816753926704
1 0.2905759162303665 0.7395287958115183 0.07068062827225131 0.02617801047120419
0 0.2081151832460733 0.9175392670157068 0.10471204188481675 0.08115183246073299
0 0.27225130890052357 0.8835078534031413 0.041884816753926704 0.03926701570680628
0 0.23298429319371727 0.7971204188481675 0.07591623036649214 0.04712041884816754