1 0.9558823529411765 0.6691176470588235 0.08823529411764706 0.07352941176470588
1 0.8774509803921569 0.6274509803921569 0.125 0.09068627450980392
1 0.8382352941176471 0.5808823529411765 0.10784313725490197 0.058823529411764705
1 0.7708333333333334 0.7071078431372549 0.08088235294117647 0.05392156862745098
1 0.7720588235294118 0.6348039215686274 0.058823529411764705 0.03676470588235294
1 0.7218137254901961 0.6813725490196079 0.05392156862745098 0.02696078431372549
1 0.7058823529411765 0.5257352941176471 0.05392156862745098 0.04411764705882353
1 0.6973039215686274 0.4178921568627451 0.061274509803921566 0.03431372549019608
1 0.6948529411764706 0.32230392156862747 0.061274509803921566 0.0392156862745098
1 0.6838235294117647 0.24632352941176472 0.0661764705882353 0.024509803921568627
0 0.7610294117647058 0.07965686274509803 0.09803921568627451 0.07598039215686274
0 0.7009803921568627 0.11151960784313726 0.0392156862745098 0.03676470588235294
0 0.7377450980392157 0.19240196078431374 0.07107843137254902 0.04411764705882353