1 0.07397959183673469 0.22576530612244897 0.14795918367346939 0.1096938775510204
1 0.1364795918367347 0.29081632653061223 0.125 0.05102040816326531
1 0.1989795918367347 0.2372448979591837 0.08673469387755102 0.058673469387755105
1 0.21428571428571427 0.1683673469387755 0.08673469387755102 0.05357142857142857
1 0.2653061224489796 0.1556122448979592 0.03826530612244898 0.025510204081632654
1 0.2767857142857143 0.19387755102040816 0.04846938775510204 0.02806122448979592
1 0.28061224489795916 0.37244897959183676 0.06887755102040816 0.04336734693877551
1 0.2844387755102041 0.4961734693877551 0.0663265306122449 0.03571428571428571
1 0.2869897959183674 0.5905612244897959 0.07142857142857142 0.03571428571428571
1 0.28188775510204084 0.6747448979591837 0.04591836734693878 0.02806122448979592
0 0.22704081632653061 0.7346938775510204 0.10459183673469388 0.05612244897959184
0 0.2461734693877551 0.8188775510204082 0.06377551020408163 0.04081632653061224
0 0.16454081632653061 0.860969387755102 0.09948979591836735 0.06377551020408163
0 0.2385204081632653 0.9681122448979592 0.05357142857142857 0.04591836734693878
0 0.1556122448979592 0.9757653061224489 0.10204081632653061 0.04846938775510204