1 0.056451612903225805 0.2271505376344086 0.11290322580645161 0.11559139784946236
1 0.10080645161290322 0.2956989247311828 0.13172043010752688 0.053763440860215055
1 0.16666666666666666 0.239247311827957 0.0913978494623656 0.06182795698924731
1 0.1827956989247312 0.16666666666666666 0.0913978494623656 0.056451612903225805
1 0.23655913978494625 0.1532258064516129 0.04032258064516129 0.026881720430107527
1 0.24865591397849462 0.1935483870967742 0.051075268817204304 0.02956989247311828
1 0.25268817204301075 0.3817204301075269 0.07258064516129033 0.0456989247311828
1 0.2567204301075269 0.5120967741935484 0.06989247311827956 0.03763440860215054
1 0.2594086021505376 0.6115591397849462 0.07526881720430108 0.03763440860215054
1 0.2540322580645161 0.7002688172043011 0.04838709677419355 0.02956989247311828
0 0.19623655913978494 0.7634408602150538 0.11021505376344086 0.05913978494623656
0 0.2163978494623656 0.8521505376344086 0.06720430107526881 0.043010752688172046
0 0.1303763440860215 0.896505376344086 0.10483870967741936 0.06720430107526881
0 0.20833333333333334 0.9919354838709677 0.056451612903225805 0.016129032258064516