0 0.8414948453608248 0.04252577319587629 0.1211340206185567 0.08505154639175258
0 0.8079896907216495 0.17783505154639176 0.10824742268041238 0.07474226804123711
0 0.7628865979381443 0.297680412371134 0.0979381443298969 0.07474226804123711
0 0.75 0.2190721649484536 0.07989690721649484 0.05154639175257732
0 0.7358247422680413 0.06572164948453608 0.06958762886597938 0.05154639175257732
1 0.6932989690721649 0.3595360824742268 0.059278350515463915 0.03350515463917526
1 0.6971649484536082 0.45103092783505155 0.05412371134020619 0.03608247422680412
1 0.6958762886597938 0.5489690721649485 0.06443298969072164 0.030927835051546393
1 0.7010309278350515 0.6752577319587629 0.059278350515463915 0.03350515463917526
1 0.7010309278350515 0.8518041237113402 0.06701030927835051 0.04639175257731959
1 0.7074742268041238 0.9007731958762887 0.03350515463917526 0.04896907216494845
1 0.7641752577319587 0.8853092783505154 0.06958762886597938 0.05412371134020619
1 0.8582474226804123 0.7667525773195877 0.12628865979381443 0.08505154639175258
1 0.9162371134020618 0.8337628865979382 0.13659793814432988 0.11082474226804123