0 0.878140703517588 0.03768844221105527 0.12311557788944724 0.07537688442211055
0 0.785175879396985 0.05778894472361809 0.07788944723618091 0.05778894472361809
0 0.8391959798994975 0.16331658291457288 0.09798994974874371 0.07788944723618091
0 0.7776381909547738 0.20477386934673367 0.06532663316582915 0.04271356783919598
0 0.7939698492462312 0.2914572864321608 0.07537688442211055 0.05778894472361809
1 0.7286432160804021 0.20854271356783918 0.032663316582914576 0.035175879396984924
1 0.7349246231155779 0.34673366834170855 0.05778894472361809 0.035175879396984924
1 0.7336683417085427 0.435929648241206 0.052763819095477386 0.032663316582914576
1 0.7236180904522613 0.5326633165829145 0.052763819095477386 0.032663316582914576
1 0.7261306532663316 0.6545226130653267 0.06030150753768844 0.035175879396984924
1 0.7261306532663316 0.8417085427135679 0.052763819095477386 0.02512562814070352
1 0.7298994974874372 0.8869346733668342 0.03015075376884422 0.04773869346733668
1 0.792713567839196 0.8768844221105527 0.07035175879396985 0.05025125628140704
1 0.7964824120603015 0.7964824120603015 0.05527638190954774 0.05025125628140704
1 0.8793969849246231 0.757537688442211 0.11055276381909548 0.0678391959798995
1 0.9359296482412061 0.821608040201005 0.12814070351758794 0.10050251256281408