0 0.8718905472636815 0.05223880597014925 0.12189054726368159 0.09701492537313433
0 0.7798507462686567 0.0845771144278607 0.07711442786069651 0.05721393034825871
0 0.8333333333333334 0.1890547263681592 0.09701492537313433 0.07711442786069651
0 0.7723880597014925 0.2300995024875622 0.06467661691542288 0.04228855721393035
0 0.7885572139303483 0.31592039800995025 0.07462686567164178 0.05721393034825871
1 0.7238805970149254 0.23383084577114427 0.03233830845771144 0.03482587064676617
1 0.7300995024875622 0.3706467661691542 0.05721393034825871 0.03482587064676617
1 0.7288557213930348 0.458955223880597 0.05223880597014925 0.03233830845771144
1 0.7189054726368159 0.554726368159204 0.05223880597014925 0.03233830845771144
1 0.7213930348258707 0.6753731343283582 0.05970149253731343 0.03482587064676617
1 0.7213930348258707 0.8606965174129353 0.05223880597014925 0.024875621890547265
1 0.7251243781094527 0.9054726368159204 0.029850746268656716 0.0472636815920398
1 0.7873134328358209 0.8955223880597015 0.06965174129353234 0.04975124378109453
1 0.7910447761194029 0.8159203980099502 0.05472636815920398 0.04975124378109453
1 0.8731343283582089 0.777363184079602 0.10945273631840796 0.06716417910447761
1 0.9328358208955224 0.8407960199004975 0.13432835820895522 0.09950248756218906