1 0.7513297872340425 0.3962765957446808 0.05319148936170213 0.034574468085106384
1 0.7420212765957447 0.24867021276595744 0.02925531914893617 0.03723404255319149
1 0.7473404255319149 0.48936170212765956 0.07446808510638298 0.03723404255319149
1 0.7420212765957447 0.5930851063829787 0.06382978723404255 0.02925531914893617
1 0.7473404255319149 0.7207446808510638 0.061170212765957445 0.034574468085106384
1 0.7460106382978723 0.9188829787234043 0.061170212765957445 0.0425531914893617
1 0.7606382978723404 0.9694148936170213 0.031914893617021274 0.0425531914893617
1 0.8271276595744681 0.9627659574468085 0.07180851063829788 0.061170212765957445
1 0.8284574468085106 0.8710106382978723 0.06382978723404255 0.04521276595744681
1 0.9215425531914894 0.824468085106383 0.12234042553191489 0.05851063829787234
1 0.9587765957446809 0.8949468085106383 0.08244680851063829 0.10372340425531915
0 0.9095744680851063 0.0598404255319149 0.14893617021276595 0.10106382978723404
0 0.8617021276595744 0.2047872340425532 0.11436170212765957 0.07180851063829788
0 0.8018617021276596 0.24601063829787234 0.07446808510638298 0.047872340425531915
0 0.8164893617021277 0.3324468085106383 0.10106382978723404 0.05851063829787234
0 0.7952127659574468 0.0851063829787234 0.06382978723404255 0.061170212765957445