1 0.9530456852791879 0.7119289340101523 0.02284263959390863 0.04568527918781726
1 0.8730964467005076 0.7017766497461929 0.030456852791878174 0.04060913705583756
1 0.8185279187817259 0.75 0.02284263959390863 0.07106598984771574
1 0.800761421319797 0.7474619289340102 0.03299492385786802 0.07614213197969544
1 0.7880710659898477 0.7677664974619289 0.02284263959390863 0.07614213197969544
1 0.7347715736040609 0.7766497461928934 0.04060913705583756 0.07868020304568528
1 0.6434010152284264 0.7906091370558376 0.050761421319796954 0.08883248730964467
1 0.5558375634517766 0.7931472081218274 0.05583756345177665 0.09390862944162437
1 0.4137055837563452 0.8020304568527918 0.06345177664974619 0.1065989847715736
1 0.24873096446700507 0.815989847715736 0.07868020304568528 0.12436548223350254
1 0.048223350253807105 0.9225888324873096 0.09644670050761421 0.1548223350253807