1 0.9474358974358974 0.6705128205128205 0.023076923076923078 0.046153846153846156
1 0.8666666666666667 0.6602564102564102 0.03076923076923077 0.041025641025641026
1 0.8115384615384615 0.708974358974359 0.023076923076923078 0.07179487179487179
1 0.7935897435897435 0.7064102564102565 0.03333333333333333 0.07692307692307693
1 0.7807692307692308 0.7269230769230769 0.023076923076923078 0.07692307692307693
1 0.7269230769230769 0.735897435897436 0.041025641025641026 0.07948717948717948
1 0.6346153846153846 0.75 0.05128205128205128 0.08974358974358974
1 0.5461538461538461 0.7525641025641026 0.05641025641025641 0.09487179487179487
1 0.4025641025641026 0.7615384615384615 0.0641025641025641 0.1076923076923077
1 0.2358974358974359 0.7756410256410257 0.07948717948717948 0.12564102564102564
1 0.041025641025641026 0.8846153846153846 0.08205128205128205 0.15897435897435896