0 0.27586206896551724 0.9975369458128078 0.07881773399014778 0.0049261083743842365
0 0.29064039408866993 0.9568965517241379 0.06896551724137931 0.034482758620689655
1 0.3103448275862069 0.8842364532019704 0.05665024630541872 0.03201970443349754
1 0.31403940886699505 0.7253694581280788 0.06157635467980296 0.034482758620689655
1 0.31527093596059114 0.6059113300492611 0.05665024630541872 0.04187192118226601
1 0.2684729064039409 0.6921182266009852 0.0665024630541872 0.024630541871921183
1 0.23645320197044334 0.6711822660098522 0.06896551724137931 0.022167487684729065
1 0.21921182266009853 0.624384236453202 0.08374384236453201 0.06157635467980296
1 0.1921182266009852 0.4987684729064039 0.11576354679802955 0.07635467980295567
1 0.1625615763546798 0.3793103448275862 0.12315270935960591 0.09359605911330049
1 0.10960591133004927 0.15763546798029557 0.16995073891625614 0.11822660098522167