0 0.16581632653061223 0.9566326530612245 0.125 0.08418367346938775
0 0.22066326530612246 0.9158163265306123 0.05612244897959184 0.04336734693877551
0 0.2385204081632653 0.8418367346938775 0.08673469387755102 0.04336734693877551
0 0.2461734693877551 0.7742346938775511 0.08673469387755102 0.05102040816326531
0 0.2780612244897959 0.7091836734693877 0.08418367346938775 0.03571428571428571
0 0.2895408163265306 0.7793367346938775 0.04336734693877551 0.03826530612244898
0 0.2857142857142857 0.9923469387755102 0.061224489795918366 0.015306122448979591
0 0.2857142857142857 0.9056122448979592 0.05357142857142857 0.03571428571428571
1 0.3086734693877551 0.7997448979591837 0.04336734693877551 0.025510204081632654
1 0.3022959183673469 0.6135204081632653 0.04336734693877551 0.02806122448979592
1 0.30357142857142855 0.5318877551020408 0.058673469387755105 0.03571428571428571
1 0.3010204081632653 0.44260204081632654 0.04846938775510204 0.03571428571428571
1 0.30357142857142855 0.3877551020408163 0.04846938775510204 0.02295918367346939
1 0.2780612244897959 0.29591836734693877 0.061224489795918366 0.04081632653061224
1 0.23596938775510204 0.39668367346938777 0.0663265306122449 0.04336734693877551
1 0.17346938775510204 0.3788265306122449 0.09183673469387756 0.030612244897959183
1 0.10714285714285714 0.29591836734693877 0.11224489795918367 0.08418367346938775
1 0.042091836734693876 0.06887755102040816 0.08418367346938775 0.1377551020408163