0 0.8378048780487805 0.014634146341463415 0.12926829268292683 0.02926829268292683
0 0.8097560975609757 0.07804878048780488 0.11951219512195121 0.08048780487804878
0 0.7573170731707317 0.11707317073170732 0.05365853658536585 0.041463414634146344
0 0.7402439024390244 0.1878048780487805 0.08292682926829269 0.041463414634146344
0 0.7329268292682927 0.2524390243902439 0.08292682926829269 0.04878048780487805
0 0.7024390243902439 0.3146341463414634 0.08048780487804878 0.03414634146341464
0 0.6914634146341463 0.2475609756097561 0.041463414634146344 0.036585365853658534
0 0.6963414634146341 0.02926829268292683 0.05853658536585366 0.04390243902439024
0 0.6951219512195121 0.12682926829268293 0.05121951219512195 0.03414634146341464
1 0.6731707317073171 0.2280487804878049 0.041463414634146344 0.024390243902439025
1 0.6792682926829269 0.4060975609756098 0.041463414634146344 0.026829268292682926
1 0.6780487804878049 0.4841463414634146 0.05609756097560976 0.03414634146341464
1 0.6804878048780488 0.5695121951219512 0.046341463414634146 0.03414634146341464
1 0.6780487804878049 0.6219512195121951 0.046341463414634146 0.02195121951219512
1 0.7024390243902439 0.7097560975609756 0.05853658536585366 0.03902439024390244
1 0.7426829268292683 0.6134146341463415 0.06341463414634146 0.041463414634146344
1 0.802439024390244 0.6304878048780488 0.08780487804878048 0.02926829268292683
1 0.8658536585365854 0.7097560975609756 0.1073170731707317 0.08048780487804878
1 0.9439024390243902 0.926829268292683 0.11219512195121951 0.13170731707317074