0 0.8555825242718447 0.09101941747572816 0.1383495145631068 0.06310679611650485
0 0.8300970873786407 0.1796116504854369 0.12135922330097088 0.07281553398058252
0 0.7730582524271845 0.22451456310679613 0.0825242718446602 0.03640776699029126
0 0.7463592233009708 0.30097087378640774 0.08009708737864078 0.0412621359223301
0 0.7269417475728155 0.3616504854368932 0.0703883495145631 0.043689320388349516
0 0.7050970873786407 0.4320388349514563 0.06553398058252427 0.0412621359223301
0 0.7014563106796117 0.0691747572815534 0.05825242718446602 0.021844660194174758
0 0.7026699029126213 0.16747572815533981 0.05825242718446602 0.03398058252427184
0 0.691747572815534 0.24635922330097088 0.050970873786407765 0.03155339805825243
0 0.6820388349514563 0.3616504854368932 0.024271844660194174 0.02669902912621359
1 0.6686893203883495 0.34101941747572817 0.043689320388349516 0.021844660194174758
1 0.6674757281553398 0.5194174757281553 0.04611650485436893 0.02669902912621359
1 0.6699029126213593 0.595873786407767 0.055825242718446605 0.02912621359223301
1 0.6735436893203883 0.691747572815534 0.06553398058252427 0.043689320388349516
1 0.6686893203883495 0.7524271844660194 0.050970873786407765 0.021844660194174758
1 0.683252427184466 0.8592233009708737 0.04854368932038835 0.03398058252427184
1 0.7087378640776699 0.7864077669902912 0.0412621359223301 0.03155339805825243
1 0.7572815533980582 0.7366504854368932 0.06310679611650485 0.03155339805825243
1 0.7888349514563107 0.7548543689320388 0.07524271844660194 0.03398058252427184
1 0.8203883495145631 0.7839805825242718 0.11407766990291263 0.021844660194174758
1 0.9016990291262136 0.9029126213592233 0.15048543689320387 0.11650485436893204