0 0.9129901960784313 0.866421568627451 0.06372549019607843 0.13970588235294118
0 0.8235294117647058 0.8406862745098039 0.07352941176470588 0.12254901960784313
0 0.7781862745098039 0.7830882352941176 0.03676470588235294 0.08333333333333333
0 0.7009803921568627 0.7561274509803921 0.041666666666666664 0.08088235294117647
0 0.6397058823529411 0.7365196078431373 0.04411764705882353 0.07107843137254902
0 0.5686274509803921 0.7144607843137255 0.041666666666666664 0.0661764705882353
0 0.9350490196078431 0.7107843137254902 0.022058823529411766 0.058823529411764705
0 0.8357843137254902 0.7120098039215687 0.03431372549019608 0.058823529411764705
0 0.7561274509803921 0.7009803921568627 0.031862745098039214 0.051470588235294115
0 0.6397058823529411 0.6911764705882353 0.02696078431372549 0.024509803921568627
1 0.6605392156862745 0.6776960784313726 0.022058823529411766 0.04411764705882353
1 0.4803921568627451 0.6764705882352942 0.02696078431372549 0.04656862745098039
1 0.40318627450980393 0.678921568627451 0.029411764705882353 0.056372549019607844
1 0.30637254901960786 0.6825980392156863 0.04411764705882353 0.0661764705882353
1 0.24509803921568626 0.6776960784313726 0.022058823529411766 0.051470588235294115
1 0.13725490196078433 0.6924019607843137 0.03431372549019608 0.049019607843137254
1 0.2107843137254902 0.7181372549019608 0.031862745098039214 0.041666666666666664
1 0.2610294117647059 0.7671568627450981 0.031862745098039214 0.06372549019607843
1 0.2426470588235294 0.7990196078431373 0.03431372549019608 0.07598039215686274
1 0.21323529411764705 0.8308823529411765 0.022058823529411766 0.11519607843137254
1 0.09313725490196079 0.9129901960784313 0.11764705882352941 0.15196078431372548