0 0.91015625 0.052083333333333336 0.1796875 0.10416666666666667
0 0.6861979166666666 0.10677083333333333 0.0703125 0.044270833333333336
0 0.6901041666666666 0.20703125 0.06770833333333333 0.049479166666666664
0 0.6940104166666666 0.3020833333333333 0.0703125 0.026041666666666668
0 0.8502604166666666 0.18619791666666666 0.14322916666666666 0.10416666666666667
0 0.8033854166666666 0.24869791666666666 0.109375 0.057291666666666664
0 0.7578125 0.3671875 0.09635416666666667 0.052083333333333336
0 0.74609375 0.4375 0.08854166666666667 0.059895833333333336
0 0.7122395833333334 0.5247395833333334 0.08333333333333333 0.049479166666666664
0 0.6848958333333334 0.4388020833333333 0.052083333333333336 0.041666666666666664
1 0.6614583333333334 0.453125 0.0546875 0.010416666666666666
1 0.671875 0.6302083333333334 0.06510416666666667 0.033854166666666664
1 0.6770833333333334 0.83984375 0.06770833333333333 0.049479166666666664
1 0.6783854166666666 0.71875 0.06510416666666667 0.0390625
1 0.6875 0.90625 0.052083333333333336 0.0234375
1 0.7447916666666666 0.9739583333333334 0.041666666666666664 0.041666666666666664
1 0.8190104166666666 0.9427083333333334 0.09375 0.041666666666666664
1 0.8515625 0.98046875 0.09895833333333333 0.0390625