0 0.9780487804878049 0.7195121951219512 0.04390243902439024 0.08292682926829269
0 0.874390243902439 0.7195121951219512 0.04878048780487805 0.06341463414634146
0 0.9695121951219512 0.9365853658536586 0.06097560975609756 0.12195121951219512
0 0.8951219512195122 0.8829268292682927 0.1024390243902439 0.16341463414634147
0 0.725609756097561 0.7987804878048781 0.07073170731707316 0.0951219512195122
0 0.75 0.7182926829268292 0.024390243902439025 0.06829268292682927
0 0.6231707317073171 0.7780487804878049 0.05853658536585366 0.0951219512195122
0 0.5365853658536586 0.748780487804878 0.046341463414634146 0.0951219512195122
0 0.6195121951219512 0.7121951219512195 0.03902439024390244 0.041463414634146344
1 0.6390243902439025 0.6865853658536586 0.02926829268292683 0.06341463414634146
1 0.4219512195121951 0.697560975609756 0.03902439024390244 0.06829268292682927
1 0.3231707317073171 0.698780487804878 0.036585365853658534 0.07073170731707316
1 0.20365853658536584 0.7024390243902439 0.03414634146341464 0.07073170731707316
1 0.12317073170731707 0.7146341463414634 0.041463414634146344 0.06829268292682927
1 0.020731707317073172 0.7682926829268293 0.041463414634146344 0.07804878048780488
1 0.01951219512195122 0.8817073170731707 0.03902439024390244 0.14390243902439023