0 0.06850961538461539 0.8990384615384616 0.13221153846153846 0.15144230769230768
0 0.15865384615384615 0.671875 0.13942307692307693 0.09375
0 0.203125 0.5444711538461539 0.12259615384615384 0.08173076923076923
0 0.23918269230769232 0.43028846153846156 0.10576923076923077 0.057692307692307696
0 0.2932692307692308 0.5360576923076923 0.04326923076923077 0.055288461538461536
0 0.27163461538461536 0.6802884615384616 0.06490384615384616 0.04567307692307692
0 0.27524038461538464 0.8064903846153846 0.07932692307692307 0.04807692307692308
0 0.2776442307692308 0.9206730769230769 0.07692307692307693 0.052884615384615384
1 0.3293269230769231 0.5492788461538461 0.028846153846153848 0.03365384615384615
1 0.31009615384615385 0.3161057692307692 0.0625 0.036057692307692304
1 0.3112980769230769 0.19471153846153846 0.07692307692307693 0.038461538461538464
1 0.2956730769230769 0.0625 0.07692307692307693 0.04567307692307692