0 0.9428191489361702 0.9534574468085106 0.11436170212765957 0.09308510638297872
0 0.7194148936170213 0.8803191489361702 0.10372340425531915 0.15425531914893617
0 0.5784574468085106 0.8311170212765957 0.09042553191489362 0.1356382978723404
0 0.4521276595744681 0.7912234042553191 0.06382978723404255 0.11702127659574468
0 0.5691489361702128 0.7313829787234043 0.061170212765957445 0.047872340425531915
0 0.7287234042553191 0.7553191489361702 0.05053191489361702 0.07180851063829788
0 0.8683510638297872 0.7513297872340425 0.05319148936170213 0.08776595744680851
0 0.9827127659574468 0.7473404255319149 0.034574468085106384 0.0851063829787234
1 0.5837765957446809 0.6914893617021277 0.03723404255319149 0.031914893617021274
1 0.3257978723404255 0.7127659574468085 0.0398936170212766 0.06914893617021277
1 0.19148936170212766 0.711436170212766 0.0425531914893617 0.0851063829787234
1 0.04521276595744681 0.7287234042553191 0.05053191489361702 0.0851063829787234