0 0.011842105263157895 0.925 0.02368421052631579 0.15
0 0.07763157894736843 0.6552631578947369 0.15526315789473685 0.11578947368421053
0 0.21447368421052632 0.9197368421052632 0.09210526315789473 0.060526315789473685
0 0.21447368421052632 0.7907894736842105 0.07105263157894737 0.04473684210526316
0 0.20789473684210527 0.6605263157894737 0.08421052631578947 0.05526315789473684
0 0.21973684210526315 0.4921052631578947 0.06315789473684211 0.05526315789473684
0 0.11842105263157894 0.4986842105263158 0.1394736842105263 0.09210526315789473
0 0.18157894736842106 0.3671052631578947 0.11052631578947368 0.06315789473684211
1 0.26710526315789473 0.5052631578947369 0.04736842105263158 0.03684210526315789
1 0.25526315789473686 0.23684210526315788 0.07105263157894737 0.05
1 0.2618421052631579 0.10657894736842105 0.07105263157894737 0.04473684210526316