0 0.9552631578947368 0.02368421052631579 0.08947368421052632 0.04736842105263158
0 0.8802631578947369 0.29473684210526313 0.1631578947368421 0.11842105263157894
0 0.7065789473684211 0.031578947368421054 0.09473684210526316 0.05
0 0.7078947368421052 0.16578947368421051 0.07631578947368421 0.042105263157894736
0 0.718421052631579 0.3013157894736842 0.0868421052631579 0.05263157894736842
0 0.718421052631579 0.4789473684210526 0.07368421052631578 0.05263157894736842
0 0.8236842105263158 0.4644736842105263 0.15263157894736842 0.09473684210526316
0 0.756578947368421 0.6 0.1 0.06842105263157895
1 0.6578947368421053 0.4605263157894737 0.04736842105263158 0.03684210526315789
1 0.6868421052631579 0.7368421052631579 0.05789473684210526 0.039473684210526314
1 0.6881578947368421 0.9131578947368421 0.07105263157894737 0.02631578947368421