0 0.9655172413793104 0.9544334975369458 0.06896551724137931 0.09113300492610837
0 0.6995073891625616 0.8805418719211823 0.11083743842364532 0.15270935960591134
0 0.9458128078817734 0.7179802955665024 0.046798029556650245 0.08866995073891626
0 0.8201970443349754 0.7192118226600985 0.03940886699507389 0.07142857142857142
0 0.6933497536945813 0.729064039408867 0.04926108374384237 0.0812807881773399
0 0.5270935960591133 0.729064039408867 0.04926108374384237 0.06896551724137931
0 0.5406403940886699 0.8275862068965517 0.08866995073891626 0.14285714285714285
0 0.41379310344827586 0.7647783251231527 0.06403940886699508 0.09359605911330049
1 0.5443349753694581 0.6724137931034483 0.034482758620689655 0.04433497536945813
1 0.2857142857142857 0.6995073891625616 0.03694581280788178 0.054187192118226604
1 0.1206896551724138 0.7007389162561576 0.024630541871921183 0.0665024630541872
1 0.013546798029556651 0.7216748768472906 0.027093596059113302 0.09359605911330049