0 0.8841463414634146 0.8292682926829268 0.04390243902439024 0.0951219512195122
0 0.8512195121951219 0.7853658536585366 0.046341463414634146 0.07560975609756097
0 0.9463414634146341 0.7585365853658537 0.04390243902439024 0.07073170731707316
0 0.9853658536585366 0.75 0.02926829268292683 0.06585365853658537
1 0.8036585365853659 0.7146341463414634 0.02195121951219512 0.05853658536585366
1 0.7634146341463415 0.723170731707317 0.02926829268292683 0.04390243902439024
1 0.6963414634146341 0.7207317073170731 0.03414634146341464 0.046341463414634146
1 0.6390243902439025 0.7292682926829268 0.03902439024390244 0.04390243902439024
1 0.5585365853658537 0.7304878048780488 0.041463414634146344 0.06585365853658537
1 0.4792682926829268 0.7365853658536585 0.03902439024390244 0.06341463414634146
1 0.4036585365853659 0.7524390243902439 0.046341463414634146 0.06585365853658537
1 0.31097560975609756 0.774390243902439 0.04878048780487805 0.07804878048780488