0 0.3425925925925926 0.9828042328042328 0.06349206349206349 0.026455026455026454
0 0.3386243386243386 0.9417989417989417 0.06878306878306878 0.037037037037037035
0 0.32407407407407407 0.9021164021164021 0.07936507936507936 0.037037037037037035
0 0.31084656084656087 0.8637566137566137 0.07142857142857142 0.03439153439153439
0 0.27116402116402116 0.7777777777777778 0.082010582010582 0.05555555555555555
1 0.37962962962962965 0.8756613756613757 0.031746031746031744 0.021164021164021163
1 0.38095238095238093 0.8386243386243386 0.042328042328042326 0.018518518518518517
1 0.3637566137566138 0.7791005291005291 0.047619047619047616 0.013227513227513227
1 0.3531746031746032 0.7248677248677249 0.042328042328042326 0.018518518518518517
1 0.33994708994708994 0.6865079365079365 0.05291005291005291 0.037037037037037035
1 0.3439153439153439 0.6150793650793651 0.06613756613756613 0.037037037037037035
1 0.3333333333333333 0.5582010582010583 0.06613756613756613 0.03968253968253968
1 0.32275132275132273 0.46296296296296297 0.0582010582010582 0.05555555555555555
1 0.32275132275132273 0.39021164021164023 0.08994708994708994 0.042328042328042326
1 0.2976190476190476 0.30158730158730157 0.07407407407407407 0.05026455026455026
1 0.2751322751322751 0.2037037037037037 0.08465608465608465 0.0582010582010582