0 0.1711229946524064 0.6617647058823529 0.0855614973262032 0.07219251336898395
0 0.2620320855614973 0.9598930481283422 0.040106951871657755 0.02406417112299465
0 0.25133689839572193 0.8943850267379679 0.0481283422459893 0.016042780748663103
0 0.2446524064171123 0.8582887700534759 0.06149732620320856 0.03208556149732621
0 0.22593582887700533 0.8114973262032086 0.06951871657754011 0.040106951871657755
0 0.21657754010695188 0.7794117647058824 0.05614973262032086 0.034759358288770054
0 0.20855614973262032 0.7433155080213903 0.06149732620320856 0.0374331550802139
0 0.20855614973262032 0.696524064171123 0.06149732620320856 0.03208556149732621
1 0.27807486631016043 0.7593582887700535 0.0374331550802139 0.02406417112299465
1 0.2820855614973262 0.7245989304812834 0.040106951871657755 0.016042780748663103
1 0.2540106951871658 0.6096256684491979 0.0427807486631016 0.016042780748663103
1 0.25133689839572193 0.5721925133689839 0.0374331550802139 0.02406417112299465
1 0.24064171122994651 0.5026737967914439 0.053475935828877004 0.029411764705882353
1 0.23663101604278075 0.4425133689839572 0.053475935828877004 0.03208556149732621
1 0.2286096256684492 0.356951871657754 0.0748663101604278 0.034759358288770054
1 0.22727272727272727 0.26871657754010697 0.06951871657754011 0.034759358288770054
1 0.196524064171123 0.18449197860962566 0.07219251336898395 0.0427807486631016
1 0.16844919786096257 0.08021390374331551 0.09090909090909091 0.05614973262032086