0 0.2356020942408377 0.7238219895287958 0.08376963350785341 0.07068062827225131
0 0.31413612565445026 0.9515706806282722 0.04712041884816754 0.015706806282722512
0 0.3075916230366492 0.9162303664921466 0.060209424083769635 0.031413612565445025
0 0.2892670157068063 0.8704188481675392 0.06806282722513089 0.03926701570680628
0 0.2801047120418848 0.8390052356020943 0.0549738219895288 0.034031413612565446
0 0.27225130890052357 0.8036649214659686 0.060209424083769635 0.03664921465968586
0 0.27225130890052357 0.7578534031413613 0.060209424083769635 0.031413612565445025
1 0.3403141361256545 0.819371727748691 0.03664921465968586 0.02356020942408377
1 0.34424083769633507 0.7853403141361257 0.03926701570680628 0.015706806282722512
1 0.31675392670157065 0.6727748691099477 0.041884816753926704 0.015706806282722512
1 0.31413612565445026 0.6361256544502618 0.03664921465968586 0.02356020942408377
1 0.3036649214659686 0.5680628272251309 0.05235602094240838 0.028795811518324606
1 0.299738219895288 0.5091623036649214 0.05235602094240838 0.031413612565445025
1 0.2918848167539267 0.42539267015706805 0.07329842931937172 0.034031413612565446
1 0.2905759162303665 0.3390052356020942 0.06806282722513089 0.034031413612565446
1 0.2604712041884817 0.25654450261780104 0.07068062827225131 0.041884816753926704
1 0.23298429319371727 0.1544502617801047 0.08900523560209424 0.0549738219895288