0 0.9802955665024631 0.6699507389162561 0.017241379310344827 0.029556650246305417
0 0.916256157635468 0.6785714285714286 0.019704433497536946 0.027093596059113302
0 0.8435960591133005 0.6724137931034483 0.017241379310344827 0.03201970443349754
0 0.7758620689655172 0.6834975369458128 0.024630541871921183 0.03940886699507389
0 0.7536945812807881 0.6884236453201971 0.019704433497536946 0.04433497536945813
0 0.7401477832512315 0.6958128078817734 0.014778325123152709 0.04187192118226601
0 0.7068965517241379 0.6995073891625616 0.03201970443349754 0.04926108374384237
0 0.6711822660098522 0.7167487684729064 0.034482758620689655 0.06157635467980296
0 0.6366995073891626 0.7278325123152709 0.03694581280788178 0.059113300492610835
0 0.5935960591133005 0.7278325123152709 0.03201970443349754 0.05665024630541872
0 0.5615763546798029 0.7697044334975369 0.046798029556650245 0.06157635467980296
1 0.666256157635468 0.6637931034482759 0.014778325123152709 0.029556650246305417
1 0.6354679802955665 0.666256157635468 0.019704433497536946 0.024630541871921183
1 0.8226600985221675 0.6600985221674877 0.007389162561576354 0.024630541871921183
1 0.4876847290640394 0.6921182266009852 0.029556650246305417 0.046798029556650245
1 0.5270935960591133 0.687192118226601 0.014778325123152709 0.03694581280788178
1 0.42857142857142855 0.7019704433497537 0.027093596059113302 0.04433497536945813
1 0.3706896551724138 0.708128078817734 0.03201970443349754 0.04433497536945813
1 0.291871921182266 0.7167487684729064 0.027093596059113302 0.05172413793103448
1 0.2019704433497537 0.7241379310344828 0.03940886699507389 0.06403940886699508
1 0.10837438423645321 0.75 0.04433497536945813 0.06157635467980296
1 0.019704433497536946 0.7807881773399015 0.03940886699507389 0.08866995073891626