0 0.953125 0.7096354166666666 0.020833333333333332 0.028645833333333332
0 0.8763020833333334 0.703125 0.018229166666666668 0.033854166666666664
0 0.8046875 0.71484375 0.026041666666666668 0.041666666666666664
0 0.78125 0.7200520833333334 0.020833333333333332 0.046875
0 0.7669270833333334 0.7278645833333334 0.015625 0.044270833333333336
0 0.7317708333333334 0.7317708333333334 0.033854166666666664 0.052083333333333336
0 0.6940104166666666 0.75 0.036458333333333336 0.06510416666666667
0 0.6575520833333334 0.76171875 0.0390625 0.0625
0 0.6119791666666666 0.76171875 0.033854166666666664 0.059895833333333336
0 0.578125 0.8059895833333334 0.049479166666666664 0.06510416666666667
1 0.6888020833333334 0.6940104166666666 0.015625 0.03125
1 0.65625 0.6966145833333334 0.020833333333333332 0.026041666666666668
1 0.8541666666666666 0.6901041666666666 0.0078125 0.026041666666666668
1 0.5 0.7239583333333334 0.03125 0.049479166666666664
1 0.5416666666666666 0.71875 0.015625 0.0390625
1 0.4375 0.734375 0.028645833333333332 0.046875
1 0.3763020833333333 0.7408854166666666 0.033854166666666664 0.046875
1 0.29296875 0.75 0.028645833333333332 0.0546875
1 0.19791666666666666 0.7578125 0.041666666666666664 0.06770833333333333
1 0.09895833333333333 0.78515625 0.046875 0.06510416666666667
1 0.013020833333333334 0.8177083333333334 0.026041666666666668 0.09375