0 0.32107843137254904 0.9534313725490197 0.0392156862745098 0.024509803921568627
0 0.32230392156862747 0.8811274509803921 0.0392156862745098 0.02696078431372549
0 0.31862745098039214 0.8259803921568627 0.031862745098039214 0.014705882352941176
0 0.3284313725490196 0.75 0.02696078431372549 0.012254901960784314
0 0.3137254901960784 0.6654411764705882 0.04411764705882353 0.024509803921568627
0 0.30269607843137253 0.6225490196078431 0.061274509803921566 0.029411764705882353
0 0.29534313725490197 0.5857843137254902 0.04411764705882353 0.024509803921568627
0 0.28308823529411764 0.553921568627451 0.051470588235294115 0.024509803921568627
0 0.2757352941176471 0.5024509803921569 0.06862745098039216 0.03676470588235294
0 0.2426470588235294 0.44730392156862747 0.09313725490196079 0.024509803921568627
0 0.22181372549019607 0.48651960784313725 0.07598039215686274 0.022058823529411766
1 0.33700980392156865 0.7352941176470589 0.041666666666666664 0.014705882352941176
1 0.3431372549019608 0.5870098039215687 0.029411764705882353 0.01715686274509804
1 0.33700980392156865 0.5514705882352942 0.031862745098039214 0.01715686274509804
1 0.32230392156862747 0.40808823529411764 0.03431372549019608 0.024509803921568627
1 0.30392156862745096 0.3382352941176471 0.058823529411764705 0.03431372549019608
1 0.3002450980392157 0.27941176470588236 0.051470588235294115 0.0392156862745098
1 0.2965686274509804 0.18995098039215685 0.061274509803921566 0.03431372549019608
1 0.2659313725490196 0.015931372549019607 0.0857843137254902 0.031862745098039214