0 0.3241206030150754 0.964824120603015 0.04020100502512563 0.02512562814070352
0 0.32537688442211055 0.8907035175879398 0.04020100502512563 0.02763819095477387
0 0.32160804020100503 0.8341708542713567 0.032663316582914576 0.01507537688442211
0 0.3316582914572864 0.7562814070351759 0.02763819095477387 0.01256281407035176
0 0.3165829145728643 0.6695979899497487 0.04522613065326633 0.02512562814070352
0 0.30527638190954776 0.6256281407035176 0.06281407035175879 0.03015075376884422
0 0.29773869346733667 0.5879396984924623 0.04522613065326633 0.02512562814070352
0 0.2851758793969849 0.5552763819095478 0.052763819095477386 0.02512562814070352
0 0.2776381909547739 0.5025125628140703 0.07035175879396985 0.03768844221105527
0 0.24371859296482412 0.44597989949748745 0.09547738693467336 0.02512562814070352
0 0.22236180904522612 0.4861809045226131 0.07788944723618091 0.022613065326633167
1 0.34045226130653267 0.7412060301507538 0.04271356783919598 0.01507537688442211
1 0.34673366834170855 0.5891959798994975 0.03015075376884422 0.017587939698492462
1 0.34045226130653267 0.5527638190954773 0.032663316582914576 0.017587939698492462
1 0.32537688442211055 0.4057788944723618 0.035175879396984924 0.02512562814070352
1 0.3065326633165829 0.3341708542713568 0.06030150753768844 0.035175879396984924
1 0.3027638190954774 0.27386934673366836 0.052763819095477386 0.04020100502512563
1 0.2989949748743719 0.18216080402010051 0.06281407035175879 0.035175879396984924
1 0.2675879396984925 0.010050251256281407 0.08793969849246232 0.020100502512562814