0 0.9507575757575758 0.6502525252525253 0.025252525252525252 0.04040404040404041
0 0.8825757575757576 0.648989898989899 0.022727272727272728 0.045454545454545456
0 0.8194444444444444 0.6515151515151515 0.030303030303030304 0.03787878787878788
0 0.7436868686868687 0.6477272727272727 0.025252525252525252 0.03282828282828283
0 0.6553030303030303 0.6641414141414141 0.03282828282828283 0.047979797979797977
0 0.6047979797979798 0.6856060606060606 0.022727272727272728 0.03282828282828283
0 0.577020202020202 0.6944444444444444 0.022727272727272728 0.05555555555555555
0 0.5328282828282829 0.696969696969697 0.03282828282828283 0.04292929292929293
0 0.48358585858585856 0.7184343434343434 0.04292929292929293 0.0707070707070707
0 0.4457070707070707 0.7588383838383839 0.05555555555555555 0.08585858585858586
1 0.5757575757575758 0.6477272727272727 0.015151515151515152 0.03535353535353535
1 0.5378787878787878 0.6439393939393939 0.020202020202020204 0.04040404040404041
1 0.4595959595959596 0.6578282828282829 0.015151515151515152 0.030303030303030304
1 0.4810606060606061 0.6565656565656566 0.012626262626262626 0.03282828282828283
1 0.3851010101010101 0.6818181818181818 0.03282828282828283 0.04292929292929293
1 0.31313131313131315 0.6931818181818182 0.030303030303030304 0.045454545454545456
1 0.2474747474747475 0.7070707070707071 0.025252525252525252 0.045454545454545456
1 0.14898989898989898 0.7121212121212122 0.025252525252525252 0.05808080808080808
1 0.05555555555555555 0.7083333333333334 0.03787878787878788 0.06818181818181818