0 0.33638743455497383 0.9829842931937173 0.041884816753926704 0.02617801047120419
0 0.337696335078534 0.912303664921466 0.04712041884816754 0.02356020942408377
0 0.33507853403141363 0.8468586387434555 0.03926701570680628 0.031413612565445025
0 0.3390052356020942 0.768324607329843 0.034031413612565446 0.02617801047120419
0 0.3219895287958115 0.6767015706806283 0.049738219895287955 0.034031413612565446
0 0.299738219895288 0.6243455497382199 0.034031413612565446 0.02356020942408377
0 0.2905759162303665 0.5955497382198953 0.05759162303664921 0.02356020942408377
0 0.2879581151832461 0.5497382198952879 0.04450261780104712 0.034031413612565446
0 0.26570680628272253 0.4986910994764398 0.07329842931937172 0.04450261780104712
0 0.2238219895287958 0.4594240837696335 0.08900523560209424 0.05759162303664921
1 0.3390052356020942 0.5942408376963351 0.03664921465968586 0.015706806282722512
1 0.34293193717277487 0.5549738219895288 0.041884816753926704 0.020942408376963352
1 0.3285340314136126 0.4738219895287958 0.031413612565445025 0.015706806282722512
1 0.3298429319371728 0.49607329842931935 0.034031413612565446 0.013089005235602094
1 0.3036649214659686 0.39659685863874344 0.04450261780104712 0.034031413612565446
1 0.2918848167539267 0.3219895287958115 0.04712041884816754 0.031413612565445025
1 0.2774869109947644 0.25392670157068065 0.04712041884816754 0.02617801047120419
1 0.27225130890052357 0.1518324607329843 0.060209424083769635 0.02617801047120419
1 0.2761780104712042 0.0549738219895288 0.07068062827225131 0.03926701570680628