0 0.3118421052631579 0.9289473684210526 0.034210526315789476 0.021052631578947368
0 0.29736842105263156 0.8552631578947368 0.04473684210526316 0.021052631578947368
0 0.28289473684210525 0.825 0.04736842105263158 0.031578947368421054
0 0.26052631578947366 0.775 0.06315789473684211 0.03684210526315789
0 0.2618421052631579 0.7355263157894737 0.060526315789473685 0.034210526315789476
0 0.25 0.6947368421052632 0.07368421052631578 0.039473684210526314
0 0.2394736842105263 0.6394736842105263 0.08157894736842106 0.05263157894736842
0 0.17894736842105263 0.5842105263157895 0.10526315789473684 0.060526315789473685
1 0.3157894736842105 0.7407894736842106 0.042105263157894736 0.02368421052631579
1 0.3223684210526316 0.9078947368421053 0.04473684210526316 0.013157894736842105
1 0.31973684210526315 0.7026315789473684 0.03684210526315789 0.02368421052631579
1 0.30657894736842106 0.6328947368421053 0.042105263157894736 0.018421052631578946
1 0.3013157894736842 0.6105263157894737 0.04736842105263158 0.015789473684210527
1 0.2881578947368421 0.5302631578947369 0.05526315789473684 0.031578947368421054
1 0.2802631578947368 0.45657894736842103 0.05526315789473684 0.034210526315789476
1 0.26710526315789473 0.3960526315789474 0.06578947368421052 0.039473684210526314
1 0.2657894736842105 0.29736842105263156 0.06842105263157895 0.03684210526315789
1 0.2578947368421053 0.19473684210526315 0.060526315789473685 0.02631578947368421
1 0.23157894736842105 0.09078947368421053 0.07105263157894737 0.05263157894736842