0 0.9267015706806283 0.6426701570680629 0.020942408376963352 0.034031413612565446
0 0.8534031413612565 0.6570680628272252 0.020942408376963352 0.04450261780104712
0 0.8232984293193717 0.6714659685863874 0.031413612565445025 0.04712041884816754
0 0.7735602094240838 0.693717277486911 0.03664921465968586 0.06282722513089005
0 0.7342931937172775 0.6924083769633508 0.034031413612565446 0.060209424083769635
0 0.693717277486911 0.7041884816753927 0.03926701570680628 0.07329842931937172
0 0.6387434554973822 0.7146596858638743 0.05235602094240838 0.08115183246073299
0 0.5837696335078534 0.774869109947644 0.060209424083769635 0.10471204188481675
1 0.7395287958115183 0.6387434554973822 0.02356020942408377 0.041884816753926704
1 0.9057591623036649 0.6321989528795812 0.013089005235602094 0.04450261780104712
1 0.7015706806282722 0.6348167539267016 0.02356020942408377 0.03664921465968586
1 0.6321989528795812 0.6479057591623036 0.01832460732984293 0.041884816753926704
1 0.6099476439790575 0.6531413612565445 0.015706806282722512 0.04712041884816754
1 0.5301047120418848 0.6662303664921466 0.031413612565445025 0.0549738219895288
1 0.4568062827225131 0.6740837696335078 0.034031413612565446 0.0549738219895288
1 0.39659685863874344 0.68717277486911 0.03926701570680628 0.06544502617801047
1 0.29842931937172773 0.6884816753926701 0.03664921465968586 0.06806282722513089
1 0.19633507853403143 0.6963350785340314 0.02617801047120419 0.060209424083769635
1 0.09293193717277487 0.7225130890052356 0.05235602094240838 0.07068062827225131