1 0.3316582914572864 0.9597989949748744 0.04271356783919598 0.02763819095477387
1 0.34045226130653267 0.8869346733668342 0.035175879396984924 0.01507537688442211
1 0.33542713567839194 0.8228643216080402 0.05025125628140704 0.020100502512562814
1 0.3391959798994975 0.714824120603015 0.04522613065326633 0.017587939698492462
1 0.32663316582914576 0.7349246231155779 0.03768844221105527 0.020100502512562814
1 0.27638190954773867 0.7587939698492462 0.0678391959798995 0.03768844221105527
1 0.26256281407035176 0.6984924623115578 0.07035175879396985 0.03768844221105527
1 0.26256281407035176 0.6407035175879398 0.07537688442211055 0.052763819095477386
1 0.23743718592964824 0.5540201005025126 0.09547738693467336 0.05527638190954774
1 0.2449748743718593 0.4610552763819096 0.09547738693467336 0.06281407035175879
1 0.18341708542713567 0.40703517587939697 0.08542713567839195 0.08040201005025126
1 0.10175879396984924 0.3228643216080402 0.14321608040201006 0.08542713567839195