1 0.9868421052631579 0.6460526315789473 0.02631578947368421 0.04473684210526316
1 0.9276315789473685 0.6421052631578947 0.02631578947368421 0.042105263157894736
1 0.8460526315789474 0.6407894736842106 0.021052631578947368 0.042105263157894736
1 0.7486842105263158 0.65 0.03684210526315789 0.042105263157894736
1 0.7868421052631579 0.7065789473684211 0.031578947368421054 0.06315789473684211
1 0.7144736842105263 0.7131578947368421 0.05 0.07105263157894737
1 0.6578947368421053 0.725 0.05789473684210526 0.08421052631578947
1 0.5592105263157895 0.7368421052631579 0.05789473684210526 0.09736842105263158
1 0.45526315789473687 0.7513157894736842 0.06578947368421052 0.09736842105263158
1 0.39210526315789473 0.8236842105263158 0.0868421052631579 0.12894736842105264
1 0.28157894736842104 0.9210526315789473 0.11578947368421053 0.15