0 0.3118932038834951 0.9902912621359223 0.050970873786407765 0.019417475728155338
0 0.32160194174757284 0.9587378640776699 0.055825242718446605 0.02912621359223301
1 0.33859223300970875 0.9016990291262136 0.043689320388349516 0.024271844660194174
1 0.3422330097087379 0.837378640776699 0.050970873786407765 0.021844660194174758
1 0.3446601941747573 0.7669902912621359 0.0412621359223301 0.024271844660194174
1 0.3325242718446602 0.6735436893203883 0.05339805825242718 0.03640776699029126
1 0.3106796116504854 0.75 0.05339805825242718 0.021844660194174758
1 0.2815533980582524 0.712378640776699 0.06796116504854369 0.038834951456310676
1 0.27305825242718446 0.6419902912621359 0.0412621359223301 0.03640776699029126
1 0.25485436893203883 0.5825242718446602 0.06553398058252427 0.04611650485436893
1 0.24393203883495146 0.4842233009708738 0.0703883495145631 0.043689320388349516
1 0.23179611650485438 0.3737864077669903 0.0825242718446602 0.05825242718446602
1 0.1407766990291262 0.30097087378640774 0.12864077669902912 0.0825242718446602
1 0.04975728155339806 0.13713592233009708 0.0825242718446602 0.15048543689320387