0 0.9787234042553191 0.6875 0.031914893617021274 0.061170212765957445
1 0.9162234042553191 0.6688829787234043 0.026595744680851064 0.047872340425531915
1 0.8457446808510638 0.6648936170212766 0.023936170212765957 0.05585106382978723
1 0.7686170212765957 0.6622340425531915 0.026595744680851064 0.04521276595744681
1 0.6662234042553191 0.675531914893617 0.0398936170212766 0.05851063829787234
1 0.75 0.699468085106383 0.023936170212765957 0.05851063829787234
1 0.7087765957446809 0.7313829787234043 0.0425531914893617 0.07446808510638298
1 0.6316489361702128 0.7406914893617021 0.0398936170212766 0.04521276595744681
1 0.5664893617021277 0.7606382978723404 0.05053191489361702 0.07180851063829788
1 0.4587765957446808 0.7726063829787234 0.047872340425531915 0.07712765957446809
1 0.3377659574468085 0.785904255319149 0.06382978723404255 0.09042553191489362
1 0.2579787234042553 0.8856382978723404 0.09042553191489362 0.14095744680851063
1 0.0797872340425532 0.9694148936170213 0.1595744680851064 0.061170212765957445