0 0.9867021276595744 0.714095744680851 0.026595744680851064 0.061170212765957445
0 0.9468085106382979 0.7074468085106383 0.034574468085106384 0.06382978723404255
1 0.8856382978723404 0.6848404255319149 0.031914893617021274 0.047872340425531915
1 0.8138297872340425 0.6795212765957447 0.02127659574468085 0.05585106382978723
1 0.7340425531914894 0.6808510638297872 0.02127659574468085 0.03723404255319149
1 0.6356382978723404 0.6928191489361702 0.034574468085106384 0.061170212765957445
1 0.7127659574468085 0.7247340425531915 0.026595744680851064 0.06914893617021277
1 0.6675531914893617 0.7593085106382979 0.04521276595744681 0.07180851063829788
1 0.5917553191489362 0.7672872340425532 0.05319148936170213 0.09042553191489362
1 0.5226063829787234 0.776595744680851 0.05319148936170213 0.07712765957446809
1 0.4029255319148936 0.8018617021276596 0.06382978723404255 0.10106382978723404
1 0.26861702127659576 0.8151595744680851 0.0797872340425532 0.11170212765957446
1 0.1502659574468085 0.9321808510638298 0.125 0.1356382978723404