0 0.9746192893401016 0.649746192893401 0.030456852791878174 0.0532994923857868
1 0.9137055837563451 0.6421319796954315 0.030456852791878174 0.048223350253807105
1 0.8464467005076142 0.6357868020304569 0.02284263959390863 0.0532994923857868
1 0.7728426395939086 0.6345177664974619 0.025380710659898477 0.04568527918781726
1 0.6738578680203046 0.6459390862944162 0.027918781725888325 0.04314720812182741
1 0.751269035532995 0.6700507614213198 0.02284263959390863 0.06345177664974619
1 0.7068527918781726 0.7068527918781726 0.03807106598984772 0.07868020304568528
1 0.6357868020304569 0.7220812182741116 0.048223350253807105 0.07868020304568528
1 0.5634517766497462 0.7373096446700508 0.0532994923857868 0.08629441624365482
1 0.4479695431472081 0.7525380710659898 0.06598984771573604 0.09898477157360407
1 0.3147208121827411 0.7766497461928934 0.08121827411167512 0.1116751269035533
1 0.19796954314720813 0.8883248730964467 0.1218274111675127 0.14720812182741116