0 0.3137755102040816 0.9668367346938775 0.05357142857142857 0.030612244897959183
1 0.32142857142857145 0.9056122448979592 0.04846938775510204 0.030612244897959183
1 0.3278061224489796 0.8380102040816326 0.05357142857142857 0.02295918367346939
1 0.32908163265306123 0.764030612244898 0.04591836734693878 0.025510204081632654
1 0.31760204081632654 0.6645408163265306 0.04336734693877551 0.02806122448979592
1 0.29336734693877553 0.7423469387755102 0.06377551020408163 0.02295918367346939
1 0.25637755102040816 0.6977040816326531 0.07908163265306123 0.03826530612244898
1 0.24107142857142858 0.6262755102040817 0.07908163265306123 0.04846938775510204
1 0.22576530612244897 0.5535714285714286 0.08673469387755102 0.05357142857142857
1 0.21045918367346939 0.4375 0.09948979591836735 0.0663265306122449
1 0.18622448979591838 0.30357142857142855 0.11224489795918367 0.08163265306122448
1 0.07397959183673469 0.18622448979591838 0.14795918367346939 0.12244897959183673