0 0.9690721649484536 0.7023195876288659 0.030927835051546393 0.07216494845360824
1 0.9059278350515464 0.6817010309278351 0.030927835051546393 0.05670103092783505
1 0.8376288659793815 0.6726804123711341 0.030927835051546393 0.041237113402061855
1 0.6572164948453608 0.6945876288659794 0.03608247422680412 0.04639175257731959
1 0.759020618556701 0.6752577319587629 0.023195876288659795 0.03350515463917526
1 0.6881443298969072 0.7551546391752577 0.04639175257731959 0.07216494845360824
1 0.6108247422680413 0.7757731958762887 0.04896907216494845 0.08762886597938144
1 0.5360824742268041 0.7925257731958762 0.05670103092783505 0.09278350515463918
1 0.4097938144329897 0.8054123711340206 0.07216494845360824 0.09278350515463918
1 0.25902061855670105 0.8298969072164949 0.09020618556701031 0.12628865979381443
1 0.1056701030927835 0.9458762886597938 0.14432989690721648 0.10824742268041238