0 0.3015463917525773 0.9845360824742269 0.07216494845360824 0.030927835051546393
0 0.31572164948453607 0.9407216494845361 0.061855670103092786 0.03865979381443299
1 0.33505154639175255 0.8827319587628866 0.04639175257731959 0.030927835051546393
1 0.33762886597938147 0.8105670103092784 0.04639175257731959 0.023195876288659795
1 0.3402061855670103 0.729381443298969 0.05154639175257732 0.02577319587628866
1 0.32603092783505155 0.6327319587628866 0.04639175257731959 0.03350515463917526
1 0.25 0.663659793814433 0.09536082474226804 0.05154639175257732
1 0.2963917525773196 0.7074742268041238 0.05412371134020619 0.02577319587628866
1 0.24355670103092783 0.5824742268041238 0.09278350515463918 0.05154639175257732
1 0.23067010309278352 0.5051546391752577 0.1056701030927835 0.07216494845360824
1 0.21005154639175258 0.38144329896907214 0.0979381443298969 0.07989690721649484
1 0.18943298969072164 0.22036082474226804 0.13144329896907217 0.07989690721649484
1 0.06572164948453608 0.06829896907216494 0.13144329896907217 0.13659793814432988