0 0.26153846153846155 0.9871794871794872 0.07179487179487179 0.02564102564102564
0 0.27564102564102566 0.9564102564102565 0.05897435897435897 0.028205128205128206
1 0.2923076923076923 0.8897435897435897 0.046153846153846156 0.03076923076923077
1 0.30256410256410254 0.8243589743589743 0.046153846153846156 0.020512820512820513
1 0.30128205128205127 0.7461538461538462 0.05384615384615385 0.03076923076923077
1 0.2602564102564103 0.7192307692307692 0.06666666666666667 0.02564102564102564
1 0.2794871794871795 0.6461538461538462 0.05128205128205128 0.028205128205128206
1 0.2064102564102564 0.6730769230769231 0.07435897435897436 0.04871794871794872
1 0.20897435897435898 0.6 0.10512820512820513 0.05384615384615385
1 0.19487179487179487 0.5230769230769231 0.09743589743589744 0.05128205128205128
1 0.16794871794871793 0.38461538461538464 0.10256410256410256 0.05897435897435897
1 0.1358974358974359 0.23076923076923078 0.12051282051282051 0.08974358974358974
1 0.041025641025641026 0.06794871794871794 0.08205128205128205 0.1358974358974359