0 0.3178391959798995 0.9685929648241206 0.07537688442211055 0.04271356783919598
0 0.32537688442211055 0.9221105527638191 0.06030150753768844 0.032663316582914576
1 0.3417085427135678 0.8680904522613065 0.04522613065326633 0.032663316582914576
1 0.35050251256281406 0.8015075376884422 0.04271356783919598 0.02512562814070352
1 0.3417085427135678 0.7286432160804021 0.06532663316582915 0.04020100502512563
1 0.3341708542713568 0.6206030150753769 0.04271356783919598 0.03768844221105527
1 0.3128140703517588 0.6972361809045227 0.06532663316582915 0.022613065326633167
1 0.27261306532663315 0.6545226130653267 0.0829145728643216 0.04271356783919598
1 0.25251256281407036 0.5753768844221105 0.08542713567839195 0.05527638190954774
1 0.24246231155778894 0.5 0.09045226130653267 0.06030150753768844
1 0.22236180904522612 0.3693467336683417 0.09547738693467336 0.08040201005025126
1 0.1871859296482412 0.2135678391959799 0.12311557788944724 0.09045226130653267
1 0.07035175879396985 0.056532663316582916 0.1407035175879397 0.11306532663316583