0 0.9853723404255319 0.7539893617021277 0.02925531914893617 0.06648936170212766
0 0.9401595744680851 0.7433510638297872 0.04521276595744681 0.0797872340425532
0 0.8909574468085106 0.7353723404255319 0.034574468085106384 0.06382978723404255
1 0.8337765957446809 0.7180851063829787 0.034574468085106384 0.047872340425531915
1 0.7632978723404256 0.7087765957446809 0.026595744680851064 0.04521276595744681
1 0.6861702127659575 0.7180851063829787 0.0425531914893617 0.06914893617021277
1 0.5718085106382979 0.726063829787234 0.0398936170212766 0.04521276595744681
1 0.6529255319148937 0.7486702127659575 0.023936170212765957 0.06914893617021277
1 0.6077127659574468 0.7912234042553191 0.04521276595744681 0.08776595744680851
1 0.523936170212766 0.8125 0.05851063829787234 0.09042553191489362
1 0.4441489361702128 0.8231382978723404 0.06382978723404255 0.09574468085106383
1 0.3058510638297872 0.8444148936170213 0.0851063829787234 0.10106382978723404
1 0.14095744680851063 0.8816489361702128 0.09574468085106383 0.13031914893617022