0 0.6928934010152284 0.02284263959390863 0.0532994923857868 0.03553299492385787
0 0.6852791878172588 0.07106598984771574 0.06852791878172589 0.030456852791878174
1 0.6637055837563451 0.1319796954314721 0.048223350253807105 0.03299492385786802
1 0.6586294416243654 0.19796954314720813 0.0583756345177665 0.02284263959390863
1 0.6611675126903553 0.28045685279187815 0.04568527918781726 0.027918781725888325
1 0.6789340101522843 0.3743654822335025 0.04568527918781726 0.027918781725888325
1 0.7017766497461929 0.3032994923857868 0.0583756345177665 0.027918781725888325
1 0.7436548223350253 0.35152284263959394 0.06598984771573604 0.04568527918781726
1 0.751269035532995 0.43147208121827413 0.07868020304568528 0.048223350253807105
1 0.7741116751269036 0.5038071065989848 0.10152284263959391 0.06598984771573604
1 0.7906091370558376 0.6383248730964467 0.1065989847715736 0.06598984771573604
1 0.8223350253807107 0.7982233502538071 0.13959390862944163 0.09644670050761421
1 0.9365482233502538 0.9555837563451777 0.12690355329949238 0.08883248730964467