0 0.3161057692307692 0.9723557692307693 0.05048076923076923 0.016826923076923076
0 0.31490384615384615 0.9423076923076923 0.05048076923076923 0.03365384615384615
0 0.32211538461538464 0.8966346153846154 0.06490384615384616 0.028846153846153848
1 0.3425480769230769 0.8389423076923077 0.04567307692307692 0.03125
1 0.3473557692307692 0.7764423076923077 0.055288461538461536 0.021634615384615384
1 0.3449519230769231 0.6983173076923077 0.04326923076923077 0.026442307692307692
1 0.328125 0.609375 0.04326923076923077 0.026442307692307692
1 0.30649038461538464 0.6766826923076923 0.055288461538461536 0.026442307692307692
1 0.2668269230769231 0.6310096153846154 0.0625 0.04326923076923077
1 0.25961538461538464 0.5552884615384616 0.07451923076923077 0.04567307692307692
1 0.23798076923076922 0.48677884615384615 0.09615384615384616 0.0625
1 0.22235576923076922 0.359375 0.10096153846153846 0.0625
1 0.19230769230769232 0.20793269230769232 0.13221153846153846 0.09134615384615384
1 0.0733173076923077 0.05048076923076923 0.13942307692307693 0.10096153846153846