0 0.2908415841584158 0.9616336633663366 0.06930693069306931 0.034653465346534656
0 0.2834158415841584 0.9900990099009901 0.06683168316831684 0.019801980198019802
0 0.3094059405940594 0.9170792079207921 0.05198019801980198 0.034653465346534656
1 0.33044554455445546 0.8576732673267327 0.05198019801980198 0.0297029702970297
1 0.3292079207920792 0.7908415841584159 0.04702970297029703 0.024752475247524754
1 0.327970297029703 0.7178217821782178 0.04207920792079208 0.019801980198019802
1 0.31683168316831684 0.6150990099009901 0.0594059405940594 0.0297029702970297
1 0.28836633663366334 0.6943069306930693 0.07178217821782178 0.022277227722772276
1 0.24876237623762376 0.6485148514851485 0.07673267326732673 0.04950495049504951
1 0.23391089108910892 0.5668316831683168 0.09653465346534654 0.054455445544554455
1 0.2202970297029703 0.49133663366336633 0.10643564356435643 0.0594059405940594
1 0.19801980198019803 0.36633663366336633 0.10891089108910891 0.07178217821782178
1 0.1782178217821782 0.20297029702970298 0.1311881188118812 0.09158415841584158
1 0.06683168316831684 0.053217821782178217 0.13366336633663367 0.10643564356435643