0 0.9522058823529411 0.6973039215686274 0.03431372549019608 0.06862745098039216
0 0.9852941176470589 0.7046568627450981 0.02696078431372549 0.0661764705882353
0 0.9080882352941176 0.678921568627451 0.03431372549019608 0.051470588235294115
1 0.8492647058823529 0.6580882352941176 0.029411764705882353 0.051470588235294115
1 0.7830882352941176 0.6593137254901961 0.024509803921568627 0.04656862745098039
1 0.7107843137254902 0.6605392156862745 0.0196078431372549 0.041666666666666664
1 0.6090686274509803 0.6715686274509803 0.029411764705882353 0.058823529411764705
1 0.6875 0.6997549019607843 0.022058823529411766 0.07107843137254902
1 0.6421568627450981 0.7389705882352942 0.049019607843137254 0.07598039215686274
1 0.5612745098039216 0.7536764705882353 0.05392156862745098 0.09558823529411764
1 0.48651960784313725 0.7671568627450981 0.058823529411764705 0.1053921568627451
1 0.3627450980392157 0.7892156862745098 0.07107843137254902 0.10784313725490197
1 0.20098039215686275 0.8088235294117647 0.09068627450980392 0.12990196078431374
1 0.05269607843137255 0.9264705882352942 0.1053921568627451 0.14705882352941177