0 0.3058252427184466 0.9769417475728155 0.050970873786407765 0.014563106796116505
0 0.308252427184466 0.941747572815534 0.06553398058252427 0.03398058252427184
0 0.32281553398058255 0.904126213592233 0.055825242718446605 0.03155339805825243
1 0.3422330097087379 0.8470873786407767 0.04611650485436893 0.021844660194174758
1 0.35072815533980584 0.7803398058252428 0.02912621359223301 0.021844660194174758
1 0.308252427184466 0.6820388349514563 0.06310679611650485 0.01699029126213592
1 0.34951456310679613 0.7063106796116505 0.03155339805825243 0.01699029126213592
1 0.3300970873786408 0.6043689320388349 0.043689320388349516 0.038834951456310676
1 0.25970873786407767 0.6322815533980582 0.06796116504854369 0.038834951456310676
1 0.2487864077669903 0.558252427184466 0.08737864077669903 0.04611650485436893
1 0.24029126213592233 0.4854368932038835 0.08737864077669903 0.06310679611650485
1 0.21480582524271843 0.3567961165048544 0.10436893203883495 0.06067961165048544
1 0.1941747572815534 0.20388349514563106 0.10922330097087378 0.08980582524271845
1 0.07160194174757281 0.044902912621359224 0.13349514563106796 0.08980582524271845