0 0.29743589743589743 0.9782051282051282 0.05384615384615385 0.015384615384615385
0 0.3 0.941025641025641 0.06923076923076923 0.035897435897435895
0 0.3153846153846154 0.9012820512820513 0.05897435897435897 0.03333333333333333
1 0.33589743589743587 0.841025641025641 0.04871794871794872 0.023076923076923078
1 0.34487179487179487 0.7705128205128206 0.03076923076923077 0.023076923076923078
1 0.3 0.6666666666666666 0.06666666666666667 0.017948717948717947
1 0.3435897435897436 0.6923076923076923 0.03333333333333333 0.017948717948717947
1 0.3230769230769231 0.5846153846153846 0.046153846153846156 0.041025641025641026
1 0.24871794871794872 0.6141025641025641 0.07179487179487179 0.041025641025641026
1 0.23717948717948717 0.5358974358974359 0.09230769230769231 0.04871794871794872
1 0.2282051282051282 0.45897435897435895 0.09230769230769231 0.06666666666666667
1 0.2012820512820513 0.3230769230769231 0.11025641025641025 0.0641025641025641
1 0.1794871794871795 0.16153846153846155 0.11538461538461539 0.09487179487179487
1 0.06025641025641026 0.020512820512820513 0.12051282051282051 0.041025641025641026