0 0.6893939393939394 0.006313131313131313 0.045454545454545456 0.012626262626262626
0 0.6919191919191919 0.047979797979797977 0.07323232323232323 0.04292929292929293
1 0.6704545454545454 0.10858585858585859 0.04292929292929293 0.027777777777777776
1 0.6666666666666666 0.17424242424242425 0.05303030303030303 0.022727272727272728
1 0.6717171717171717 0.25126262626262624 0.04292929292929293 0.022727272727272728
1 0.7133838383838383 0.2815656565656566 0.06313131313131314 0.025252525252525252
1 0.7550505050505051 0.32702020202020204 0.06818181818181818 0.04040404040404041
1 0.6805555555555556 0.351010101010101 0.05555555555555555 0.030303030303030304
1 0.7651515151515151 0.4116161616161616 0.07828282828282829 0.05555555555555555
1 0.7815656565656566 0.4898989898989899 0.08333333333333333 0.05808080808080808
1 0.7941919191919192 0.6237373737373737 0.09848484848484848 0.08080808080808081
1 0.827020202020202 0.7904040404040404 0.12373737373737374 0.09343434343434344
1 0.9583333333333334 0.9558080808080808 0.08333333333333333 0.08838383838383838