0 0.3170731707317073 0.9878048780487805 0.04390243902439024 0.024390243902439025
0 0.3146341463414634 0.9414634146341463 0.07073170731707316 0.041463414634146344
1 0.3353658536585366 0.8829268292682927 0.041463414634146344 0.026829268292682926
1 0.33902439024390246 0.8195121951219512 0.05121951219512195 0.02195121951219512
1 0.33414634146341465 0.7451219512195122 0.041463414634146344 0.02195121951219512
1 0.2939024390243902 0.7158536585365853 0.06097560975609756 0.024390243902439025
1 0.25365853658536586 0.6719512195121952 0.06585365853658537 0.03902439024390244
1 0.325609756097561 0.6487804878048781 0.05365853658536585 0.02926829268292683
1 0.24390243902439024 0.5902439024390244 0.07560975609756097 0.05365853658536585
1 0.2280487804878049 0.5146341463414634 0.08048780487804878 0.05609756097560976
1 0.21585365853658536 0.3853658536585366 0.0951219512195122 0.07804878048780488
1 0.18414634146341463 0.22439024390243903 0.11951219512195121 0.09024390243902439
1 0.04878048780487805 0.05365853658536585 0.0975609756097561 0.1073170731707317