0 0.9961538461538462 0.708974358974359 0.007692307692307693 0.07435897435897436
1 0.941025641025641 0.691025641025641 0.035897435897435895 0.05384615384615385
1 0.867948717948718 0.6884615384615385 0.020512820512820513 0.046153846153846156
1 0.7858974358974359 0.6871794871794872 0.03076923076923077 0.04358974358974359
1 0.6871794871794872 0.7064102564102565 0.03076923076923077 0.035897435897435895
1 0.7538461538461538 0.735897435897436 0.020512820512820513 0.06153846153846154
1 0.7115384615384616 0.7782051282051282 0.05128205128205128 0.08717948717948718
1 0.6282051282051282 0.7897435897435897 0.05384615384615385 0.08974358974358974
1 0.55 0.8025641025641026 0.05897435897435897 0.09487179487179487
1 0.41025641025641024 0.8205128205128205 0.07692307692307693 0.11025641025641025
1 0.23846153846153847 0.8538461538461538 0.08205128205128205 0.13076923076923078
1 0.06282051282051282 0.9576923076923077 0.12564102564102564 0.08461538461538462