0 0.672979797979798 0.010101010101010102 0.07323232323232323 0.020202020202020204
1 0.6553030303030303 0.0707070707070707 0.05303030303030303 0.03535353535353535
1 0.6527777777777778 0.14267676767676768 0.045454545454545456 0.020202020202020204
1 0.6515151515151515 0.22348484848484848 0.04292929292929293 0.030303030303030304
1 0.6704545454545454 0.3207070707070707 0.03535353535353535 0.030303030303030304
1 0.6994949494949495 0.255050505050505 0.06060606060606061 0.020202020202020204
1 0.7411616161616161 0.2967171717171717 0.08585858585858586 0.050505050505050504
1 0.7525252525252525 0.3787878787878788 0.08838383838383838 0.05303030303030303
1 0.7651515151515151 0.45580808080808083 0.09343434343434344 0.05808080808080808
1 0.7828282828282829 0.5934343434343434 0.10858585858585859 0.07575757575757576
1 0.8156565656565656 0.7626262626262627 0.12878787878787878 0.08080808080808081
1 0.9381313131313131 0.9368686868686869 0.12373737373737374 0.12626262626262627