1 0.7021276595744681 0.27393617021276595 0.0425531914893617 0.010638297872340425
1 0.726063829787234 0.25132978723404253 0.047872340425531915 0.026595744680851064
1 0.7566489361702128 0.16356382978723405 0.05851063829787234 0.023936170212765957
1 0.7047872340425532 0.1422872340425532 0.04521276595744681 0.018617021276595744
1 0.7074468085106383 0.05319148936170213 0.05319148936170213 0.02925531914893617
1 0.788563829787234 0.21409574468085107 0.09308510638297872 0.047872340425531915
1 0.8031914893617021 0.3098404255319149 0.09308510638297872 0.02925531914893617
1 0.8337765957446809 0.3962765957446808 0.11702127659574468 0.06914893617021277
1 0.8430851063829787 0.538563829787234 0.10372340425531915 0.06648936170212766
1 0.8789893617021277 0.714095744680851 0.14361702127659576 0.09308510638297872
1 0.9840425531914894 0.9308510638297872 0.031914893617021274 0.13829787234042554