1 0.7727272727272727 0.7058823529411765 0.0106951871657754 0.0427807486631016
1 0.7954545454545454 0.7299465240641712 0.026737967914438502 0.0481283422459893
1 0.8836898395721925 0.7606951871657754 0.02406417112299465 0.058823529411764705
1 0.9050802139037433 0.7085561497326203 0.01871657754010695 0.045454545454545456
1 0.9893048128342246 0.7112299465240641 0.0213903743315508 0.053475935828877004
1 0.8328877005347594 0.7927807486631016 0.0481283422459893 0.09358288770053476
1 0.7366310160427807 0.8074866310160428 0.029411764705882353 0.09358288770053476
1 0.6497326203208557 0.8382352941176471 0.06951871657754011 0.11764705882352941
1 0.5066844919786097 0.8475935828877005 0.06684491978609626 0.10427807486631016
1 0.3302139037433155 0.8836898395721925 0.09358288770053476 0.1443850267379679
1 0.10695187165775401 0.9866310160427807 0.1497326203208556 0.026737967914438502