1 0.6554726368159204 0.008706467661691543 0.06218905472636816 0.017412935323383085
1 0.6592039800995025 0.07587064676616916 0.04477611940298507 0.024875621890547265
1 0.6592039800995025 0.15422885572139303 0.04228855721393035 0.024875621890547265
1 0.6666666666666666 0.26865671641791045 0.05721393034825871 0.03482587064676617
1 0.7077114427860697 0.17537313432835822 0.06716417910447761 0.017412935323383085
1 0.7450248756218906 0.2263681592039801 0.08706467661691543 0.04975124378109453
1 0.7549751243781094 0.30845771144278605 0.0845771144278607 0.05223880597014925
1 0.7848258706467661 0.39303482587064675 0.09203980099502487 0.05721393034825871
1 0.7972636815920398 0.5323383084577115 0.10696517412935323 0.06716417910447761
1 0.8308457711442786 0.7052238805970149 0.12189054726368159 0.08955223880597014
1 0.9552238805970149 0.9203980099502488 0.08955223880597014 0.14427860696517414