1 0.7085427135678392 0.33040201005025127 0.04522613065326633 0.03768844221105527
1 0.707286432160804 0.37814070351758794 0.052763819095477386 0.02763819095477387
1 0.6859296482412061 0.4020100502512563 0.04773869346733668 0.02512562814070352
1 0.6771356783919598 0.33542713567839194 0.032663316582914576 0.032663316582914576
1 0.6746231155778895 0.27261306532663315 0.035175879396984924 0.010050251256281407
1 0.6721105527638191 0.19472361809045227 0.04773869346733668 0.02763819095477387
1 0.6721105527638191 0.11809045226130653 0.04522613065326633 0.03768844221105527
1 0.7977386934673367 0.32537688442211055 0.10050251256281408 0.0728643216080402
1 0.8291457286432161 0.43090452261306533 0.11055276381909548 0.06281407035175879
1 0.8731155778894473 0.535175879396985 0.135678391959799 0.07788944723618091
1 0.9258793969849246 0.7826633165829145 0.14824120603015076 0.12814070351758794
0 0.6972361809045227 0.020100502512562814 0.07035175879396985 0.032663316582914576