0 0.8121827411167513 0.006345177664974619 0.116751269035533 0.012690355329949238
0 0.7639593908629442 0.03934010152284264 0.08375634517766498 0.048223350253807105
0 0.7347715736040609 0.12690355329949238 0.09137055837563451 0.048223350253807105
0 0.733502538071066 0.20050761421319796 0.07614213197969544 0.050761421319796954
0 0.7055837563451777 0.27411167512690354 0.08121827411167512 0.04314720812182741
0 0.6903553299492385 0.005076142131979695 0.05583756345177665 0.01015228426395939
0 0.6814720812182741 0.2131979695431472 0.02284263959390863 0.03299492385786802
1 0.6611675126903553 0.19416243654822335 0.03553299492385787 0.025380710659898477
1 0.6687817258883249 0.31091370558375636 0.04060913705583756 0.015228426395939087
1 0.6751269035532995 0.3769035532994924 0.03807106598984772 0.030456852791878174
1 0.6687817258883249 0.4530456852791878 0.050761421319796954 0.025380710659898477
1 0.6890862944162437 0.6941624365482234 0.050761421319796954 0.015228426395939087
1 0.7157360406091371 0.666243654822335 0.06345177664974619 0.03299492385786802
1 0.6586294416243654 0.6040609137055838 0.03553299492385787 0.025380710659898477
1 0.7296954314720813 0.6078680203045685 0.06598984771573604 0.04314720812182741
1 0.8781725888324873 0.6116751269035533 0.17258883248730963 0.1065989847715736
1 0.9289340101522843 0.7893401015228426 0.14213197969543148 0.12690355329949238