0 0.2342931937172775 0.9908376963350786 0.08638743455497382 0.01832460732984293
0 0.2630890052356021 0.9162303664921466 0.09424083769633508 0.049738219895287955
0 0.2643979057591623 0.8403141361256544 0.07853403141361257 0.05235602094240838
0 0.2931937172774869 0.7643979057591623 0.08376963350785341 0.04450261780104712
0 0.3180628272251309 0.8272251308900523 0.02356020942408377 0.034031413612565446
1 0.3390052356020942 0.8468586387434555 0.03664921465968586 0.02617801047120419
1 0.331151832460733 0.7264397905759162 0.041884816753926704 0.015706806282722512
1 0.32460732984293195 0.6583769633507853 0.03926701570680628 0.031413612565445025
1 0.331151832460733 0.5798429319371727 0.05235602094240838 0.02617801047120419
1 0.3102094240837696 0.331151832460733 0.05235602094240838 0.015706806282722512
1 0.28272251308900526 0.3599476439790576 0.06544502617801047 0.034031413612565446
1 0.3416230366492147 0.42408376963350786 0.03664921465968586 0.02617801047120419
1 0.2683246073298429 0.4201570680628272 0.06806282722513089 0.04450261780104712
1 0.11518324607329843 0.4162303664921466 0.17801047120418848 0.1099476439790576
1 0.06806282722513089 0.23298429319371727 0.13612565445026178 0.13089005235602094