0 0.8198924731182796 0.8723118279569892 0.0913978494623656 0.04838709677419355
0 0.7782258064516129 0.7029569892473119 0.12634408602150538 0.05913978494623656
0 0.7849462365591398 0.48655913978494625 0.10483870967741936 0.06451612903225806
0 0.7997311827956989 0.3575268817204301 0.10215053763440861 0.043010752688172046
0 0.8225806451612904 0.2271505376344086 0.08870967741935484 0.053763440860215055
0 0.8548387096774194 0.11290322580645161 0.10215053763440861 0.06720430107526881
0 0.8817204301075269 0.013440860215053764 0.08602150537634409 0.026881720430107527
1 0.2916666666666667 0.056451612903225805 0.17204301075268819 0.08333333333333333
1 0.1693548387096774 0.22446236559139784 0.16666666666666666 0.10483870967741936
1 0.0793010752688172 0.4543010752688172 0.1586021505376344 0.0967741935483871
1 0.09005376344086022 0.8198924731182796 0.1774193548387097 0.10215053763440861