0 0.20320855614973263 0.09224598930481283 0.09090909090909091 0.0481283422459893
0 0.2446524064171123 0.2606951871657754 0.12566844919786097 0.058823529411764705
0 0.23796791443850268 0.47593582887700536 0.10427807486631016 0.06417112299465241
0 0.2232620320855615 0.6042780748663101 0.10160427807486631 0.0427807486631016
0 0.20053475935828877 0.733957219251337 0.08823529411764706 0.053475935828877004
0 0.16844919786096257 0.8475935828877005 0.10160427807486631 0.06684491978609626
0 0.14304812834224598 0.9612299465240641 0.0855614973262032 0.05614973262032086
1 0.7286096256684492 0.9037433155080213 0.1711229946524064 0.08288770053475936
1 0.8502673796791443 0.7366310160427807 0.1657754010695187 0.10427807486631016
1 0.93048128342246 0.5080213903743316 0.13903743315508021 0.0962566844919786
1 0.9197860962566845 0.1443850267379679 0.16042780748663102 0.10160427807486631