1 0.09068627450980392 0.8100490196078431 0.14705882352941177 0.09803921568627451
1 0.07230392156862746 0.47181372549019607 0.14460784313725492 0.09068627450980392
1 0.1715686274509804 0.2610294117647059 0.11274509803921569 0.08333333333333333
1 0.2928921568627451 0.10661764705882353 0.14705882352941177 0.06862745098039216
0 0.8198529411764706 0.058823529411764705 0.08088235294117647 0.05392156862745098
0 0.7990196078431373 0.16789215686274508 0.10294117647058823 0.049019607843137254
0 0.7671568627450981 0.26715686274509803 0.09803921568627451 0.056372549019607844
0 0.7475490196078431 0.3909313725490196 0.08823529411764706 0.041666666666666664
0 0.7303921568627451 0.5024509803921569 0.08823529411764706 0.049019607843137254
0 0.7267156862745098 0.7022058823529411 0.08823529411764706 0.049019607843137254
0 0.7598039215686274 0.8566176470588235 0.07598039215686274 0.04411764705882353