1 0.8247422680412371 0.9278350515463918 0.10309278350515463 0.14432989690721648
1 0.47036082474226804 0.9381443298969072 0.09536082474226804 0.12371134020618557
1 0.24871134020618557 0.8479381443298969 0.08762886597938144 0.11855670103092783
1 0.08634020618556701 0.720360824742268 0.07216494845360824 0.15463917525773196
0 0.03608247422680412 0.16623711340206185 0.05670103092783505 0.08505154639175258
0 0.15077319587628865 0.18814432989690721 0.05154639175257732 0.10824742268041238
0 0.2551546391752577 0.22164948453608246 0.059278350515463915 0.10309278350515463
0 0.3853092783505155 0.2422680412371134 0.04381443298969072 0.09278350515463918
0 0.5025773195876289 0.2603092783505155 0.05154639175257732 0.09278350515463918
0 0.7126288659793815 0.26417525773195877 0.05154639175257732 0.09278350515463918
0 0.875 0.22938144329896906 0.04639175257731959 0.07989690721649484