0 0.746268656716418 0.8868159203980099 0.09701492537313433 0.05223880597014925
0 0.7201492537313433 0.7263681592039801 0.09203980099502487 0.04477611940298507
0 0.7213930348258707 0.5186567164179104 0.08955223880597014 0.04975124378109453
0 0.7412935323383084 0.4092039800995025 0.08955223880597014 0.03731343283582089
0 0.7624378109452736 0.2848258706467662 0.08955223880597014 0.04477611940298507
0 0.804726368159204 0.1853233830845771 0.07711442786069651 0.04228855721393035
0 0.8208955223880597 0.07835820895522388 0.07711442786069651 0.04477611940298507
1 0.3718905472636816 0.01990049751243781 0.12189054726368159 0.03980099502487562
1 0.2972636815920398 0.12686567164179105 0.1318407960199005 0.07462686567164178
1 0.15422885572139303 0.2798507462686567 0.1517412935323383 0.10199004975124377
1 0.06840796019900497 0.4937810945273632 0.13681592039800994 0.09203980099502487
1 0.06840796019900497 0.832089552238806 0.13681592039800994 0.08208955223880597