0 0.7524752475247525 0.8774752475247525 0.09653465346534654 0.05198019801980198
0 0.7264851485148515 0.7178217821782178 0.09158415841584158 0.04455445544554455
0 0.7277227722772277 0.5111386138613861 0.0891089108910891 0.04950495049504951
0 0.7475247524752475 0.40222772277227725 0.0891089108910891 0.03712871287128713
0 0.7685643564356436 0.2784653465346535 0.0891089108910891 0.04455445544554455
0 0.8106435643564357 0.17945544554455445 0.07673267326732673 0.04207920792079208
0 0.8267326732673267 0.07301980198019802 0.07673267326732673 0.04455445544554455
1 0.37995049504950495 0.017326732673267328 0.12128712871287128 0.034653465346534656
1 0.3056930693069307 0.12128712871287128 0.1311881188118812 0.07425742574257425
1 0.16336633663366337 0.27351485148514854 0.15099009900990099 0.10148514851485149
1 0.07425742574257425 0.4863861386138614 0.14108910891089108 0.09158415841584158
1 0.07301980198019802 0.823019801980198 0.14603960396039603 0.08168316831683169