0 0.1597560975609756 0.9829268292682927 0.06585365853658537 0.03414634146341464
0 0.17560975609756097 0.9036585365853659 0.07317073170731707 0.05365853658536585
0 0.19390243902439025 0.7926829268292683 0.08048780487804878 0.04878048780487805
0 0.22073170731707317 0.7 0.07804878048780488 0.04878048780487805
0 0.24878048780487805 0.5756097560975609 0.05853658536585366 0.03170731707317073
0 0.27439024390243905 0.46707317073170734 0.1073170731707317 0.05365853658536585
0 0.2865853658536585 0.26097560975609757 0.08536585365853659 0.05121951219512195
0 0.2548780487804878 0.1073170731707317 0.05853658536585366 0.04878048780487805
1 0.5926829268292683 0.9695121951219512 0.13170731707317074 0.06097560975609756
1 0.6780487804878049 0.8560975609756097 0.12195121951219512 0.08048780487804878
1 0.8109756097560976 0.7073170731707317 0.14390243902439023 0.09268292682926829
1 0.9195121951219513 0.5048780487804878 0.15121951219512195 0.1
1 0.925609756097561 0.16097560975609757 0.14878048780487804 0.0975609756097561