0 0.13520408163265307 0.9451530612244898 0.07653061224489796 0.05612244897959184
0 0.15433673469387754 0.8290816326530612 0.08418367346938775 0.05102040816326531
0 0.18239795918367346 0.7321428571428571 0.08163265306122448 0.05102040816326531
0 0.21173469387755103 0.6020408163265306 0.061224489795918366 0.03316326530612245
0 0.2385204081632653 0.4885204081632653 0.11224489795918367 0.05612244897959184
0 0.2512755102040816 0.2729591836734694 0.08928571428571429 0.05357142857142857
0 0.2181122448979592 0.11224489795918367 0.061224489795918366 0.05102040816326531
1 0.5714285714285714 0.9910714285714286 0.1377551020408163 0.017857142857142856
1 0.6607142857142857 0.8954081632653061 0.12755102040816327 0.08418367346938775
1 0.7997448979591837 0.7397959183673469 0.15051020408163265 0.09693877551020408
1 0.9132653061224489 0.5280612244897959 0.15816326530612246 0.10459183673469388
1 0.9209183673469388 0.1683673469387755 0.15816326530612246 0.10204081632653061