1 0.4162621359223301 0.05946601941747573 0.12135922330097088 0.06553398058252427
1 0.32160194174757284 0.17233009708737865 0.13106796116504854 0.07766990291262135
1 0.1953883495145631 0.3131067961165049 0.14320388349514562 0.07281553398058252
1 0.08373786407766991 0.5206310679611651 0.1553398058252427 0.08980582524271845
1 0.0691747572815534 0.8531553398058253 0.1383495145631068 0.07524271844660194
0 0.8531553398058253 0.0412621359223301 0.08980582524271845 0.04854368932038835
0 0.8410194174757282 0.12985436893203883 0.08980582524271845 0.04611650485436893
0 0.8070388349514563 0.23300970873786409 0.10679611650485436 0.04611650485436893
0 0.7839805825242718 0.3313106796116505 0.09223300970873786 0.03640776699029126
0 0.75 0.4526699029126214 0.09223300970873786 0.03155339805825243
0 0.7330097087378641 0.5606796116504854 0.08980582524271845 0.03398058252427184
0 0.7050970873786407 0.7621359223300971 0.0970873786407767 0.055825242718446605
0 0.7330097087378641 0.9174757281553398 0.09223300970873786 0.055825242718446605