1 0.41502463054187194 0.05541871921182266 0.12315270935960591 0.0665024630541872
1 0.31896551724137934 0.16995073891625614 0.1330049261083744 0.07881773399014778
1 0.19088669950738915 0.312807881773399 0.14532019704433496 0.07389162561576355
1 0.07881773399014778 0.5233990147783252 0.15763546798029557 0.09113300492610837
1 0.0665024630541872 0.8608374384236454 0.1330049261083744 0.07635467980295567
0 0.8583743842364532 0.03694581280788178 0.09113300492610837 0.04926108374384237
0 0.8460591133004927 0.1268472906403941 0.09113300492610837 0.046798029556650245
0 0.8115763546798029 0.2315270935960591 0.10837438423645321 0.046798029556650245
0 0.7881773399014779 0.3312807881773399 0.09359605911330049 0.03694581280788178
0 0.7536945812807881 0.4544334975369458 0.09359605911330049 0.03201970443349754
0 0.7364532019704434 0.5640394088669951 0.09113300492610837 0.034482758620689655
0 0.708128078817734 0.7684729064039408 0.09852216748768473 0.05665024630541872
0 0.7364532019704434 0.9261083743842364 0.09359605911330049 0.05665024630541872