0 0.7153465346534653 0.9455445544554455 0.09158415841584158 0.04950495049504951
0 0.7042079207920792 0.7784653465346535 0.09653465346534654 0.04702970297029703
0 0.724009900990099 0.5705445544554455 0.07178217821782178 0.03712871287128713
0 0.7487623762376238 0.46782178217821785 0.08168316831683169 0.0297029702970297
0 0.7883663366336634 0.3378712871287129 0.09653465346534654 0.04702970297029703
0 0.823019801980198 0.24257425742574257 0.0891089108910891 0.04950495049504951
0 0.8514851485148515 0.14232673267326731 0.08168316831683169 0.04455445544554455
0 0.8688118811881188 0.053217821782178217 0.0891089108910891 0.039603960396039604
1 0.42326732673267325 0.0594059405940594 0.11386138613861387 0.07425742574257425
1 0.3292079207920792 0.18316831683168316 0.12623762376237624 0.07673267326732673
1 0.18811881188118812 0.32054455445544555 0.14108910891089108 0.09653465346534654
1 0.07054455445544554 0.5284653465346535 0.14108910891089108 0.10148514851485149
1 0.05693069306930693 0.875 0.11386138613861387 0.10643564356435643