0 0.7270408163265306 0.9336734693877551 0.09438775510204081 0.05102040816326531
0 0.7155612244897959 0.7614795918367347 0.09948979591836735 0.04846938775510204
0 0.735969387755102 0.5471938775510204 0.07397959183673469 0.03826530612244898
0 0.7614795918367347 0.4413265306122449 0.08418367346938775 0.030612244897959183
0 0.8022959183673469 0.30739795918367346 0.09948979591836735 0.04846938775510204
0 0.8380102040816326 0.20918367346938777 0.09183673469387756 0.05102040816326531
0 0.8673469387755102 0.10586734693877552 0.08418367346938775 0.04591836734693878
0 0.8852040816326531 0.016581632653061226 0.09183673469387756 0.03316326530612245
1 0.4260204081632653 0.029336734693877552 0.11734693877551021 0.058673469387755105
1 0.32908163265306123 0.14795918367346939 0.13010204081632654 0.07908163265306123
1 0.1836734693877551 0.2895408163265306 0.14540816326530612 0.09948979591836735
1 0.06760204081632654 0.5038265306122449 0.13520408163265307 0.10459183673469388
1 0.05357142857142857 0.860969387755102 0.10714285714285714 0.1096938775510204