1 0.9368932038834952 0.11286407766990292 0.1262135922330097 0.11407766990291263
1 0.9138349514563107 0.4526699029126214 0.14805825242718446 0.10922330097087378
1 0.7888349514563107 0.6589805825242718 0.1262135922330097 0.08980582524271845
1 0.6516990291262136 0.7961165048543689 0.11893203883495146 0.08737864077669903
1 0.558252427184466 0.9114077669902912 0.11165048543689321 0.08980582524271845
1 0.45995145631067963 0.9902912621359223 0.09466019417475728 0.019417475728155338
0 0.2779126213592233 0.04611650485436893 0.08009708737864078 0.06796116504854369
0 0.2924757281553398 0.20752427184466019 0.08495145631067962 0.0703883495145631
0 0.26941747572815533 0.41140776699029125 0.07281553398058252 0.06067961165048544
0 0.24150485436893204 0.5133495145631068 0.07524271844660194 0.02669902912621359
0 0.20631067961165048 0.6371359223300971 0.07281553398058252 0.050970873786407765
0 0.17597087378640777 0.7281553398058253 0.07524271844660194 0.05339805825242718
0 0.14441747572815533 0.8313106796116505 0.07524271844660194 0.06067961165048544
0 0.12864077669902912 0.9162621359223301 0.06796116504854369 0.0412621359223301
0 0.10194174757281553 0.9817961165048543 0.06796116504854369 0.03640776699029126