1 0.055693069306930694 0.9096534653465347 0.11138613861386139 0.11633663366336634
1 0.07301980198019802 0.5631188118811881 0.14603960396039603 0.11138613861386139
1 0.19801980198019803 0.3527227722772277 0.12871287128712872 0.09158415841584158
1 0.3378712871287129 0.21287128712871287 0.12128712871287128 0.0891089108910891
1 0.43316831683168316 0.0952970297029703 0.11386138613861387 0.09158415841584158
1 0.5334158415841584 0.013613861386138614 0.09653465346534654 0.022277227722772276
0 0.719059405940594 0.9715346534653465 0.08168316831683169 0.05693069306930693
0 0.7042079207920792 0.8131188118811881 0.08663366336633663 0.07178217821782178
0 0.7277227722772277 0.6051980198019802 0.07425742574257425 0.06188118811881188
0 0.7561881188118812 0.5012376237623762 0.07673267326732673 0.027227722772277228
0 0.7920792079207921 0.375 0.07425742574257425 0.05198019801980198
0 0.823019801980198 0.28217821782178215 0.07673267326732673 0.054455445544554455
0 0.8551980198019802 0.17698019801980197 0.07673267326732673 0.06188118811881188
0 0.8712871287128713 0.09034653465346534 0.06930693069306931 0.04207920792079208
0 0.8985148514851485 0.022277227722772276 0.06930693069306931 0.039603960396039604