1 0.946969696969697 0.9444444444444444 0.10101010101010101 0.1111111111111111
1 0.5883838383838383 0.9292929292929293 0.08080808080808081 0.1414141414141414
1 0.37752525252525254 0.7992424242424242 0.06818181818181818 0.1388888888888889
1 0.2335858585858586 0.6477272727272727 0.0707070707070707 0.11616161616161616
1 0.12121212121212122 0.5454545454545454 0.05555555555555555 0.09848484848484848
1 0.02904040404040404 0.4595959595959596 0.05808080808080808 0.12626262626262627
0 0.045454545454545456 0.08838383838383838 0.04292929292929293 0.0707070707070707
0 0.1111111111111111 0.1148989898989899 0.04292929292929293 0.08333333333333333
0 0.20202020202020202 0.13257575757575757 0.050505050505050504 0.07575757575757576
0 0.30176767676767674 0.16035353535353536 0.047979797979797977 0.09595959595959595
0 0.4027777777777778 0.1919191919191919 0.047979797979797977 0.09595959595959595
0 0.5340909090909091 0.2335858585858586 0.020202020202020204 0.08080808080808081
0 0.6363636363636364 0.26641414141414144 0.050505050505050504 0.09090909090909091
0 0.8484848484848485 0.28914141414141414 0.047979797979797977 0.10606060606060606