1 0.9362745098039216 0.9448529411764706 0.09803921568627451 0.11029411764705882
1 0.5882352941176471 0.9301470588235294 0.0784313725490196 0.13970588235294118
1 0.38357843137254904 0.8026960784313726 0.0661764705882353 0.13480392156862744
1 0.24387254901960784 0.6556372549019608 0.06862745098039216 0.11274509803921569
1 0.13480392156862744 0.5563725490196079 0.05392156862745098 0.09558823529411764
1 0.0392156862745098 0.4730392156862745 0.07107843137254902 0.12254901960784313
0 0.061274509803921566 0.11274509803921569 0.041666666666666664 0.06862745098039216
0 0.125 0.13848039215686275 0.041666666666666664 0.08088235294117647
0 0.21323529411764705 0.1556372549019608 0.049019607843137254 0.07352941176470588
0 0.31004901960784315 0.18259803921568626 0.04656862745098039 0.09313725490196079
0 0.40808823529411764 0.21323529411764705 0.04656862745098039 0.09313725490196079
0 0.5355392156862745 0.2536764705882353 0.0196078431372549 0.0784313725490196
0 0.6348039215686274 0.2855392156862745 0.049019607843137254 0.08823529411764706
0 0.8406862745098039 0.3075980392156863 0.04656862745098039 0.10294117647058823
0 0.9950980392156863 0.2855392156862745 0.00980392156862745 0.0857843137254902