1 0.45935960591133007 0.9495073891625616 0.12315270935960591 0.07635467980295567
1 0.5541871921182266 0.8497536945812808 0.11576354679802955 0.059113300492610835
1 0.6539408866995073 0.7364532019704434 0.1330049261083744 0.07635467980295567
1 0.8054187192118226 0.5911330049261084 0.1724137931034483 0.0960591133004926
1 0.9261083743842364 0.3854679802955665 0.1477832512315271 0.0960591133004926
1 0.9507389162561576 0.0480295566502463 0.09852216748768473 0.0812807881773399
0 0.29433497536945813 0.1416256157635468 0.10344827586206896 0.05172413793103448
0 0.270935960591133 0.35344827586206895 0.08866995073891626 0.046798029556650245
0 0.24753694581280788 0.4433497536945813 0.07881773399014778 0.027093596059113302
0 0.20935960591133004 0.5812807881773399 0.07881773399014778 0.03694581280788178
0 0.17118226600985223 0.6736453201970444 0.07389162561576355 0.03694581280788178
0 0.1416256157635468 0.7746305418719212 0.06403940886699508 0.029556650246305417
0 0.1206896551724138 0.853448275862069 0.0665024630541872 0.03940886699507389
0 0.10098522167487685 0.9224137931034483 0.05172413793103448 0.04187192118226601