0 0.93359375 0.109375 0.07552083333333333 0.0546875
0 0.8997395833333334 0.17838541666666666 0.07291666666666667 0.057291666666666664
0 0.88671875 0.2591145833333333 0.07291666666666667 0.046875
0 0.8515625 0.3645833333333333 0.1015625 0.057291666666666664
0 0.80859375 0.4622395833333333 0.08072916666666667 0.052083333333333336
0 0.7786458333333334 0.6080729166666666 0.0703125 0.041666666666666664
0 0.7421875 0.703125 0.1015625 0.0625
0 0.7109375 0.9309895833333334 0.11197916666666667 0.06510416666666667
1 0.06901041666666667 0.6536458333333334 0.13802083333333334 0.09895833333333333
1 0.203125 0.4427083333333333 0.140625 0.06770833333333333
1 0.3450520833333333 0.2916666666666667 0.125 0.08333333333333333
1 0.4505208333333333 0.17578125 0.10416666666666667 0.06510416666666667
1 0.5611979166666666 0.07421875 0.1015625 0.0703125