0 0.11421319796954314 0.0850253807106599 0.0532994923857868 0.07360406091370558
0 0.1814720812182741 0.11802030456852793 0.05583756345177665 0.07106598984771574
0 0.26015228426395937 0.13071065989847716 0.04568527918781726 0.07106598984771574
0 0.3629441624365482 0.1649746192893401 0.05583756345177665 0.09898477157360407
0 0.4581218274111675 0.2068527918781726 0.050761421319796954 0.07868020304568528
0 0.600253807106599 0.23604060913705585 0.04060913705583756 0.06852791878172589
0 0.6928934010152284 0.2715736040609137 0.06091370558375635 0.09898477157360407
0 0.9149746192893401 0.3020304568527919 0.06345177664974619 0.10913705583756345
1 0.9847715736040609 0.9670050761421319 0.030456852791878174 0.06598984771573604
1 0.6446700507614214 0.9302030456852792 0.09644670050761421 0.13959390862944163
1 0.43908629441624364 0.7969543147208121 0.06598984771573604 0.13705583756345177
1 0.2918781725888325 0.6586294416243654 0.08121827411167512 0.1218274111675127
1 0.17893401015228427 0.5558375634517766 0.06345177664974619 0.10152284263959391
1 0.0799492385786802 0.4479695431472081 0.06852791878172589 0.09898477157360407