1 0.0701058201058201 0.455026455026455 0.06613756613756613 0.10846560846560846
1 0.1746031746031746 0.5648148148148148 0.10317460317460317 0.13227513227513227
1 0.2896825396825397 0.6693121693121693 0.08994708994708994 0.1349206349206349
1 0.4417989417989418 0.8227513227513228 0.10052910052910052 0.15873015873015872
1 0.66005291005291 0.9470899470899471 0.10317460317460317 0.10582010582010581
0 0.9365079365079365 0.31613756613756616 0.06613756613756613 0.1111111111111111
0 0.7063492063492064 0.27380952380952384 0.05555555555555555 0.10052910052910052
0 0.4603174603174603 0.1970899470899471 0.05026455026455026 0.08465608465608465
0 0.6018518518518519 0.2447089947089947 0.015873015873015872 0.0582010582010582
0 0.2671957671957672 0.12433862433862433 0.06349206349206349 0.09788359788359788
0 0.3611111111111111 0.17063492063492064 0.042328042328042326 0.09523809523809523
0 0.1693121693121693 0.10714285714285714 0.047619047619047616 0.08465608465608465
0 0.09788359788359788 0.06878306878306878 0.04497354497354497 0.06349206349206349