1 0.574390243902439 0.00853658536585366 0.1 0.01707317073170732
1 0.524390243902439 0.09390243902439024 0.1 0.06097560975609756
1 0.42317073170731706 0.1902439024390244 0.12195121951219512 0.0951219512195122
1 0.32682926829268294 0.29634146341463413 0.12439024390243902 0.08292682926829269
1 0.18536585365853658 0.43658536585365854 0.14634146341463414 0.09268292682926829
1 0.05975609756097561 0.6378048780487805 0.11951219512195121 0.0951219512195122
1 0.024390243902439025 0.974390243902439 0.04878048780487805 0.05121951219512195
0 0.6524390243902439 0.8926829268292683 0.1024390243902439 0.06097560975609756
0 0.6914634146341463 0.6804878048780488 0.09268292682926829 0.05121951219512195
0 0.7621951219512195 0.45365853658536587 0.07804878048780488 0.046341463414634146
0 0.7182926829268292 0.5841463414634146 0.05365853658536585 0.014634146341463415
0 0.8292682926829268 0.275609756097561 0.09024390243902439 0.05853658536585366
0 0.7865853658536586 0.3621951219512195 0.08780487804878048 0.03902439024390244
0 0.8451219512195122 0.18536585365853658 0.07804878048780488 0.04390243902439024
0 0.8804878048780488 0.11951219512195121 0.05853658536585366 0.041463414634146344
0 0.9036585365853659 0.015853658536585366 0.07073170731707316 0.03170731707317073