0 0.8891625615763546 0.038177339901477834 0.07881773399014778 0.046798029556650245
0 0.8596059113300493 0.15024630541871922 0.08374384236453201 0.04187192118226601
0 0.833743842364532 0.21674876847290642 0.07635467980295567 0.04926108374384237
0 0.8152709359605911 0.29802955665024633 0.07389162561576355 0.04433497536945813
0 0.7807881773399015 0.3879310344827586 0.09113300492610837 0.054187192118226604
0 0.7426108374384236 0.4815270935960591 0.08374384236453201 0.054187192118226604
0 0.666256157635468 0.7093596059113301 0.07881773399014778 0.04433497536945813
0 0.624384236453202 0.9273399014778325 0.11576354679802955 0.059113300492610835
1 0.5665024630541872 0.019704433497536946 0.08866995073891626 0.03940886699507389
1 0.5184729064039408 0.11822660098522167 0.08374384236453201 0.06403940886699508
1 0.4187192118226601 0.20812807881773399 0.08866995073891626 0.06403940886699508
1 0.31403940886699505 0.32389162561576357 0.10344827586206896 0.059113300492610835
1 0.14655172413793102 0.45689655172413796 0.12561576354679804 0.08866995073891626
1 0.04310344827586207 0.6600985221674877 0.08620689655172414 0.06896551724137931