0 0.9132653061224489 0.008928571428571428 0.08163265306122448 0.017857142857142856
0 0.8826530612244898 0.1096938775510204 0.08673469387755102 0.04336734693877551
0 0.8558673469387755 0.17857142857142858 0.07908163265306123 0.05102040816326531
0 0.8367346938775511 0.2627551020408163 0.07653061224489796 0.04591836734693878
0 0.8010204081632653 0.35586734693877553 0.09438775510204081 0.05612244897959184
0 0.7614795918367347 0.4528061224489796 0.08673469387755102 0.05612244897959184
0 0.6823979591836735 0.6887755102040817 0.08163265306122448 0.04591836734693878
0 0.639030612244898 0.9145408163265306 0.11989795918367346 0.061224489795918366
1 0.5293367346938775 0.07653061224489796 0.08673469387755102 0.0663265306122449
1 0.4260204081632653 0.16964285714285715 0.09183673469387756 0.0663265306122449
1 0.31760204081632654 0.2895408163265306 0.10714285714285714 0.061224489795918366
1 0.1441326530612245 0.4272959183673469 0.13010204081632654 0.09183673469387756
1 0.04081632653061224 0.6377551020408163 0.08163265306122448 0.07142857142857142