1 0.03534031413612566 0.4869109947643979 0.060209424083769635 0.09162303664921466
1 0.15575916230366493 0.5287958115183246 0.06544502617801047 0.10732984293193717
1 0.24476439790575916 0.6518324607329843 0.06282722513089005 0.10471204188481675
1 0.362565445026178 0.7643979057591623 0.07591623036649214 0.13612565445026178
1 0.506544502617801 0.9227748691099477 0.07591623036649214 0.1544502617801047
0 0.07068062827225131 0.14136125654450263 0.04450261780104712 0.08115183246073299
0 0.18586387434554974 0.17015706806282724 0.03664921465968586 0.060209424083769635
0 0.25392670157068065 0.20680628272251309 0.041884816753926704 0.09947643979057591
0 0.337696335078534 0.23167539267015708 0.041884816753926704 0.08638743455497382
0 0.43848167539267013 0.2670157068062827 0.05235602094240838 0.10471204188481675
0 0.5287958115183246 0.306282722513089 0.049738219895287955 0.09424083769633508
0 0.7761780104712042 0.39790575916230364 0.041884816753926704 0.10209424083769633
0 0.9921465968586387 0.43848167539267013 0.015706806282722512 0.10209424083769633