1 0.5024390243902439 0.9597560975609756 0.07804878048780488 0.08048780487804878
1 0.38170731707317074 0.823170731707317 0.06097560975609756 0.11707317073170732
1 0.26951219512195124 0.7329268292682927 0.07804878048780488 0.11219512195121951
1 0.18292682926829268 0.6231707317073171 0.07317073170731707 0.09268292682926829
1 0.07926829268292683 0.5792682926829268 0.07560975609756097 0.1024390243902439
0 0.973170731707317 0.5292682926829269 0.05365853658536585 0.12439024390243902
0 0.751219512195122 0.4951219512195122 0.04878048780487805 0.0975609756097561
0 0.624390243902439 0.4609756097560976 0.00975609756097561 0.08536585365853659
0 0.525609756097561 0.4121951219512195 0.03902439024390244 0.07804878048780488
0 0.44390243902439025 0.3621951219512195 0.036585365853658534 0.046341463414634146
0 0.35121951219512193 0.3402439024390244 0.04878048780487805 0.07560975609756097
0 0.2731707317073171 0.32195121951219513 0.046341463414634146 0.07560975609756097
0 0.20853658536585365 0.30121951219512194 0.036585365853658534 0.05121951219512195
0 0.11219512195121951 0.2841463414634146 0.02926829268292683 0.05121951219512195
0 0.03048780487804878 0.26951219512195124 0.04390243902439024 0.05121951219512195
0 0.01097560975609756 0.16585365853658537 0.02195121951219512 0.05853658536585366
0 0.05853658536585366 0.12682926829268293 0.01951219512195122 0.04390243902439024
0 0.11097560975609756 0.09634146341463415 0.01707317073170732 0.04390243902439024