1 0.9587378640776699 0.5024271844660194 0.0825242718446602 0.07766990291262135
1 0.8216019417475728 0.6225728155339806 0.11650485436893204 0.06067961165048544
1 0.7317961165048543 0.7342233009708737 0.11165048543689321 0.07766990291262135
1 0.6225728155339806 0.8203883495145631 0.09223300970873786 0.07281553398058252
1 0.5788834951456311 0.9235436893203883 0.10194174757281553 0.07524271844660194
0 0.529126213592233 0.03398058252427184 0.12378640776699029 0.05339805825242718
0 0.49514563106796117 0.25485436893203883 0.0970873786407767 0.04854368932038835
0 0.46116504854368934 0.38106796116504854 0.08495145631067962 0.009708737864077669
0 0.41262135922330095 0.47936893203883496 0.07766990291262135 0.038834951456310676
0 0.3628640776699029 0.5606796116504854 0.04611650485436893 0.03640776699029126
0 0.34101941747572817 0.6529126213592233 0.07524271844660194 0.04854368932038835
0 0.32281553398058255 0.7305825242718447 0.07524271844660194 0.04611650485436893
0 0.30218446601941745 0.7949029126213593 0.050970873786407765 0.03640776699029126
0 0.28519417475728154 0.8907766990291263 0.050970873786407765 0.02912621359223301
0 0.27063106796116504 0.9720873786407767 0.050970873786407765 0.043689320388349516
0 0.16747572815533981 0.9902912621359223 0.05825242718446602 0.019417475728155338
0 0.12864077669902912 0.9441747572815534 0.043689320388349516 0.019417475728155338
0 0.0983009708737864 0.8919902912621359 0.043689320388349516 0.01699029126213592