0 0.40445026178010474 0.9960732984293194 0.13350785340314136 0.007853403141361256
0 0.443717277486911 0.7866492146596858 0.12041884816753927 0.04450261780104712
0 0.47774869109947643 0.6479057591623036 0.0968586387434555 0.020942408376963352
0 0.5431937172774869 0.5379581151832461 0.07329842931937172 0.041884816753926704
0 0.5890052356020943 0.4476439790575916 0.0549738219895288 0.03926701570680628
0 0.5968586387434555 0.35209424083769636 0.06282722513089005 0.031413612565445025
0 0.6230366492146597 0.2683246073298429 0.07068062827225131 0.03926701570680628
0 0.6518324607329843 0.20680628272251309 0.07068062827225131 0.03926701570680628
0 0.675392670157068 0.09947643979057591 0.0549738219895288 0.041884816753926704
0 0.6819371727748691 0.01832460732984293 0.07068062827225131 0.03664921465968586
0 0.8285340314136126 0.051047120418848166 0.05235602094240838 0.02356020942408377
0 0.8586387434554974 0.0968586387434555 0.041884816753926704 0.031413612565445025
1 0.36387434554973824 0.06675392670157068 0.1099476439790576 0.060209424083769635
1 0.30497382198952877 0.17277486910994763 0.10209424083769633 0.05759162303664921
1 0.20157068062827224 0.2709424083769634 0.10471204188481675 0.06544502617801047
1 0.10209424083769633 0.38089005235602097 0.12827225130890052 0.0549738219895288