0 0.9889162561576355 0.5431034482758621 0.022167487684729065 0.12561576354679804
0 0.7844827586206896 0.5061576354679803 0.04187192118226601 0.11330049261083744
0 0.6539408866995073 0.47413793103448276 0.019704433497536946 0.09113300492610837
0 0.5504926108374384 0.4125615763546798 0.03940886699507389 0.06896551724137931
0 0.46551724137931033 0.3694581280788177 0.03694581280788178 0.05172413793103448
0 0.37561576354679804 0.3620689655172414 0.029556650246305417 0.059113300492610835
0 0.29679802955665024 0.3374384236453202 0.03694581280788178 0.0665024630541872
0 0.23891625615763548 0.3103448275862069 0.03694581280788178 0.0665024630541872
0 0.13793103448275862 0.2881773399014778 0.03940886699507389 0.05172413793103448
0 0.054187192118226604 0.28201970443349755 0.04926108374384237 0.0665024630541872
0 0.03201970443349754 0.17364532019704434 0.019704433497536946 0.05172413793103448
0 0.09236453201970443 0.1440886699507389 0.022167487684729065 0.04926108374384237
0 0.1354679802955665 0.11576354679802955 0.029556650246305417 0.03940886699507389
1 0.003694581280788177 0.5320197044334976 0.007389162561576354 0.10344827586206896
1 0.10714285714285714 0.5812807881773399 0.05665024630541872 0.10344827586206896
1 0.20689655172413793 0.6366995073891626 0.054187192118226604 0.0960591133004926
1 0.29926108374384236 0.7339901477832512 0.06157635467980296 0.09852216748768473
1 0.4027093596059113 0.8275862068965517 0.05172413793103448 0.1206896551724138
1 0.5320197044334976 0.9704433497536946 0.06896551724137931 0.059113300492610835