1 0.4296482412060301 0.026381909547738693 0.09045226130653267 0.052763819095477386
1 0.3768844221105528 0.14949748743718594 0.11557788944723618 0.07537688442211055
1 0.31909547738693467 0.25753768844221103 0.10552763819095477 0.0678391959798995
1 0.22487437185929648 0.3479899497487437 0.09045226130653267 0.0678391959798995
1 0.11055276381909548 0.457286432160804 0.12311557788944724 0.06030150753768844
1 0.00628140703517588 0.5891959798994975 0.01256281407035176 0.0728643216080402
0 0.4648241206030151 0.8492462311557789 0.11055276381909548 0.052763819095477386
0 0.49748743718592964 0.7135678391959799 0.08542713567839195 0.03015075376884422
0 0.5439698492462312 0.6055276381909548 0.08040201005025126 0.04773869346733668
0 0.5829145728643216 0.5163316582914573 0.07035175879396985 0.04271356783919598
0 0.6130653266331658 0.41959798994974873 0.0829145728643216 0.04773869346733668
0 0.635678391959799 0.34296482412060303 0.08040201005025126 0.04271356783919598
0 0.6545226130653267 0.2851758793969849 0.06281407035175879 0.032663316582914576
0 0.6821608040201005 0.18592964824120603 0.07788944723618091 0.04773869346733668
0 0.6859296482412061 0.10301507537688442 0.0728643216080402 0.04522613065326633
0 0.7889447236180904 0.07035175879396985 0.06281407035175879 0.02763819095477387
0 0.8567839195979899 0.18090452261306533 0.052763819095477386 0.03015075376884422
0 0.8291457286432161 0.13693467336683418 0.04271356783919598 0.022613065326633167