1 0.027061855670103094 0.538659793814433 0.05412371134020619 0.09278350515463918
1 0.15335051546391754 0.5927835051546392 0.07731958762886598 0.11855670103092783
1 0.26417525773195877 0.6520618556701031 0.06958762886597938 0.10824742268041238
1 0.35695876288659795 0.7487113402061856 0.06958762886597938 0.09278350515463918
1 0.4690721649484536 0.865979381443299 0.061855670103092786 0.12628865979381443
1 0.604381443298969 0.9832474226804123 0.07474226804123711 0.03350515463917526
0 0.8711340206185567 0.5025773195876289 0.05412371134020619 0.1134020618556701
0 0.7319587628865979 0.4690721649484536 0.030927835051546393 0.08762886597938144
0 0.6211340206185567 0.4213917525773196 0.04896907216494845 0.08247422680412371
0 0.529639175257732 0.38144329896907214 0.04381443298969072 0.07216494845360824
0 0.43041237113402064 0.35051546391752575 0.04896907216494845 0.08505154639175258
0 0.35180412371134023 0.327319587628866 0.04381443298969072 0.08247422680412371
0 0.2925257731958763 0.3079896907216495 0.03350515463917526 0.06443298969072164
0 0.19072164948453607 0.27963917525773196 0.04896907216494845 0.07989690721649484
0 0.1056701030927835 0.2757731958762887 0.04639175257731959 0.07474226804123711
0 0.07216494845360824 0.17010309278350516 0.028350515463917526 0.06443298969072164
0 0.18556701030927836 0.10051546391752578 0.030927835051546393 0.05412371134020619
0 0.1404639175257732 0.12886597938144329 0.023195876288659795 0.04381443298969072