1 0.40717821782178215 0.023514851485148515 0.10148514851485149 0.04702970297029703
1 0.3626237623762376 0.14727722772277227 0.09653465346534654 0.04702970297029703
1 0.30816831683168316 0.25 0.09653465346534654 0.04702970297029703
1 0.2202970297029703 0.34529702970297027 0.09405940594059406 0.054455445544554455
1 0.10396039603960396 0.45544554455445546 0.11138613861386139 0.06930693069306931
0 0.44925742574257427 0.8403465346534653 0.09653465346534654 0.04950495049504951
0 0.4938118811881188 0.7091584158415841 0.08415841584158416 0.04702970297029703
0 0.5420792079207921 0.5965346534653465 0.07178217821782178 0.03712871287128713
0 0.5816831683168316 0.5037128712871287 0.0594059405940594 0.039603960396039604
0 0.6039603960396039 0.4121287128712871 0.07178217821782178 0.03712871287128713
0 0.6150990099009901 0.33292079207920794 0.08415841584158416 0.034653465346534656
0 0.6460396039603961 0.27722772277227725 0.08168316831683169 0.04455445544554455
0 0.6707920792079208 0.1806930693069307 0.06683168316831684 0.034653465346534656
0 0.6794554455445545 0.0952970297029703 0.0594059405940594 0.0297029702970297
0 0.6844059405940595 0.0037128712871287127 0.08168316831683169 0.007425742574257425
0 0.780940594059406 0.06311881188118812 0.05693069306930693 0.0297029702970297
0 0.8391089108910891 0.1707920792079208 0.04702970297029703 0.022277227722772276