1 0.03414634146341464 0.5780487804878048 0.05609756097560976 0.1
1 0.1597560975609756 0.6207317073170732 0.046341463414634146 0.0951219512195122
1 0.26097560975609757 0.6743902439024391 0.046341463414634146 0.0951219512195122
1 0.3548780487804878 0.7609756097560976 0.05365853658536585 0.09268292682926829
1 0.4634146341463415 0.875609756097561 0.06829268292682927 0.10975609756097561
0 0.8426829268292683 0.5353658536585366 0.04878048780487805 0.0951219512195122
0 0.7134146341463414 0.49146341463414633 0.046341463414634146 0.08292682926829269
0 0.6024390243902439 0.44390243902439025 0.036585365853658534 0.07073170731707316
0 0.5109756097560976 0.40487804878048783 0.03902439024390244 0.05853658536585366
0 0.42073170731707316 0.3829268292682927 0.036585365853658534 0.07073170731707316
0 0.3426829268292683 0.3719512195121951 0.03414634146341464 0.08292682926829269
0 0.28780487804878047 0.34146341463414637 0.04390243902439024 0.08048780487804878
0 0.1926829268292683 0.3170731707317073 0.03414634146341464 0.06585365853658537
0 0.10853658536585366 0.30853658536585366 0.02926829268292683 0.05853658536585366
0 0.01097560975609756 0.30365853658536585 0.02195121951219512 0.08048780487804878
0 0.07682926829268293 0.20853658536585365 0.02926829268292683 0.05609756097560976
0 0.006097560975609756 0.24024390243902438 0.012195121951219513 0.041463414634146344
0 0.18292682926829268 0.15121951219512195 0.02195121951219512 0.046341463414634146