0 0.5585365853658537 0.1329268292682927 0.08780487804878048 0.046341463414634146
0 0.5195121951219512 0.2621951219512195 0.07317073170731707 0.04390243902439024
0 0.4634146341463415 0.37926829268292683 0.08292682926829269 0.041463414634146344
0 0.4170731707317073 0.4695121951219512 0.046341463414634146 0.03170731707317073
0 0.4024390243902439 0.5646341463414634 0.06097560975609756 0.03170731707317073
0 0.3829268292682927 0.6402439024390244 0.07804878048780488 0.03902439024390244
0 0.3573170731707317 0.7 0.07560975609756097 0.046341463414634146
0 0.3304878048780488 0.7951219512195122 0.05609756097560976 0.03170731707317073
0 0.3280487804878049 0.8792682926829268 0.08292682926829269 0.04390243902439024
0 0.32682926829268294 0.9804878048780488 0.06341463414634146 0.03902439024390244
0 0.25609756097560976 0.9817073170731707 0.04878048780487805 0.02926829268292683
0 0.2146341463414634 0.9097560975609756 0.05609756097560976 0.026829268292682926
0 0.1524390243902439 0.8097560975609757 0.05365853658536585 0.024390243902439025
1 0.5792682926829268 0.9536585365853658 0.1 0.06097560975609756
1 0.624390243902439 0.823170731707317 0.08780487804878048 0.05853658536585366
1 0.6853658536585366 0.7195121951219512 0.11219512195121951 0.06341463414634146
1 0.7878048780487805 0.6280487804878049 0.11219512195121951 0.05853658536585366
1 0.9024390243902439 0.5134146341463415 0.14634146341463414 0.06341463414634146