0 0.4112903225806452 0.9206989247311828 0.0967741935483871 0.051075268817204304
0 0.4543010752688172 0.7782258064516129 0.08064516129032258 0.04838709677419355
0 0.5161290322580645 0.6491935483870968 0.0913978494623656 0.0456989247311828
0 0.5672043010752689 0.5497311827956989 0.051075268817204304 0.03494623655913978
0 0.5833333333333334 0.44489247311827956 0.06720430107526881 0.03494623655913978
0 0.6048387096774194 0.36155913978494625 0.08602150537634409 0.043010752688172046
0 0.6330645161290323 0.2956989247311828 0.08333333333333333 0.051075268817204304
0 0.6626344086021505 0.19086021505376344 0.06182795698924731 0.03494623655913978
0 0.6653225806451613 0.09811827956989247 0.0913978494623656 0.04838709677419355
0 0.7903225806451613 0.06451612903225806 0.06182795698924731 0.02956989247311828
0 0.8588709677419355 0.17473118279569894 0.05913978494623656 0.026881720430107527
1 0.38844086021505375 0.024193548387096774 0.11021505376344086 0.04838709677419355
1 0.3387096774193548 0.15994623655913978 0.0967741935483871 0.06451612903225806
1 0.271505376344086 0.27419354838709675 0.12365591397849462 0.06989247311827956
1 0.1586021505376344 0.375 0.12365591397849462 0.06451612903225806
1 0.056451612903225805 0.5 0.11290322580645161 0.06989247311827956