1 0.5492424242424242 0.9911616161616161 0.11363636363636363 0.017676767676767676
1 0.5883838383838383 0.9419191919191919 0.09090909090909091 0.06818181818181818
1 0.6313131313131313 0.8106060606060606 0.08080808080808081 0.05555555555555555
1 0.6893939393939394 0.7095959595959596 0.10606060606060606 0.06565656565656566
1 0.7904040404040404 0.6073232323232324 0.1388888888888889 0.08080808080808081
1 0.9191919191919192 0.4936868686868687 0.13383838383838384 0.08585858585858586
0 0.5656565656565656 0.09848484848484848 0.1111111111111111 0.047979797979797977
0 0.5138888888888888 0.23232323232323232 0.09090909090909091 0.03787878787878788
0 0.46085858585858586 0.3547979797979798 0.08080808080808081 0.03535353535353535
0 0.41792929292929293 0.44696969696969696 0.0707070707070707 0.04292929292929293
0 0.380050505050505 0.5492424242424242 0.050505050505050504 0.030303030303030304
0 0.369949494949495 0.6300505050505051 0.08838383838383838 0.045454545454545456
0 0.33585858585858586 0.6919191919191919 0.05808080808080808 0.03535353535353535
0 0.31565656565656564 0.7815656565656566 0.05808080808080808 0.030303030303030304
0 0.31691919191919193 0.8712121212121212 0.07575757575757576 0.03535353535353535
0 0.3068181818181818 0.9747474747474747 0.06060606060606061 0.03535353535353535
0 0.24368686868686867 0.9810606060606061 0.04040404040404041 0.030303030303030304
0 0.20833333333333334 0.9065656565656566 0.05303030303030303 0.027777777777777776
0 0.14015151515151514 0.7967171717171717 0.05303030303030303 0.025252525252525252