1 0.02284263959390863 0.5266497461928934 0.04568527918781726 0.11421319796954314
1 0.08629441624365482 0.565989847715736 0.06852791878172589 0.09137055837563451
1 0.2182741116751269 0.6091370558375635 0.05583756345177665 0.08121827411167512
1 0.3197969543147208 0.6675126903553299 0.06598984771573604 0.1065989847715736
1 0.42258883248730966 0.7690355329949239 0.08121827411167512 0.13959390862944163
1 0.5368020304568528 0.8984771573604061 0.08629441624365482 0.13451776649746192
0 0.934010152284264 0.5431472081218274 0.048223350253807105 0.1116751269035533
0 0.799492385786802 0.49111675126903553 0.03807106598984772 0.09137055837563451
0 0.6763959390862944 0.43781725888324874 0.03553299492385787 0.08121827411167512
0 0.583756345177665 0.3946700507614213 0.04314720812182741 0.07106598984771574
0 0.48096446700507617 0.3565989847715736 0.030456852791878174 0.050761421319796954
0 0.399746192893401 0.3464467005076142 0.04568527918781726 0.08883248730964467
0 0.33756345177664976 0.31218274111675126 0.03553299492385787 0.0583756345177665
0 0.24746192893401014 0.2918781725888325 0.030456852791878174 0.0583756345177665
0 0.15736040609137056 0.29314720812182743 0.03553299492385787 0.07614213197969544
0 0.0532994923857868 0.282994923857868 0.03553299492385787 0.06091370558375635
0 0.046954314720812185 0.21954314720812182 0.030456852791878174 0.04060913705583756
0 0.1218274111675127 0.18401015228426396 0.027918781725888325 0.0532994923857868
0 0.23223350253807107 0.11548223350253807 0.025380710659898477 0.0532994923857868