0 0.43656716417910446 0.9291044776119403 0.08955223880597014 0.03980099502487562
0 0.486318407960199 0.7935323383084577 0.11194029850746269 0.04975124378109453
0 0.5348258706467661 0.6654228855721394 0.07960199004975124 0.0472636815920398
0 0.5870646766169154 0.5708955223880597 0.06218905472636816 0.03731343283582089
0 0.6181592039800995 0.47388059701492535 0.06716417910447761 0.03731343283582089
0 0.6231343283582089 0.39427860696517414 0.05721393034825871 0.029850746268656716
0 0.6492537313432836 0.3420398009950249 0.05472636815920398 0.024875621890547265
0 0.6865671641791045 0.24502487562189054 0.04477611940298507 0.012437810945273632
0 0.6853233830845771 0.15796019900497513 0.05721393034825871 0.024875621890547265
0 0.695273631840796 0.053482587064676616 0.05223880597014925 0.03233830845771144
0 0.7002487562189055 0.008706467661691543 0.05721393034825871 0.017412935323383085
0 0.7587064676616916 0.04975124378109453 0.0472636815920398 0.03482587064676617
0 0.7985074626865671 0.12064676616915423 0.0472636815920398 0.029850746268656716
0 0.8159203980099502 0.17537313432835822 0.04228855721393035 0.024875621890547265
0 0.8631840796019901 0.2263681592039801 0.05223880597014925 0.024875621890547265
1 0.4577114427860697 0.022388059701492536 0.0945273631840796 0.04477611940298507
1 0.42412935323383083 0.08955223880597014 0.0845771144278607 0.06218905472636816
1 0.373134328358209 0.21890547263681592 0.08955223880597014 0.0472636815920398
1 0.31840796019900497 0.31965174129353235 0.08955223880597014 0.06467661691542288
1 0.20522388059701493 0.4228855721393035 0.11194029850746269 0.05472636815920398
1 0.08955223880597014 0.5385572139303483 0.12935323383084577 0.05970149253731343