0 0.44350961538461536 0.9194711538461539 0.08653846153846154 0.038461538461538464
0 0.49158653846153844 0.7884615384615384 0.10817307692307693 0.04807692307692308
0 0.5384615384615384 0.6646634615384616 0.07692307692307693 0.04567307692307692
0 0.5889423076923077 0.5733173076923077 0.06009615384615385 0.036057692307692304
0 0.6189903846153846 0.4795673076923077 0.06490384615384616 0.036057692307692304
0 0.6237980769230769 0.4026442307692308 0.055288461538461536 0.028846153846153848
0 0.6490384615384616 0.35216346153846156 0.052884615384615384 0.02403846153846154
0 0.6850961538461539 0.25841346153846156 0.04326923076923077 0.01201923076923077
0 0.6838942307692307 0.17427884615384615 0.055288461538461536 0.02403846153846154
0 0.6935096153846154 0.0733173076923077 0.05048076923076923 0.03125
0 0.6983173076923077 0.026442307692307692 0.055288461538461536 0.02403846153846154
0 0.7548076923076923 0.06971153846153846 0.04567307692307692 0.03365384615384615
0 0.7932692307692307 0.13822115384615385 0.04567307692307692 0.028846153846153848
0 0.8100961538461539 0.19110576923076922 0.040865384615384616 0.02403846153846154
0 0.8557692307692307 0.2403846153846154 0.05048076923076923 0.02403846153846154
1 0.46274038461538464 0.04326923076923077 0.09134615384615384 0.04567307692307692
1 0.43149038461538464 0.10817307692307693 0.08173076923076923 0.06009615384615385
1 0.38221153846153844 0.23317307692307693 0.08653846153846154 0.04567307692307692
1 0.3293269230769231 0.33052884615384615 0.08653846153846154 0.0625
1 0.21995192307692307 0.43028846153846156 0.10817307692307693 0.052884615384615384
1 0.10817307692307693 0.5420673076923077 0.125 0.057692307692307696