1 0.9083769633507853 0.4201570680628272 0.12827225130890052 0.07329842931937172
1 0.7866492146596858 0.5418848167539267 0.11518324607329843 0.0549738219895288
1 0.6740837696335078 0.643979057591623 0.08900523560209424 0.060209424083769635
1 0.6073298429319371 0.75 0.08376963350785341 0.06806282722513089
1 0.5497382198952879 0.8887434554973822 0.09162303664921466 0.060209424083769635
1 0.5104712041884817 0.9607329842931938 0.08900523560209424 0.05235602094240838
0 0.5431937172774869 0.007853403141361256 0.112565445026178 0.015706806282722512
0 0.4895287958115183 0.1518324607329843 0.11518324607329843 0.06282722513089005
0 0.43586387434554974 0.28403141361256545 0.07329842931937172 0.041884816753926704
0 0.3782722513089005 0.38219895287958117 0.0549738219895288 0.03926701570680628
0 0.33507853403141363 0.4803664921465969 0.07329842931937172 0.03664921465968586
0 0.33638743455497383 0.5719895287958116 0.07068062827225131 0.03926701570680628
0 0.3102094240837696 0.6321989528795812 0.08115183246073299 0.03664921465968586
0 0.2709424083769634 0.824607329842932 0.07329842931937172 0.034031413612565446
0 0.27225130890052357 0.9280104712041884 0.07591623036649214 0.03664921465968586
0 0.25654450261780104 0.9829842931937173 0.07068062827225131 0.031413612565445025
0 0.19895287958115182 0.93717277486911 0.0549738219895288 0.05235602094240838
0 0.1518324607329843 0.8573298429319371 0.05235602094240838 0.031413612565445025
0 0.12958115183246074 0.8023560209424084 0.05759162303664921 0.031413612565445025
0 0.09816753926701571 0.7460732984293194 0.05235602094240838 0.03926701570680628