1 0.9416243654822335 0.4517766497461929 0.116751269035533 0.07106598984771574
1 0.8286802030456852 0.5685279187817259 0.1116751269035533 0.0532994923857868
1 0.7195431472081218 0.6675126903553299 0.08629441624365482 0.0583756345177665
1 0.6548223350253807 0.7703045685279187 0.08121827411167512 0.06598984771573604
1 0.5989847715736041 0.9048223350253807 0.08883248730964467 0.0583756345177665
1 0.5609137055837563 0.9746192893401016 0.08629441624365482 0.050761421319796954
0 0.5926395939086294 0.04060913705583756 0.10913705583756345 0.03299492385786802
0 0.5406091370558376 0.19035532994923857 0.1116751269035533 0.06091370558375635
0 0.4885786802030457 0.31852791878172587 0.07106598984771574 0.04060913705583756
0 0.43274111675126903 0.4137055837563452 0.0532994923857868 0.03807106598984772
0 0.39086294416243655 0.5088832487309645 0.07106598984771574 0.03553299492385787
0 0.39213197969543145 0.5977157360406091 0.06852791878172589 0.03807106598984772
0 0.366751269035533 0.6560913705583756 0.07868020304568528 0.03553299492385787
0 0.3286802030456853 0.8426395939086294 0.07106598984771574 0.03299492385786802
0 0.3299492385786802 0.9428934010152284 0.07360406091370558 0.03553299492385787
0 0.3134517766497462 0.9911167512690355 0.06852791878172589 0.017766497461928935
0 0.25888324873096447 0.9517766497461929 0.0532994923857868 0.050761421319796954
0 0.2131979695431472 0.8743654822335025 0.050761421319796954 0.030456852791878174
0 0.1916243654822335 0.8210659898477157 0.05583756345177665 0.030456852791878174
0 0.16116751269035534 0.766497461928934 0.050761421319796954 0.03807106598984772