0 0.1318407960199005 0.7475124378109452 0.04477611940298507 0.022388059701492536
0 0.16666666666666666 0.7985074626865671 0.05223880597014925 0.03233830845771144
0 0.20398009950248755 0.8532338308457711 0.0472636815920398 0.029850746268656716
0 0.23507462686567165 0.9228855721393034 0.04477611940298507 0.02736318407960199
0 0.2835820895522388 0.972636815920398 0.06965174129353234 0.03233830845771144
0 0.3009950248756219 0.9203980099502488 0.06965174129353234 0.03233830845771144
0 0.32213930348258707 0.8171641791044776 0.07462686567164178 0.03980099502487562
0 0.34328358208955223 0.6417910447761194 0.06467661691542288 0.03233830845771144
0 0.3805970149253731 0.5783582089552238 0.06716417910447761 0.03233830845771144
0 0.3756218905472637 0.4987562189054726 0.03482587064676617 0.029850746268656716
0 0.4154228855721393 0.39800995024875624 0.04975124378109453 0.02736318407960199
0 0.47512437810945274 0.30472636815920395 0.08955223880597014 0.03980099502487562
0 0.5186567164179104 0.17412935323383086 0.08706467661691543 0.04975124378109453
0 0.5808457711442786 0.028606965174129355 0.1044776119402985 0.017412935323383085
1 0.18159203980099503 0.996268656716418 0.05472636815920398 0.007462686567164179
1 0.5360696517412935 0.9490049751243781 0.07711442786069651 0.05223880597014925
1 0.5609452736318408 0.8756218905472637 0.07960199004975124 0.04975124378109453
1 0.6218905472636815 0.75 0.06965174129353234 0.06467661691542288
1 0.6791044776119403 0.6554726368159204 0.07960199004975124 0.05223880597014925
1 0.7898009950248757 0.5522388059701493 0.10696517412935323 0.03731343283582089
1 0.9079601990049752 0.43905472636815923 0.12437810945273632 0.08955223880597014