0 0.859375 0.23828125 0.046875 0.0234375
0 0.8229166666666666 0.18489583333333334 0.0546875 0.033854166666666664
0 0.7838541666666666 0.12760416666666666 0.049479166666666664 0.03125
0 0.7513020833333334 0.0546875 0.046875 0.028645833333333332
0 0.7005208333333334 0.009114583333333334 0.07291666666666667 0.018229166666666668
0 0.6822916666666666 0.057291666666666664 0.07291666666666667 0.033854166666666664
0 0.66015625 0.16536458333333334 0.078125 0.041666666666666664
0 0.6380208333333334 0.3489583333333333 0.06770833333333333 0.033854166666666664
0 0.5989583333333334 0.4153645833333333 0.0703125 0.033854166666666664
0 0.6041666666666666 0.4986979166666667 0.036458333333333336 0.03125
0 0.5625 0.6041666666666666 0.052083333333333336 0.028645833333333332
0 0.5 0.7018229166666666 0.09375 0.041666666666666664
0 0.4544270833333333 0.8385416666666666 0.09114583333333333 0.052083333333333336
0 0.3893229166666667 0.9908854166666666 0.109375 0.018229166666666668
1 0.4361979166666667 0.02734375 0.08072916666666667 0.0546875
1 0.41015625 0.10416666666666667 0.08333333333333333 0.052083333333333336
1 0.3463541666666667 0.23567708333333334 0.07291666666666667 0.06770833333333333
1 0.2864583333333333 0.3346354166666667 0.08333333333333333 0.0546875
1 0.17057291666666666 0.4427083333333333 0.11197916666666667 0.0390625
1 0.055989583333333336 0.5598958333333334 0.11197916666666667 0.09375