0 0.5079365079365079 0.15476190476190477 0.1111111111111111 0.06613756613756613
0 0.455026455026455 0.28835978835978837 0.10317460317460317 0.03968253968253968
0 0.3915343915343915 0.3888888888888889 0.07142857142857142 0.03968253968253968
0 0.33994708994708994 0.5 0.06084656084656084 0.042328042328042326
0 0.3333333333333333 0.5806878306878307 0.07407407407407407 0.04497354497354497
0 0.3082010582010582 0.6402116402116402 0.06613756613756613 0.037037037037037035
0 0.2830687830687831 0.8531746031746031 0.07142857142857142 0.037037037037037035
0 0.2619047619047619 0.9365079365079365 0.08465608465608465 0.03439153439153439
0 0.2328042328042328 0.9854497354497355 0.06349206349206349 0.0291005291005291
0 0.20502645502645503 0.9417989417989417 0.05555555555555555 0.0291005291005291
0 0.17328042328042328 0.8624338624338624 0.06084656084656084 0.0291005291005291
0 0.12698412698412698 0.8082010582010583 0.03439153439153439 0.023809523809523808
0 0.09656084656084656 0.7605820105820106 0.05291005291005291 0.021164021164021163
1 0.503968253968254 0.9708994708994709 0.10317460317460317 0.0582010582010582
1 0.544973544973545 0.8941798941798942 0.08994708994708994 0.06349206349206349
1 0.6058201058201058 0.7658730158730159 0.08994708994708994 0.0582010582010582
1 0.6838624338624338 0.6534391534391535 0.12962962962962962 0.07936507936507936
1 0.7923280423280423 0.548941798941799 0.14285714285714285 0.082010582010582
1 0.9285714285714286 0.4298941798941799 0.14285714285714285 0.07407407407407407