0 0.4230769230769231 0.984375 0.11778846153846154 0.016826923076923076
0 0.47596153846153844 0.8329326923076923 0.10096153846153846 0.06009615384615385
0 0.5240384615384616 0.7115384615384616 0.09375 0.036057692307692304
0 0.5817307692307693 0.6201923076923077 0.06490384615384616 0.036057692307692304
0 0.6286057692307693 0.5192307692307693 0.055288461538461536 0.038461538461538464
0 0.6346153846153846 0.44591346153846156 0.0673076923076923 0.040865384615384616
0 0.6574519230769231 0.3918269230769231 0.06009615384615385 0.03365384615384615
0 0.6802884615384616 0.19831730769230768 0.06490384615384616 0.03365384615384615
0 0.6995192307692307 0.12259615384615384 0.07692307692307693 0.03125
0 0.7247596153846154 0.07692307692307693 0.057692307692307696 0.028846153846153848
0 0.7512019230769231 0.11778846153846154 0.05048076923076923 0.026442307692307692
0 0.7800480769230769 0.18990384615384615 0.055288461538461536 0.026442307692307692
0 0.8221153846153846 0.23918269230769232 0.03125 0.021634615384615384
0 0.8497596153846154 0.2824519230769231 0.04807692307692308 0.019230769230769232
1 0.8197115384615384 0.039663461538461536 0.0625 0.021634615384615384
1 0.47836538461538464 0.09134615384615384 0.09375 0.055288461538461536
1 0.4423076923076923 0.16105769230769232 0.08173076923076923 0.057692307692307696
1 0.3870192307692308 0.2776442307692308 0.08173076923076923 0.052884615384615384
1 0.3161057692307692 0.3798076923076923 0.11778846153846154 0.07211538461538461
1 0.21754807692307693 0.47475961538461536 0.12980769230769232 0.07451923076923077
1 0.09375 0.5829326923076923 0.12980769230769232 0.0673076923076923