1 0.8502673796791443 0.004010695187165776 0.058823529411764705 0.008021390374331552
1 0.4786096256684492 0.05213903743315508 0.10160427807486631 0.0481283422459893
1 0.44385026737967914 0.12834224598930483 0.09358288770053476 0.06951871657754011
1 0.38636363636363635 0.25267379679144386 0.0962566844919786 0.053475935828877004
1 0.31016042780748665 0.3663101604278075 0.10695187165775401 0.07219251336898395
1 0.18315508021390375 0.4612299465240642 0.11229946524064172 0.06951871657754011
1 0.06149732620320856 0.5882352941176471 0.12299465240641712 0.08021390374331551
0 0.4692513368983957 0.8770053475935828 0.12299465240641712 0.053475935828877004
0 0.5280748663101604 0.7352941176470589 0.10427807486631016 0.0481283422459893
0 0.5855614973262032 0.6296791443850267 0.07219251336898395 0.0427807486631016
0 0.6363636363636364 0.5280748663101604 0.05614973262032086 0.045454545454545456
0 0.6564171122994652 0.43315508021390375 0.05614973262032086 0.026737967914438502
0 0.6697860962566845 0.37566844919786097 0.07219251336898395 0.029411764705882353
0 0.6951871657754011 0.18983957219251338 0.0962566844919786 0.045454545454545456
0 0.7245989304812834 0.08422459893048129 0.05614973262032086 0.0374331550802139
0 0.7901069518716578 0.08422459893048129 0.06417112299465241 0.040106951871657755
0 0.7459893048128342 0.034759358288770054 0.06951871657754011 0.029411764705882353
0 0.81951871657754 0.16042780748663102 0.045454545454545456 0.03208556149732621
0 0.8636363636363636 0.21256684491978609 0.0427807486631016 0.02406417112299465
0 0.8877005347593583 0.2620320855614973 0.045454545454545456 0.0213903743315508