1 0.06985294117647059 0.16911764705882354 0.024509803921568627 0.05392156862745098
1 0.012254901960784314 0.49754901960784315 0.024509803921568627 0.09313725490196079
1 0.1213235294117647 0.5098039215686274 0.04411764705882353 0.09313725490196079
1 0.19117647058823528 0.5416666666666666 0.06372549019607843 0.0857843137254902
1 0.30514705882352944 0.5943627450980392 0.049019607843137254 0.08823529411764706
1 0.40931372549019607 0.6642156862745098 0.0661764705882353 0.09803921568627451
1 0.4963235294117647 0.7806372549019608 0.06372549019607843 0.10294117647058823
1 0.6127450980392157 0.8970588235294118 0.07352941176470588 0.12009803921568628
0 0.8774509803921569 0.5183823529411765 0.049019607843137254 0.11274509803921569
0 0.7475490196078431 0.4644607843137255 0.04411764705882353 0.09558823529411764
0 0.6507352941176471 0.4117647058823529 0.0392156862745098 0.0661764705882353
0 0.5575980392156863 0.36519607843137253 0.041666666666666664 0.051470588235294115
0 0.47058823529411764 0.34681372549019607 0.024509803921568627 0.051470588235294115
0 0.4178921568627451 0.33455882352941174 0.02696078431372549 0.0661764705882353
0 0.24754901960784315 0.3112745098039216 0.041666666666666664 0.08823529411764706
0 0.15073529411764705 0.28431372549019607 0.03431372549019608 0.051470588235294115
0 0.15073529411764705 0.22426470588235295 0.03676470588235294 0.058823529411764705
0 0.1053921568627451 0.2647058823529412 0.02696078431372549 0.06372549019607843
0 0.22058823529411764 0.19730392156862744 0.029411764705882353 0.041666666666666664
0 0.26838235294117646 0.1568627450980392 0.022058823529411766 0.0392156862745098
0 0.3137254901960784 0.13480392156862744 0.0196078431372549 0.041666666666666664