0 0.5294117647058824 0.08823529411764706 0.10049019607843138 0.061274509803921566
0 0.4803921568627451 0.22426470588235295 0.09068627450980392 0.04411764705882353
0 0.4166666666666667 0.31985294117647056 0.0784313725490196 0.049019607843137254
0 0.36151960784313725 0.4166666666666667 0.041666666666666664 0.029411764705882353
0 0.3394607843137255 0.553921568627451 0.049019607843137254 0.029411764705882353
0 0.3014705882352941 0.7267156862745098 0.07598039215686274 0.04656862745098039
0 0.29411764705882354 0.8186274509803921 0.06862745098039216 0.03431372549019608
0 0.13848039215686275 0.6629901960784313 0.06372549019607843 0.01715686274509804
0 0.16544117647058823 0.7071078431372549 0.041666666666666664 0.022058823529411766
0 0.2034313725490196 0.7561274509803921 0.061274509803921566 0.02696078431372549
0 0.22916666666666666 0.8235294117647058 0.041666666666666664 0.022058823529411766
0 0.25980392156862747 0.8676470588235294 0.056372549019607844 0.0196078431372549
1 0.1715686274509804 0.9019607843137255 0.07107843137254902 0.0196078431372549
1 0.21323529411764705 0.9865196078431373 0.07352941176470588 0.02696078431372549
1 0.4950980392156863 0.9791666666666666 0.0784313725490196 0.041666666666666664
1 0.5196078431372549 0.8504901960784313 0.08333333333333333 0.041666666666666664
1 0.5465686274509803 0.7879901960784313 0.08088235294117647 0.049019607843137254
1 0.6053921568627451 0.6678921568627451 0.08823529411764706 0.06372549019607843
1 0.6605392156862745 0.5612745098039216 0.08088235294117647 0.04656862745098039
1 0.7843137254901961 0.47549019607843135 0.10294117647058823 0.07107843137254902
1 0.9068627450980392 0.3553921568627451 0.12009803921568628 0.06862745098039216