0 0.9825268817204301 0.5631720430107527 0.03494623655913978 0.11021505376344086
0 0.8508064516129032 0.510752688172043 0.04838709677419355 0.09946236559139784
0 0.7459677419354839 0.44086021505376344 0.053763440860215055 0.08602150537634409
0 0.6397849462365591 0.3803763440860215 0.03225806451612903 0.0456989247311828
0 0.489247311827957 0.35618279569892475 0.03225806451612903 0.053763440860215055
0 0.29973118279569894 0.31451612903225806 0.051075268817204304 0.08333333333333333
0 0.1989247311827957 0.3064516129032258 0.03763440860215054 0.07526881720430108
0 0.3696236559139785 0.135752688172043 0.01881720430107527 0.06989247311827956
0 0.32123655913978494 0.16532258064516128 0.024193548387096774 0.0456989247311828
0 0.2674731182795699 0.20698924731182797 0.02956989247311828 0.06720430107526881
0 0.1935483870967742 0.23521505376344087 0.024193548387096774 0.0456989247311828
0 0.14516129032258066 0.26881720430107525 0.021505376344086023 0.06182795698924731
1 0.10752688172043011 0.17204301075268819 0.021505376344086023 0.07795698924731183
1 0.01478494623655914 0.21774193548387097 0.02956989247311828 0.08064516129032258
1 0.0228494623655914 0.5268817204301075 0.0456989247311828 0.08602150537634409
1 0.1639784946236559 0.553763440860215 0.0456989247311828 0.0913978494623656
1 0.2325268817204301 0.5833333333333334 0.053763440860215055 0.08870967741935484
1 0.364247311827957 0.6478494623655914 0.06989247311827956 0.0967741935483871
1 0.48118279569892475 0.7083333333333334 0.051075268817204304 0.08870967741935484
1 0.5752688172043011 0.8440860215053764 0.07795698924731183 0.11290322580645161
1 0.706989247311828 0.9556451612903226 0.07526881720430108 0.08870967741935484