1 0.06989247311827956 0.7029569892473119 0.13978494623655913 0.06720430107526881
1 0.2110215053763441 0.5846774193548387 0.10483870967741936 0.06451612903225806
1 0.28897849462365593 0.46236559139784944 0.11559139784946236 0.06989247311827956
1 0.3548387096774194 0.31989247311827956 0.10215053763440861 0.06182795698924731
1 0.4099462365591398 0.25268817204301075 0.07258064516129033 0.051075268817204304
1 0.4274193548387097 0.10887096774193548 0.0913978494623656 0.05913978494623656
1 0.7190860215053764 0.021505376344086023 0.07526881720430108 0.03763440860215054
1 0.7473118279569892 0.08198924731182795 0.06182795698924731 0.043010752688172046
1 0.7983870967741935 0.1774193548387097 0.06182795698924731 0.024193548387096774
0 0.41935483870967744 0.9690860215053764 0.12634408602150538 0.05913978494623656
0 0.4825268817204301 0.8521505376344086 0.0913978494623656 0.051075268817204304
0 0.6290322580645161 0.46102150537634407 0.07795698924731183 0.04032258064516129
0 0.5900537634408602 0.6384408602150538 0.043010752688172046 0.02956989247311828
0 0.5577956989247311 0.7352150537634409 0.04838709677419355 0.03494623655913978
0 0.6048387096774194 0.5685483870967742 0.06720430107526881 0.03494623655913978
0 0.6424731182795699 0.375 0.056451612903225805 0.03225806451612903
0 0.6599462365591398 0.271505376344086 0.056451612903225805 0.03225806451612903
0 0.6774193548387096 0.21774193548387097 0.053763440860215055 0.01881720430107527
0 0.7258064516129032 0.260752688172043 0.04838709677419355 0.02956989247311828
0 0.7553763440860215 0.3346774193548387 0.05913978494623656 0.026881720430107527
0 0.7983870967741935 0.3870967741935484 0.06451612903225806 0.03225806451612903
0 0.8252688172043011 0.4368279569892473 0.06182795698924731 0.026881720430107527