0 0.47692307692307695 0.926923076923077 0.11025641025641025 0.05897435897435897
0 0.5346153846153846 0.8128205128205128 0.11025641025641025 0.05897435897435897
0 0.6051282051282051 0.7025641025641025 0.06666666666666667 0.041025641025641026
0 0.6423076923076924 0.6102564102564103 0.046153846153846156 0.03076923076923077
0 0.6602564102564102 0.5448717948717948 0.06923076923076923 0.03333333333333333
0 0.6858974358974359 0.43846153846153846 0.06666666666666667 0.035897435897435895
0 0.7 0.358974358974359 0.06153846153846154 0.03333333333333333
0 0.7128205128205128 0.25769230769230766 0.05128205128205128 0.041025641025641026
0 0.7333333333333333 0.20512820512820512 0.06153846153846154 0.023076923076923078
0 0.7794871794871795 0.24871794871794872 0.05128205128205128 0.028205128205128206
0 0.8141025641025641 0.31794871794871793 0.041025641025641026 0.02564102564102564
0 0.8397435897435898 0.36923076923076925 0.05384615384615385 0.02564102564102564
0 0.8705128205128205 0.4153846153846154 0.05897435897435897 0.023076923076923078
1 0.841025641025641 0.16923076923076924 0.05384615384615385 0.02564102564102564
1 0.8 0.08076923076923077 0.06666666666666667 0.023076923076923078
1 0.7653846153846153 0.023076923076923078 0.05641025641025641 0.028205128205128206
1 0.4948717948717949 0.1064102564102564 0.07948717948717948 0.04358974358974359
1 0.4705128205128205 0.23974358974358975 0.08717948717948718 0.04871794871794872
1 0.4282051282051282 0.308974358974359 0.09743589743589744 0.05128205128205128
1 0.36153846153846153 0.441025641025641 0.09230769230769231 0.05128205128205128
1 0.2794871794871795 0.5576923076923077 0.13333333333333333 0.07435897435897436
1 0.1371794871794872 0.6692307692307692 0.16153846153846155 0.08205128205128205
1 0.03076923076923077 0.8256410256410256 0.06153846153846154 0.07179487179487179