1 0.8796791443850267 0.18983957219251338 0.06417112299465241 0.029411764705882353
1 0.839572192513369 0.10294117647058823 0.06684491978609626 0.026737967914438502
1 0.8048128342245989 0.03877005347593583 0.05614973262032086 0.03208556149732621
1 0.517379679144385 0.11898395721925134 0.07754010695187166 0.05614973262032086
1 0.4919786096256685 0.2606951871657754 0.07219251336898395 0.053475935828877004
1 0.4425133689839572 0.32486631016042783 0.06417112299465241 0.053475935828877004
1 0.36764705882352944 0.47058823529411764 0.08288770053475936 0.053475935828877004
1 0.28475935828877 0.589572192513369 0.09090909090909091 0.06684491978609626
1 0.13101604278074866 0.7098930481283422 0.13101604278074866 0.06684491978609626
1 0.016042780748663103 0.8649732620320856 0.03208556149732621 0.07754010695187166
0 0.9024064171122995 0.446524064171123 0.045454545454545456 0.026737967914438502
0 0.8716577540106952 0.39572192513368987 0.06149732620320856 0.034759358288770054
0 0.8422459893048129 0.3422459893048128 0.05080213903743316 0.029411764705882353
0 0.8141711229946524 0.2727272727272727 0.0481283422459893 0.026737967914438502
0 0.767379679144385 0.2286096256684492 0.06417112299465241 0.026737967914438502
0 0.7379679144385026 0.27540106951871657 0.0481283422459893 0.03208556149732621
0 0.7125668449197861 0.3836898395721925 0.06417112299465241 0.0374331550802139
0 0.7045454545454546 0.46524064171123 0.07754010695187166 0.040106951871657755
0 0.68048128342246 0.5815508021390374 0.05614973262032086 0.034759358288770054
0 0.6510695187165776 0.6377005347593583 0.0427807486631016 0.034759358288770054
0 0.6176470588235294 0.7433155080213903 0.05614973262032086 0.040106951871657755
0 0.536096256684492 0.8556149732620321 0.11229946524064172 0.053475935828877004
0 0.4732620320855615 0.9772727272727273 0.10695187165775401 0.045454545454545456