1 0.1893939393939394 0.7777777777777778 0.06060606060606061 0.027777777777777776
1 0.22727272727272727 0.8598484848484849 0.06313131313131314 0.025252525252525252
1 0.2601010101010101 0.9204545454545454 0.05303030303030303 0.030303030303030304
1 0.2916666666666667 0.9924242424242424 0.05303030303030303 0.015151515151515152
1 0.5303030303030303 0.976010101010101 0.08585858585858586 0.047979797979797977
1 0.5315656565656566 0.8446969696969697 0.07323232323232323 0.05303030303030303
1 0.5555555555555556 0.7108585858585859 0.06818181818181818 0.050505050505050504
1 0.6022727272727273 0.6502525252525253 0.06060606060606061 0.050505050505050504
1 0.672979797979798 0.5126262626262627 0.07828282828282829 0.050505050505050504
1 0.7512626262626263 0.40025252525252525 0.08585858585858586 0.06313131313131314
1 0.8964646464646465 0.2866161616161616 0.12373737373737374 0.06313131313131314
1 0.9949494949494949 0.14015151515151514 0.010101010101010102 0.07323232323232323
0 0.16792929292929293 0.5353535353535354 0.04292929292929293 0.025252525252525252
0 0.19696969696969696 0.5833333333333334 0.05808080808080808 0.03282828282828283
0 0.22474747474747475 0.6338383838383839 0.047979797979797977 0.027777777777777776
0 0.25126262626262624 0.6994949494949495 0.045454545454545456 0.025252525252525252
0 0.29545454545454547 0.7411616161616161 0.06060606060606061 0.025252525252525252
0 0.32323232323232326 0.696969696969697 0.045454545454545456 0.030303030303030304
0 0.3472222222222222 0.5946969696969697 0.06060606060606061 0.03535353535353535
0 0.3547979797979798 0.5176767676767676 0.07323232323232323 0.03787878787878788
0 0.37752525252525254 0.4078282828282828 0.05303030303030303 0.03282828282828283
0 0.4053030303030303 0.3547979797979798 0.04040404040404041 0.03282828282828283
0 0.43686868686868685 0.255050505050505 0.05303030303030303 0.03787878787878788
0 0.5138888888888888 0.14898989898989898 0.10606060606060606 0.050505050505050504
0 0.5732323232323232 0.030303030303030304 0.10101010101010101 0.047979797979797977