1 0.04450261780104712 0.7604712041884817 0.08900523560209424 0.07591623036649214
1 0.17801047120418848 0.6492146596858639 0.11780104712041885 0.06544502617801047
1 0.27356020942408377 0.5353403141361257 0.09424083769633508 0.05759162303664921
1 0.35209424083769636 0.39528795811518325 0.07853403141361257 0.05235602094240838
1 0.4031413612565445 0.3324607329842932 0.10209424083769633 0.0549738219895288
1 0.4463350785340314 0.19764397905759162 0.08115183246073299 0.05235602094240838
1 0.43848167539267013 0.056282722513089 0.09424083769633508 0.03926701570680628
1 0.6858638743455497 0.04842931937172775 0.06544502617801047 0.04712041884816754
1 0.7081151832460733 0.11518324607329843 0.07591623036649214 0.03926701570680628
1 0.7486910994764397 0.18193717277486912 0.060209424083769635 0.028795811518324606
1 0.7827225130890052 0.2643979057591623 0.060209424083769635 0.02617801047120419
0 0.7905759162303665 0.5078534031413613 0.04712041884816754 0.020942408376963352
0 0.7630890052356021 0.4607329842931937 0.06282722513089005 0.031413612565445025
0 0.7395287958115183 0.412303664921466 0.0549738219895288 0.02617801047120419
0 0.725130890052356 0.34293193717277487 0.05759162303664921 0.034031413612565446
0 0.6675392670157068 0.3036649214659686 0.060209424083769635 0.03664921465968586
0 0.637434554973822 0.35209424083769636 0.06806282722513089 0.02617801047120419
0 0.6191099476439791 0.4489528795811518 0.06544502617801047 0.03664921465968586
0 0.6073298429319371 0.5235602094240838 0.08900523560209424 0.03926701570680628
0 0.5772251308900523 0.6413612565445026 0.0549738219895288 0.03664921465968586
0 0.5445026178010471 0.7107329842931938 0.04450261780104712 0.034031413612565446
0 0.47774869109947643 0.8010471204188482 0.09162303664921466 0.028795811518324606
0 0.4214659685863874 0.9214659685863874 0.08115183246073299 0.049738219895287955