1 0.7978723404255319 0.9162234042553191 0.07712765957446809 0.1356382978723404
1 0.6835106382978723 0.7579787234042553 0.06648936170212766 0.1196808510638298
1 0.5678191489361702 0.660904255319149 0.05851063829787234 0.09574468085106383
1 0.425531914893617 0.5811170212765957 0.05319148936170213 0.0797872340425532
1 0.3617021276595745 0.5292553191489362 0.05585106382978723 0.10372340425531915
1 0.2247340425531915 0.4853723404255319 0.05319148936170213 0.08244680851063829
1 0.08111702127659574 0.4933510638297872 0.0398936170212766 0.09574468085106383
1 0.07313829787234043 0.24202127659574468 0.047872340425531915 0.06648936170212766
1 0.14095744680851063 0.21941489361702127 0.0398936170212766 0.07712765957446809
1 0.20877659574468085 0.17819148936170212 0.02925531914893617 0.061170212765957445
1 0.2925531914893617 0.14361702127659576 0.026595744680851064 0.061170212765957445
0 0.5398936170212766 0.1356382978723404 0.02127659574468085 0.047872340425531915
0 0.4920212765957447 0.16356382978723405 0.031914893617021274 0.06382978723404255
0 0.4428191489361702 0.1875 0.026595744680851064 0.05585106382978723
0 0.3723404255319149 0.20212765957446807 0.034574468085106384 0.05851063829787234
0 0.3324468085106383 0.26063829787234044 0.03723404255319149 0.061170212765957445
0 0.3816489361702128 0.2912234042553192 0.026595744680851064 0.06914893617021277
0 0.4800531914893617 0.3098404255319149 0.03723404255319149 0.06648936170212766
0 0.5558510638297872 0.32180851063829785 0.0398936170212766 0.09042553191489362
0 0.675531914893617 0.3523936170212766 0.03723404255319149 0.05585106382978723
0 0.7460106382978723 0.38563829787234044 0.034574468085106384 0.04521276595744681
0 0.8377659574468085 0.45345744680851063 0.02925531914893617 0.09308510638297872
0 0.9601063829787234 0.5106382978723404 0.05053191489361702 0.08244680851063829