0 0.5307486631016043 0.08155080213903744 0.09090909090909091 0.05614973262032086
0 0.4786096256684492 0.21122994652406418 0.09090909090909091 0.05080213903743316
0 0.42379679144385024 0.3048128342245989 0.05080213903743316 0.03208556149732621
0 0.3689839572192513 0.3783422459893048 0.053475935828877004 0.0374331550802139
0 0.35962566844919786 0.4879679144385027 0.08021390374331551 0.0374331550802139
0 0.3409090909090909 0.5668449197860963 0.07754010695187166 0.0374331550802139
0 0.31016042780748665 0.6657754010695187 0.06684491978609626 0.029411764705882353
0 0.28609625668449196 0.7165775401069518 0.05080213903743316 0.0213903743315508
0 0.2606951871657754 0.6778074866310161 0.06149732620320856 0.03208556149732621
0 0.21256684491978609 0.6109625668449198 0.058823529411764705 0.029411764705882353
0 0.19117647058823528 0.553475935828877 0.06684491978609626 0.026737967914438502
0 0.1497326203208556 0.5147058823529411 0.0748663101604278 0.03208556149732621
1 0.17379679144385027 0.7526737967914439 0.05614973262032086 0.02406417112299465
1 0.2179144385026738 0.8382352941176471 0.05080213903743316 0.029411764705882353
1 0.24598930481283424 0.9024064171122995 0.06417112299465241 0.029411764705882353
1 0.2767379679144385 0.9772727272727273 0.06684491978609626 0.040106951871657755
1 0.5187165775401069 0.9585561497326203 0.0855614973262032 0.040106951871657755
1 0.5267379679144385 0.8262032085561497 0.08288770053475936 0.053475935828877004
1 0.570855614973262 0.6911764705882353 0.09358288770053476 0.058823529411764705
1 0.6163101604278075 0.6216577540106952 0.08288770053475936 0.0427807486631016
1 0.6991978609625669 0.4839572192513369 0.0962566844919786 0.06417112299465241
1 0.7874331550802139 0.3663101604278075 0.10695187165775401 0.06951871657754011
1 0.946524064171123 0.24598930481283424 0.0962566844919786 0.06951871657754011