1 0.9385026737967914 0.15508021390374332 0.12299465240641712 0.08021390374331551
1 0.7834224598930482 0.2767379679144385 0.12299465240641712 0.07219251336898395
1 0.6858288770053476 0.3983957219251337 0.11229946524064172 0.06149732620320856
1 0.6002673796791443 0.5374331550802139 0.0962566844919786 0.053475935828877004
1 0.5521390374331551 0.6016042780748663 0.10160427807486631 0.05614973262032086
1 0.5120320855614974 0.7379679144385026 0.0962566844919786 0.053475935828877004
1 0.5066844919786097 0.8663101604278075 0.08288770053475936 0.05080213903743316
1 0.4786096256684492 0.983957219251337 0.0855614973262032 0.03208556149732621
1 0.26336898395721925 0.8810160427807486 0.06684491978609626 0.045454545454545456
1 0.2393048128342246 0.8114973262032086 0.05080213903743316 0.040106951871657755
1 0.21256684491978609 0.7526737967914439 0.0481283422459893 0.0374331550802139
1 0.17914438502673796 0.6671122994652406 0.05614973262032086 0.03208556149732621
0 0.5454545454545454 0.012032085561497326 0.13368983957219252 0.02406417112299465
0 0.46390374331550804 0.12433155080213903 0.0855614973262032 0.05614973262032086
0 0.4157754010695187 0.2192513368983957 0.05614973262032086 0.0374331550802139
0 0.3716577540106952 0.2927807486631016 0.045454545454545456 0.045454545454545456
0 0.339572192513369 0.39438502673796794 0.05614973262032086 0.045454545454545456
0 0.3302139037433155 0.48262032085561496 0.06149732620320856 0.026737967914438502
0 0.30080213903743314 0.5788770053475936 0.0481283422459893 0.026737967914438502
0 0.2874331550802139 0.6296791443850267 0.09090909090909091 0.029411764705882353
0 0.23796791443850268 0.5909090909090909 0.0481283422459893 0.029411764705882353
0 0.20454545454545456 0.5213903743315508 0.06149732620320856 0.026737967914438502
0 0.19117647058823528 0.46524064171123 0.06417112299465241 0.026737967914438502
0 0.15508021390374332 0.4197860962566845 0.0481283422459893 0.02406417112299465