1 0.9226804123711341 0.19329896907216496 0.1211340206185567 0.07731958762886598
1 0.770618556701031 0.31056701030927836 0.11855670103092783 0.06958762886597938
1 0.6765463917525774 0.42783505154639173 0.10824742268041238 0.059278350515463915
1 0.5940721649484536 0.5618556701030928 0.09278350515463918 0.05154639175257732
1 0.5476804123711341 0.6237113402061856 0.0979381443298969 0.05412371134020619
1 0.509020618556701 0.7551546391752577 0.09278350515463918 0.05154639175257732
1 0.5038659793814433 0.8788659793814433 0.07989690721649484 0.04896907216494845
1 0.47680412371134023 0.9884020618556701 0.08247422680412371 0.023195876288659795
1 0.2693298969072165 0.8930412371134021 0.06443298969072164 0.04381443298969072
1 0.24613402061855671 0.8260309278350515 0.04896907216494845 0.03865979381443299
1 0.22036082474226804 0.7693298969072165 0.04639175257731959 0.03608247422680412
1 0.18814432989690721 0.6868556701030928 0.05412371134020619 0.030927835051546393
0 0.5412371134020618 0.037371134020618556 0.12886597938144329 0.05670103092783505
0 0.46262886597938147 0.163659793814433 0.08247422680412371 0.05412371134020619
0 0.4162371134020619 0.2551546391752577 0.05412371134020619 0.03608247422680412
0 0.37371134020618557 0.32603092783505155 0.04381443298969072 0.04381443298969072
0 0.3427835051546392 0.42396907216494845 0.05412371134020619 0.04381443298969072
0 0.3337628865979381 0.509020618556701 0.059278350515463915 0.02577319587628866
0 0.30541237113402064 0.6018041237113402 0.04639175257731959 0.02577319587628866
0 0.2925257731958763 0.6507731958762887 0.08762886597938144 0.028350515463917526
0 0.24484536082474226 0.6134020618556701 0.04639175257731959 0.028350515463917526
0 0.21262886597938144 0.5463917525773195 0.059278350515463915 0.02577319587628866
0 0.19974226804123713 0.49226804123711343 0.061855670103092786 0.02577319587628866
0 0.16494845360824742 0.4484536082474227 0.04639175257731959 0.023195876288659795