0 0.8970588235294118 0.5080213903743316 0.053475935828877004 0.10695187165775401
0 0.8008021390374331 0.4692513368983957 0.045454545454545456 0.09893048128342247
0 0.7312834224598931 0.410427807486631 0.0374331550802139 0.0855614973262032
0 0.6189839572192514 0.35561497326203206 0.040106951871657755 0.06417112299465241
0 0.5347593582887701 0.34893048128342247 0.0427807486631016 0.07754010695187166
0 0.4344919786096257 0.3181818181818182 0.034759358288770054 0.06684491978609626
0 0.39438502673796794 0.2874331550802139 0.034759358288770054 0.06951871657754011
0 0.4385026737967914 0.25 0.0481283422459893 0.05614973262032086
0 0.5026737967914439 0.22994652406417113 0.029411764705882353 0.06149732620320856
0 0.5548128342245989 0.20454545454545456 0.034759358288770054 0.06149732620320856
0 0.6002673796791443 0.16711229946524064 0.026737967914438502 0.058823529411764705
1 0.35427807486631013 0.17647058823529413 0.029411764705882353 0.06149732620320856
1 0.2700534759358289 0.21524064171122995 0.029411764705882353 0.06149732620320856
1 0.21122994652406418 0.24331550802139038 0.03208556149732621 0.06417112299465241
1 0.14037433155080214 0.26737967914438504 0.040106951871657755 0.06684491978609626
1 0.017379679144385027 0.34358288770053474 0.034759358288770054 0.06684491978609626
1 0.0053475935828877 0.41711229946524064 0.0106951871657754 0.0748663101604278
1 0.0374331550802139 0.47058823529411764 0.034759358288770054 0.09090909090909091
1 0.1537433155080214 0.5066844919786097 0.045454545454545456 0.07219251336898395
1 0.2820855614973262 0.5147058823529411 0.058823529411764705 0.07754010695187166
1 0.41310160427807485 0.5668449197860963 0.0427807486631016 0.09358288770053476
1 0.4772727272727273 0.6109625668449198 0.0481283422459893 0.10160427807486631
1 0.6149732620320856 0.696524064171123 0.05614973262032086 0.10427807486631016
1 0.7366310160427807 0.8114973262032086 0.06951871657754011 0.11764705882352941
1 0.8516042780748663 0.9532085561497327 0.09893048128342247 0.09358288770053476