1 0.05154639175257732 0.8479381443298969 0.10309278350515463 0.07216494845360824
1 0.2036082474226804 0.7435567010309279 0.10309278350515463 0.06443298969072164
1 0.30283505154639173 0.6314432989690721 0.0979381443298969 0.05154639175257732
1 0.4020618556701031 0.4961340206185567 0.1056701030927835 0.05670103092783505
1 0.4420103092783505 0.43170103092783507 0.11082474226804123 0.05154639175257732
1 0.4961340206185567 0.3079896907216495 0.10051546391752578 0.04896907216494845
1 0.5103092783505154 0.18298969072164947 0.07474226804123711 0.04896907216494845
1 0.5347938144329897 0.07603092783505154 0.07474226804123711 0.030927835051546393
1 0.5902061855670103 0.029639175257731958 0.061855670103092786 0.041237113402061855
1 0.654639175257732 0.04768041237113402 0.04381443298969072 0.030927835051546393
1 0.7319587628865979 0.1713917525773196 0.07216494845360824 0.03865979381443299
1 0.7512886597938144 0.2422680412371134 0.07216494845360824 0.030927835051546393
1 0.7860824742268041 0.2925257731958763 0.059278350515463915 0.030927835051546393
1 0.8105670103092784 0.37371134020618557 0.04639175257731959 0.028350515463917526
0 0.4961340206185567 0.9033505154639175 0.12628865979381443 0.05670103092783505
0 0.5425257731958762 0.8054123711340206 0.09278350515463918 0.05412371134020619
0 0.5760309278350515 0.7358247422680413 0.07989690721649484 0.03608247422680412
0 0.6417525773195877 0.6327319587628866 0.05154639175257732 0.030927835051546393
0 0.6610824742268041 0.5554123711340206 0.05412371134020619 0.028350515463917526
0 0.6778350515463918 0.4587628865979381 0.05670103092783505 0.028350515463917526
0 0.7074742268041238 0.40850515463917525 0.05154639175257732 0.01804123711340206
0 0.7448453608247423 0.4536082474226804 0.04639175257731959 0.02577319587628866
0 0.7654639175257731 0.5180412371134021 0.061855670103092786 0.023195876288659795
0 0.7873711340206185 0.5734536082474226 0.04639175257731959 0.030927835051546393
0 0.8144329896907216 0.6108247422680413 0.05412371134020619 0.028350515463917526