1 0.04949238578680203 0.8401015228426396 0.09898477157360407 0.07106598984771574
1 0.19796954314720813 0.7373096446700508 0.10152284263959391 0.06345177664974619
1 0.2956852791878173 0.6269035532994924 0.09644670050761421 0.050761421319796954
1 0.3934010152284264 0.4936548223350254 0.10406091370558376 0.05583756345177665
1 0.43274111675126903 0.4302030456852792 0.10913705583756345 0.050761421319796954
1 0.4860406091370558 0.3083756345177665 0.09898477157360407 0.048223350253807105
1 0.5 0.18527918781725888 0.07360406091370558 0.048223350253807105
1 0.5241116751269036 0.0799492385786802 0.07360406091370558 0.030456852791878174
1 0.5786802030456852 0.03426395939086294 0.06091370558375635 0.04060913705583756
1 0.6421319796954315 0.05203045685279188 0.04314720812182741 0.030456852791878174
1 0.7182741116751269 0.17385786802030456 0.07106598984771574 0.03807106598984772
1 0.7373096446700508 0.2436548223350254 0.07106598984771574 0.030456852791878174
1 0.7715736040609137 0.29314720812182743 0.0583756345177665 0.030456852791878174
1 0.7956852791878173 0.3730964467005076 0.04568527918781726 0.027918781725888325
0 0.4860406091370558 0.8946700507614214 0.12436548223350254 0.05583756345177665
0 0.5317258883248731 0.7982233502538071 0.09137055837563451 0.0532994923857868
0 0.5647208121827412 0.7296954314720813 0.07868020304568528 0.03553299492385787
0 0.6294416243654822 0.6281725888324873 0.050761421319796954 0.030456852791878174
0 0.6484771573604061 0.5520304568527918 0.0532994923857868 0.027918781725888325
0 0.6649746192893401 0.45685279187817257 0.05583756345177665 0.027918781725888325
0 0.6941624365482234 0.4073604060913706 0.050761421319796954 0.017766497461928935
0 0.7309644670050761 0.4517766497461929 0.04568527918781726 0.025380710659898477
0 0.751269035532995 0.5152284263959391 0.06091370558375635 0.02284263959390863
0 0.7728426395939086 0.5697969543147208 0.04568527918781726 0.030456852791878174
0 0.799492385786802 0.6065989847715736 0.0532994923857868 0.027918781725888325