1 0.9695431472081218 0.1802030456852792 0.06091370558375635 0.08121827411167512
1 0.8375634517766497 0.29314720812182743 0.12944162436548223 0.07106598984771574
1 0.7284263959390863 0.4073604060913706 0.08629441624365482 0.050761421319796954
1 0.6370558375634517 0.5368020304568528 0.07106598984771574 0.048223350253807105
1 0.5926395939086294 0.6027918781725888 0.1065989847715736 0.0532994923857868
1 0.5444162436548223 0.7208121827411168 0.08883248730964467 0.04060913705583756
1 0.5342639593908629 0.8439086294416244 0.07868020304568528 0.04568527918781726
1 0.5076142131979695 0.9530456852791879 0.07360406091370558 0.03299492385786802
1 0.4530456852791878 0.9911167512690355 0.07868020304568528 0.017766497461928935
1 0.3883248730964467 0.9784263959390863 0.08121827411167512 0.04314720812182741
1 0.30710659898477155 0.8553299492385786 0.06598984771573604 0.030456852791878174
1 0.28426395939086296 0.7868020304568528 0.06345177664974619 0.02284263959390863
1 0.26649746192893403 0.733502538071066 0.07360406091370558 0.030456852791878174
1 0.23477157360406092 0.6573604060913706 0.0583756345177665 0.03807106598984772
0 0.22208121827411167 0.42258883248730966 0.04314720812182741 0.025380710659898477
0 0.2753807106598985 0.5177664974619289 0.0583756345177665 0.025380710659898477
0 0.24746192893401014 0.46573604060913704 0.0532994923857868 0.025380710659898477
0 0.30076142131979694 0.5812182741116751 0.06091370558375635 0.02284263959390863
0 0.3401015228426396 0.6205583756345178 0.08121827411167512 0.027918781725888325
0 0.3743654822335025 0.5736040609137056 0.07868020304568528 0.03299492385786802
0 0.37944162436548223 0.4873096446700508 0.07106598984771574 0.04568527918781726
0 0.40482233502538073 0.4022842639593909 0.07360406091370558 0.03807106598984772
0 0.45558375634517767 0.30076142131979694 0.09137055837563451 0.04060913705583756
0 0.5063451776649747 0.23096446700507614 0.08629441624365482 0.04060913705583756
0 0.5532994923857868 0.1319796954314721 0.08883248730964467 0.03807106598984772
0 0.6205583756345178 0.02030456852791878 0.10406091370558376 0.04060913705583756