1 0.9712041884816754 0.1806282722513089 0.05759162303664921 0.08376963350785341
1 0.837696335078534 0.29712041884816753 0.13350785340314136 0.07329842931937172
1 0.725130890052356 0.41492146596858637 0.08900523560209424 0.05235602094240838
1 0.6308900523560209 0.5484293193717278 0.07329842931937172 0.049738219895287955
1 0.5850785340314136 0.6164921465968587 0.1099476439790576 0.0549738219895288
1 0.5353403141361257 0.7382198952879581 0.09162303664921466 0.041884816753926704
1 0.524869109947644 0.8651832460732984 0.08115183246073299 0.04712041884816754
1 0.4973821989528796 0.9777486910994765 0.07591623036649214 0.034031413612565446
1 0.3743455497382199 0.9908376963350786 0.08376963350785341 0.01832460732984293
1 0.2905759162303665 0.8769633507853403 0.06806282722513089 0.031413612565445025
1 0.2670157068062827 0.806282722513089 0.06544502617801047 0.02356020942408377
1 0.2486910994764398 0.7513089005235603 0.07591623036649214 0.031413612565445025
1 0.21596858638743455 0.6727748691099477 0.060209424083769635 0.03926701570680628
0 0.20287958115183247 0.4306282722513089 0.04450261780104712 0.02617801047120419
0 0.25785340314136124 0.5287958115183246 0.060209424083769635 0.02617801047120419
0 0.22905759162303665 0.47513089005235604 0.0549738219895288 0.02617801047120419
0 0.28403141361256545 0.5942408376963351 0.06282722513089005 0.02356020942408377
0 0.32460732984293195 0.6348167539267016 0.08376963350785341 0.028795811518324606
0 0.3599476439790576 0.5863874345549738 0.08115183246073299 0.034031413612565446
0 0.36518324607329844 0.4973821989528796 0.07329842931937172 0.04712041884816754
0 0.3913612565445026 0.4096858638743455 0.07591623036649214 0.03926701570680628
0 0.443717277486911 0.30497382198952877 0.09424083769633508 0.041884816753926704
0 0.49607329842931935 0.23298429319371727 0.08900523560209424 0.041884816753926704
0 0.5445026178010471 0.13089005235602094 0.09162303664921466 0.03926701570680628
0 0.6138743455497382 0.01832460732984293 0.10732984293193717 0.03664921465968586