0 0.5013368983957219 0.8903743315508021 0.11764705882352941 0.06951871657754011
0 0.5401069518716578 0.7901069518716578 0.10160427807486631 0.045454545454545456
0 0.5735294117647058 0.7232620320855615 0.10695187165775401 0.053475935828877004
0 0.6417112299465241 0.6109625668449198 0.07754010695187166 0.0481283422459893
0 0.6711229946524064 0.5213903743315508 0.06684491978609626 0.03208556149732621
0 0.6871657754010695 0.42513368983957217 0.06951871657754011 0.026737967914438502
0 0.7152406417112299 0.37566844919786097 0.06951871657754011 0.01871657754010695
0 0.7580213903743316 0.42245989304812837 0.06149732620320856 0.03208556149732621
0 0.7874331550802139 0.48663101604278075 0.06417112299465241 0.029411764705882353
0 0.8048128342245989 0.5387700534759359 0.06951871657754011 0.0374331550802139
0 0.839572192513369 0.5842245989304813 0.06417112299465241 0.026737967914438502
1 0.8355614973262032 0.3449197860962567 0.06684491978609626 0.01871657754010695
1 0.7914438502673797 0.2660427807486631 0.07219251336898395 0.03208556149732621
1 0.7754010695187166 0.20454545454545456 0.0748663101604278 0.026737967914438502
1 0.7393048128342246 0.13770053475935828 0.07754010695187166 0.029411764705882353
1 0.6737967914438503 0.008021390374331552 0.053475935828877004 0.016042780748663103
1 0.553475935828877 0.03074866310160428 0.07754010695187166 0.0374331550802139
1 0.5066844919786097 0.14572192513368984 0.08288770053475936 0.045454545454545456
1 0.4946524064171123 0.27540106951871657 0.0748663101604278 0.045454545454545456
1 0.4532085561497326 0.4037433155080214 0.09090909090909091 0.0481283422459893
1 0.40240641711229946 0.4692513368983957 0.10427807486631016 0.05080213903743316
1 0.29545454545454547 0.6056149732620321 0.0962566844919786 0.058823529411764705
1 0.19919786096256684 0.7205882352941176 0.12032085561497326 0.07219251336898395
1 0.04679144385026738 0.8449197860962567 0.09358288770053476 0.0962566844919786