0 0.9807692307692307 0.6102564102564103 0.038461538461538464 0.11282051282051282
0 0.8641025641025641 0.532051282051282 0.06666666666666667 0.11282051282051282
0 0.767948717948718 0.4948717948717949 0.04358974358974359 0.09743589743589744
0 0.7038461538461539 0.46282051282051284 0.05128205128205128 0.10256410256410256
0 0.5961538461538461 0.3974358974358974 0.046153846153846156 0.07435897435897436
0 0.5102564102564102 0.36923076923076925 0.03076923076923077 0.0641025641025641
0 0.41794871794871796 0.35384615384615387 0.02564102564102564 0.06666666666666667
0 0.37051282051282053 0.3269230769230769 0.017948717948717947 0.06666666666666667
0 0.4153846153846154 0.2858974358974359 0.03076923076923077 0.05897435897435897
0 0.47692307692307695 0.25769230769230766 0.028205128205128206 0.06153846153846154
0 0.5269230769230769 0.24102564102564103 0.035897435897435895 0.06666666666666667
0 0.5705128205128205 0.2076923076923077 0.02564102564102564 0.06153846153846154
1 0.34102564102564104 0.21153846153846154 0.017948717948717947 0.0641025641025641
1 0.2653846153846154 0.25384615384615383 0.03076923076923077 0.06923076923076923
1 0.2064102564102564 0.2692307692307692 0.02564102564102564 0.07179487179487179
1 0.1423076923076923 0.3038461538461538 0.028205128205128206 0.07435897435897436
1 0.01282051282051282 0.36666666666666664 0.02564102564102564 0.05128205128205128
1 0.005128205128205128 0.44358974358974357 0.010256410256410256 0.06153846153846154
1 0.03974358974358974 0.48205128205128206 0.035897435897435895 0.07435897435897436
1 0.15 0.5269230769230769 0.04358974358974359 0.07948717948717948
1 0.2743589743589744 0.5384615384615384 0.04358974358974359 0.07179487179487179
1 0.3974358974358974 0.5782051282051283 0.046153846153846156 0.08717948717948718
1 0.46025641025641023 0.6269230769230769 0.04871794871794872 0.1
1 0.591025641025641 0.7294871794871794 0.05641025641025641 0.09230769230769231
1 0.7012820512820512 0.8217948717948718 0.06923076923076923 0.11538461538461539
1 0.8205128205128205 0.9615384615384616 0.09230769230769231 0.07692307692307693