1 0.37948717948717947 0.2205128205128205 0.02564102564102564 0.05128205128205128
1 0.29743589743589743 0.2551282051282051 0.046153846153846156 0.07692307692307693
1 0.24487179487179486 0.26794871794871794 0.02564102564102564 0.06153846153846154
1 0.17435897435897435 0.30256410256410254 0.038461538461538464 0.08717948717948718
1 0.052564102564102565 0.367948717948718 0.04871794871794872 0.08205128205128205
1 0.035897435897435895 0.44487179487179485 0.04871794871794872 0.08205128205128205
1 0.07692307692307693 0.491025641025641 0.028205128205128206 0.08717948717948718
1 0.18717948717948718 0.5256410256410257 0.05897435897435897 0.11282051282051282
1 0.308974358974359 0.5435897435897435 0.04871794871794872 0.08717948717948718
1 0.42948717948717946 0.5961538461538461 0.05641025641025641 0.09743589743589744
1 0.4935897435897436 0.6435897435897436 0.04871794871794872 0.11282051282051282
1 0.6256410256410256 0.7294871794871794 0.05897435897435897 0.1
1 0.7384615384615385 0.8307692307692308 0.07435897435897436 0.14102564102564102
1 0.8448717948717949 0.958974358974359 0.08461538461538462 0.08205128205128205
0 0.6128205128205129 0.21923076923076923 0.035897435897435895 0.06923076923076923
0 0.5679487179487179 0.24487179487179486 0.02564102564102564 0.05641025641025641
0 0.5128205128205128 0.2705128205128205 0.03333333333333333 0.06923076923076923
0 0.4512820512820513 0.28846153846153844 0.035897435897435895 0.05128205128205128
0 0.4128205128205128 0.3346153846153846 0.017948717948717947 0.09230769230769231
0 0.4576923076923077 0.3576923076923077 0.03076923076923077 0.06153846153846154
0 0.5512820512820513 0.3730769230769231 0.020512820512820513 0.06923076923076923
0 0.6346153846153846 0.4064102564102564 0.041025641025641026 0.07435897435897436
0 0.7346153846153847 0.4576923076923077 0.041025641025641026 0.10256410256410256
0 0.8025641025641026 0.5192307692307693 0.046153846153846156 0.1076923076923077
0 0.9012820512820513 0.5564102564102564 0.046153846153846156 0.12564102564102564