0 0.9171052631578948 0.5894736842105263 0.042105263157894736 0.1
0 0.8157894736842105 0.5460526315789473 0.05 0.08947368421052632
0 0.7473684210526316 0.4986842105263158 0.039473684210526314 0.08947368421052632
0 0.6421052631578947 0.4407894736842105 0.031578947368421054 0.06578947368421052
0 0.5539473684210526 0.40789473684210525 0.02368421052631579 0.05526315789473684
0 0.6210526315789474 0.24473684210526317 0.02368421052631579 0.05263157894736842
0 0.5789473684210527 0.2736842105263158 0.02894736842105263 0.06578947368421052
0 0.5236842105263158 0.29736842105263156 0.02894736842105263 0.08157894736842106
0 0.45263157894736844 0.3236842105263158 0.018421052631578946 0.06315789473684211
0 0.4131578947368421 0.3605263157894737 0.02631578947368421 0.1
0 0.4644736842105263 0.4039473684210526 0.02368421052631579 0.06842105263157895
1 0.3828947368421053 0.25263157894736843 0.02631578947368421 0.06578947368421052
1 0.29736842105263156 0.27631578947368424 0.02368421052631579 0.06315789473684211
1 0.24473684210526317 0.30657894736842106 0.031578947368421054 0.07631578947368421
1 0.17105263157894737 0.32105263157894737 0.042105263157894736 0.08157894736842106
1 0.04736842105263158 0.40131578947368424 0.04473684210526316 0.07105263157894737
1 0.02763157894736842 0.4789473684210526 0.039473684210526314 0.08947368421052632
1 0.07368421052631578 0.5263157894736842 0.034210526315789476 0.1
1 0.1868421052631579 0.5644736842105263 0.05526315789473684 0.10526315789473684
1 0.3105263157894737 0.5763157894736842 0.05 0.08947368421052632
1 0.4342105263157895 0.6236842105263158 0.05 0.09473684210526316
1 0.49736842105263157 0.6710526315789473 0.04736842105263158 0.10263157894736842
1 0.6342105263157894 0.781578947368421 0.05526315789473684 0.11578947368421053
1 0.7460526315789474 0.8947368421052632 0.07631578947368421 0.15526315789473685
1 0.8618421052631579 0.9894736842105263 0.07631578947368421 0.021052631578947368