0 0.3731155778894472 0.9861809045226131 0.12311557788944724 0.02763819095477387
0 0.457286432160804 0.8881909547738693 0.09547738693467336 0.04020100502512563
0 0.49874371859296485 0.7914572864321608 0.08542713567839195 0.04773869346733668
0 0.5439698492462312 0.7261306532663316 0.08542713567839195 0.03768844221105527
0 0.5992462311557789 0.6256281407035176 0.06281407035175879 0.03015075376884422
0 0.6306532663316583 0.5414572864321608 0.052763819095477386 0.022613065326633167
0 0.7864321608040201 0.6055276381909548 0.05025125628140704 0.022613065326633167
0 0.7587939698492462 0.5653266331658291 0.06281407035175879 0.02763819095477387
0 0.7361809045226131 0.5125628140703518 0.07788944723618091 0.02763819095477387
0 0.7110552763819096 0.44472361809045224 0.06030150753768844 0.017587939698492462
0 0.6758793969849246 0.40703517587939697 0.09547738693467336 0.02512562814070352
0 0.6344221105527639 0.45603015075376885 0.06532663316582915 0.022613065326633167
1 0.7788944723618091 0.37814070351758794 0.06281407035175879 0.02512562814070352
1 0.7562814070351759 0.2964824120603015 0.06030150753768844 0.022613065326633167
1 0.7273869346733668 0.24623115577889448 0.0728643216080402 0.03015075376884422
1 0.7135678391959799 0.17587939698492464 0.07788944723618091 0.04020100502512563
1 0.6369346733668342 0.05778894472361809 0.0678391959798995 0.04271356783919598
1 0.5628140703517588 0.038944723618090454 0.08542713567839195 0.03768844221105527
1 0.5175879396984925 0.0829145728643216 0.09547738693467336 0.032663316582914576
1 0.48115577889447236 0.19095477386934673 0.10050251256281408 0.052763819095477386
1 0.46984924623115576 0.30904522613065327 0.08542713567839195 0.04773869346733668
1 0.42462311557788945 0.4271356783919598 0.09045226130653267 0.04773869346733668
1 0.3793969849246231 0.48743718592964824 0.09798994974874371 0.04522613065326633
1 0.27386934673366836 0.6180904522613065 0.11055276381909548 0.052763819095477386
1 0.1658291457286432 0.7248743718592965 0.14824120603015076 0.0728643216080402
1 0.04271356783919598 0.835427135678392 0.08542713567839195 0.0728643216080402