1 0.8439086294416244 0.9771573604060914 0.07360406091370558 0.04568527918781726
1 0.7284263959390863 0.8451776649746193 0.06852791878172589 0.1116751269035533
1 0.616751269035533 0.7449238578680203 0.0532994923857868 0.1116751269035533
1 0.4847715736040609 0.6434010152284264 0.048223350253807105 0.09898477157360407
1 0.4213197969543147 0.5926395939086294 0.04568527918781726 0.09137055837563451
1 0.2982233502538071 0.5456852791878173 0.05583756345177665 0.09390862944162437
1 0.17766497461928935 0.5393401015228426 0.04568527918781726 0.08883248730964467
1 0.07233502538071065 0.4860406091370558 0.03299492385786802 0.06852791878172589
1 0.030456852791878174 0.4479695431472081 0.03553299492385787 0.06852791878172589
1 0.0532994923857868 0.37944162436548223 0.03299492385786802 0.0583756345177665
1 0.1598984771573604 0.30456852791878175 0.048223350253807105 0.07106598984771574
1 0.23223350253807107 0.28426395939086296 0.03553299492385787 0.0532994923857868
1 0.2956852791878173 0.2703045685279188 0.027918781725888325 0.0532994923857868
1 0.36928934010152287 0.22842639593908629 0.02284263959390863 0.05583756345177665
0 0.6015228426395939 0.23096446700507614 0.03553299492385787 0.06091370558375635
0 0.5609137055837563 0.25761421319796957 0.02284263959390863 0.06091370558375635
0 0.5063451776649747 0.2766497461928934 0.027918781725888325 0.0532994923857868
0 0.4416243654822335 0.29949238578680204 0.025380710659898477 0.06598984771573604
0 0.40609137055837563 0.33883248730964466 0.030456852791878174 0.07106598984771574
0 0.4517766497461929 0.36548223350253806 0.03299492385786802 0.06091370558375635
0 0.5444162436548223 0.4010152284263959 0.025380710659898477 0.06598984771573604
0 0.6218274111675127 0.42258883248730966 0.030456852791878174 0.04314720812182741
0 0.7258883248730964 0.46954314720812185 0.03807106598984772 0.08629441624365482
0 0.7931472081218274 0.5228426395939086 0.03807106598984772 0.09898477157360407
0 0.8934010152284264 0.5697969543147208 0.04568527918781726 0.1116751269035533
0 0.9974619289340102 0.6383248730964467 0.005076142131979695 0.06852791878172589