1 0.8970588235294118 0.9732620320855615 0.07754010695187166 0.053475935828877004
1 0.7754010695187166 0.8315508021390374 0.07219251336898395 0.11764705882352941
1 0.6577540106951871 0.7259358288770054 0.05614973262032086 0.11764705882352941
1 0.5187165775401069 0.6189839572192514 0.05080213903743316 0.10427807486631016
1 0.45187165775401067 0.5655080213903744 0.0481283422459893 0.0962566844919786
1 0.32219251336898397 0.516042780748663 0.058823529411764705 0.09893048128342247
1 0.19518716577540107 0.5093582887700535 0.0481283422459893 0.09358288770053476
1 0.08422459893048129 0.4532085561497326 0.034759358288770054 0.07219251336898395
1 0.040106951871657755 0.41310160427807485 0.0374331550802139 0.07219251336898395
1 0.06417112299465241 0.3409090909090909 0.034759358288770054 0.06149732620320856
1 0.17647058823529413 0.2620320855614973 0.05080213903743316 0.0748663101604278
1 0.25267379679144386 0.24064171122994651 0.0374331550802139 0.05614973262032086
1 0.3195187165775401 0.22593582887700533 0.029411764705882353 0.05614973262032086
1 0.39705882352941174 0.18181818181818182 0.02406417112299465 0.058823529411764705
0 0.6417112299465241 0.18449197860962566 0.0374331550802139 0.06417112299465241
0 0.5989304812834224 0.21256684491978609 0.02406417112299465 0.06417112299465241
0 0.5414438502673797 0.232620320855615 0.029411764705882353 0.05614973262032086
0 0.4732620320855615 0.25668449197860965 0.026737967914438502 0.06951871657754011
0 0.4358288770053476 0.29812834224598933 0.03208556149732621 0.0748663101604278
0 0.4839572192513369 0.32620320855614976 0.034759358288770054 0.06417112299465241
0 0.5815508021390374 0.36363636363636365 0.026737967914438502 0.06951871657754011
0 0.6631016042780749 0.38636363636363635 0.03208556149732621 0.045454545454545456
0 0.7727272727272727 0.4358288770053476 0.040106951871657755 0.09090909090909091
0 0.8435828877005348 0.4919786096256685 0.040106951871657755 0.10427807486631016
0 0.9491978609625669 0.5414438502673797 0.0481283422459893 0.11764705882352941