0 0.4548780487804878 0.9 0.1 0.04390243902439024
0 0.4975609756097561 0.8097560975609757 0.09268292682926829 0.05121951219512195
0 0.5365853658536586 0.7439024390243902 0.08780487804878048 0.036585365853658534
0 0.5865853658536585 0.6463414634146342 0.07560975609756097 0.03170731707317073
0 0.6121951219512195 0.5682926829268292 0.07560975609756097 0.03902439024390244
0 0.6439024390243903 0.47560975609756095 0.06341463414634146 0.026829268292682926
0 0.6804878048780488 0.4292682926829268 0.05609756097560976 0.01707317073170732
0 0.7060975609756097 0.47073170731707314 0.04390243902439024 0.01951219512195122
0 0.723170731707317 0.5292682926829269 0.05853658536585366 0.024390243902439025
0 0.748780487804878 0.5817073170731707 0.041463414634146344 0.026829268292682926
0 0.776829268292683 0.624390243902439 0.05121951219512195 0.02195121951219512
1 0.7695121951219512 0.40487804878048783 0.05121951219512195 0.026829268292682926
1 0.7414634146341463 0.3231707317073171 0.06097560975609756 0.024390243902439025
1 0.7219512195121951 0.2707317073170732 0.06097560975609756 0.024390243902439025
1 0.6939024390243902 0.2097560975609756 0.06585365853658537 0.02195121951219512
1 0.6317073170731707 0.08780487804878048 0.04878048780487805 0.03414634146341464
1 0.5621951219512196 0.07560975609756097 0.07317073170731707 0.046341463414634146
1 0.5146341463414634 0.11463414634146342 0.07804878048780488 0.03170731707317073
1 0.4792682926829268 0.21829268292682927 0.06585365853658537 0.03902439024390244
1 0.4682926829268293 0.33414634146341465 0.06585365853658537 0.041463414634146344
1 0.4195121951219512 0.45 0.08292682926829269 0.041463414634146344
1 0.37682926829268293 0.5097560975609756 0.0975609756097561 0.041463414634146344
1 0.27439024390243905 0.6317073170731707 0.0975609756097561 0.06585365853658537
1 0.17682926829268292 0.7439024390243902 0.0975609756097561 0.05365853658536585
1 0.042682926829268296 0.8573170731707317 0.07560975609756097 0.06829268292682927