1 0.7984293193717278 0.39790575916230364 0.0549738219895288 0.02617801047120419
1 0.7787958115183246 0.31544502617801046 0.0549738219895288 0.034031413612565446
1 0.7460732984293194 0.2604712041884817 0.060209424083769635 0.02356020942408377
1 0.7212041884816754 0.19109947643979058 0.060209424083769635 0.034031413612565446
1 0.6557591623036649 0.07198952879581152 0.06544502617801047 0.034031413612565446
1 0.5837696335078534 0.04712041884816754 0.08115183246073299 0.041884816753926704
1 0.5431937172774869 0.09031413612565445 0.07329842931937172 0.031413612565445025
1 0.4856020942408377 0.20157068062827224 0.09947643979057591 0.05235602094240838
1 0.4816753926701571 0.32722513089005234 0.10209424083769633 0.06544502617801047
1 0.4201570680628272 0.44502617801047123 0.08900523560209424 0.041884816753926704
1 0.3586387434554974 0.5143979057591623 0.10209424083769633 0.034031413612565446
1 0.2591623036649215 0.6518324607329843 0.10471204188481675 0.0549738219895288
1 0.1662303664921466 0.7657068062827225 0.13350785340314136 0.05759162303664921
1 0.032722513089005235 0.8887434554973822 0.06544502617801047 0.060209424083769635
0 0.806282722513089 0.6387434554973822 0.05235602094240838 0.028795811518324606
0 0.7814136125654451 0.5942408376963351 0.05759162303664921 0.02617801047120419
0 0.7578534031413613 0.5392670157068062 0.06282722513089005 0.031413612565445025
0 0.7342931937172775 0.4738219895287958 0.060209424083769635 0.028795811518324606
0 0.7054973821989529 0.4293193717277487 0.06806282722513089 0.028795811518324606
0 0.6740837696335078 0.47774869109947643 0.06544502617801047 0.03926701570680628
0 0.6361256544502618 0.5732984293193717 0.06806282722513089 0.03926701570680628
0 0.6151832460732984 0.6531413612565445 0.08115183246073299 0.03926701570680628
0 0.56282722513089 0.7617801047120419 0.08638743455497382 0.03926701570680628
0 0.5104712041884817 0.8324607329842932 0.07591623036649214 0.04712041884816754
0 0.4568062827225131 0.93717277486911 0.09947643979057591 0.03926701570680628