1 0.09391534391534391 0.8134920634920635 0.1111111111111111 0.06349206349206349
1 0.20767195767195767 0.6904761904761905 0.10582010582010581 0.05291005291005291
1 0.30158730158730157 0.5542328042328042 0.10317460317460317 0.05026455026455026
1 0.3531746031746032 0.49074074074074076 0.082010582010582 0.05026455026455026
1 0.41005291005291006 0.36243386243386244 0.09788359788359788 0.05026455026455026
1 0.4246031746031746 0.24074074074074073 0.08465608465608465 0.047619047619047616
1 0.46296296296296297 0.1335978835978836 0.08994708994708994 0.031746031746031744
1 0.5119047619047619 0.09126984126984126 0.08465608465608465 0.047619047619047616
1 0.5806878306878307 0.10978835978835978 0.06613756613756613 0.05291005291005291
1 0.6547619047619048 0.23015873015873015 0.07407407407407407 0.047619047619047616
1 0.6812169312169312 0.3029100529100529 0.06084656084656084 0.026455026455026454
1 0.705026455026455 0.3584656084656085 0.0582010582010582 0.026455026455026454
1 0.7235449735449735 0.44312169312169314 0.06878306878306878 0.0291005291005291
0 0.7367724867724867 0.6798941798941799 0.06084656084656084 0.0291005291005291
0 0.7142857142857143 0.6362433862433863 0.06084656084656084 0.023809523809523808
0 0.6825396825396826 0.5846560846560847 0.06084656084656084 0.031746031746031744
0 0.66005291005291 0.5158730158730159 0.047619047619047616 0.018518518518518517
0 0.623015873015873 0.4748677248677249 0.09259259259259259 0.021164021164021163
0 0.5952380952380952 0.5171957671957672 0.06613756613756613 0.0291005291005291
0 0.5608465608465608 0.6190476190476191 0.06613756613756613 0.0291005291005291
0 0.5343915343915344 0.701058201058201 0.09523809523809523 0.04497354497354497
0 0.49074074074074076 0.8082010582010583 0.08994708994708994 0.05026455026455026
0 0.42724867724867727 0.8849206349206349 0.1111111111111111 0.04497354497354497
0 0.38756613756613756 0.9828042328042328 0.10317460317460317 0.03439153439153439