1 0.9787234042553191 0.0678191489361702 0.0425531914893617 0.07180851063829788
1 0.836436170212766 0.1848404255319149 0.11170212765957446 0.06382978723404255
1 0.7220744680851063 0.30851063829787234 0.10638297872340426 0.05319148936170213
1 0.6276595744680851 0.4454787234042553 0.10372340425531915 0.05053191489361702
1 0.5757978723404256 0.5093085106382979 0.08244680851063829 0.05053191489361702
1 0.5186170212765957 0.6382978723404256 0.09840425531914894 0.05053191489361702
1 0.5039893617021277 0.7606382978723404 0.0851063829787234 0.047872340425531915
1 0.4654255319148936 0.8683510638297872 0.09042553191489362 0.031914893617021274
1 0.4162234042553192 0.910904255319149 0.0851063829787234 0.047872340425531915
1 0.3470744680851064 0.8922872340425532 0.06648936170212766 0.05319148936170213
1 0.2726063829787234 0.7712765957446809 0.07446808510638298 0.047872340425531915
1 0.24601063829787234 0.6981382978723404 0.061170212765957445 0.026595744680851064
1 0.2220744680851064 0.6422872340425532 0.05851063829787234 0.026595744680851064
1 0.20345744680851063 0.5571808510638298 0.06914893617021277 0.02925531914893617
0 0.1901595744680851 0.3191489361702128 0.061170212765957445 0.02925531914893617
0 0.2127659574468085 0.363031914893617 0.061170212765957445 0.023936170212765957
0 0.24468085106382978 0.4148936170212766 0.061170212765957445 0.031914893617021274
0 0.26728723404255317 0.48404255319148937 0.047872340425531915 0.018617021276595744
0 0.3045212765957447 0.5252659574468085 0.09308510638297872 0.02127659574468085
0 0.3324468085106383 0.48271276595744683 0.06648936170212766 0.02925531914893617
0 0.3670212765957447 0.3803191489361702 0.06648936170212766 0.02925531914893617
0 0.39361702127659576 0.2978723404255319 0.09574468085106383 0.04521276595744681
0 0.4375 0.1901595744680851 0.09042553191489362 0.05053191489361702
0 0.5013297872340425 0.11303191489361702 0.11170212765957446 0.04521276595744681
0 0.5412234042553191 0.015957446808510637 0.10372340425531915 0.031914893617021274