0 0.785 0.66 0.05 0.025
0 0.76375 0.62 0.07 0.025
0 0.74125 0.56875 0.06 0.025
0 0.71625 0.505 0.055 0.025
0 0.675 0.46625 0.0525 0.0225
0 0.6525 0.51 0.0475 0.03
0 0.61625 0.59875 0.0825 0.0475
0 0.59375 0.67125 0.075 0.04
0 0.54875 0.78125 0.095 0.0325
0 0.495 0.85875 0.11 0.0575
0 0.4575 0.955 0.1075 0.045
1 0.78375 0.435 0.0575 0.0325
1 0.75625 0.355 0.0575 0.02
1 0.73375 0.3075 0.0425 0.015
1 0.71875 0.24125 0.05 0.025
1 0.6425 0.12625 0.05 0.0275
1 0.57375 0.10375 0.06 0.035
1 0.53125 0.1475 0.0775 0.0325
1 0.48625 0.24875 0.09 0.05
1 0.47 0.3675 0.085 0.0275
1 0.42625 0.48125 0.0775 0.045
1 0.3775 0.5425 0.0975 0.045
1 0.2725 0.67375 0.1175 0.05
1 0.15875 0.79375 0.1375 0.07
1 0.03625 0.90375 0.07 0.0825