0 0.24378109452736318 0.3333333333333333 0.04975124378109453 0.024875621890547265
0 0.26492537313432835 0.373134328358209 0.06965174129353234 0.024875621890547265
0 0.2873134328358209 0.42412935323383083 0.05970149253731343 0.024875621890547265
0 0.31218905472636815 0.48756218905472637 0.05472636815920398 0.024875621890547265
0 0.35323383084577115 0.5261194029850746 0.05223880597014925 0.022388059701492536
0 0.3756218905472637 0.48258706467661694 0.0472636815920398 0.029850746268656716
0 0.4116915422885572 0.39427860696517414 0.08208955223880597 0.0472636815920398
0 0.43407960199004975 0.32213930348258707 0.07462686567164178 0.03980099502487562
0 0.47885572139303484 0.2126865671641791 0.0945273631840796 0.03233830845771144
0 0.5323383084577115 0.13557213930348258 0.10945273631840796 0.05721393034825871
0 0.5696517412935324 0.03980099502487562 0.10696517412935323 0.04477611940298507
1 0.24502487562189054 0.5572139303482587 0.05721393034825871 0.03233830845771144
1 0.27238805970149255 0.6368159203980099 0.05721393034825871 0.01990049751243781
1 0.2947761194029851 0.6840796019900498 0.04228855721393035 0.014925373134328358
1 0.30970149253731344 0.75 0.04975124378109453 0.024875621890547265
1 0.3855721393034826 0.8644278606965174 0.04975124378109453 0.02736318407960199
1 0.4539800995024876 0.8868159203980099 0.05970149253731343 0.03482587064676617
1 0.4962686567164179 0.8432835820895522 0.07711442786069651 0.03233830845771144
1 0.5410447761194029 0.7425373134328358 0.08955223880597014 0.04975124378109453
1 0.5572139303482587 0.6243781094527363 0.0845771144278607 0.02736318407960199
1 0.6007462686567164 0.5111940298507462 0.07711442786069651 0.04477611940298507
1 0.6492537313432836 0.4502487562189055 0.09701492537313433 0.04477611940298507
1 0.753731343283582 0.31965174129353235 0.11691542288557213 0.04975124378109453
1 0.8669154228855721 0.20024875621890548 0.13681592039800994 0.06965174129353234
1 0.9763681592039801 0.09079601990049752 0.0472636815920398 0.08208955223880597