1 0.8828125 0.18229166666666666 0.125 0.06770833333333333
1 0.7734375 0.30078125 0.11458333333333333 0.059895833333333336
1 0.6705729166666666 0.4401041666666667 0.09895833333333333 0.052083333333333336
1 0.6158854166666666 0.5052083333333334 0.08333333333333333 0.044270833333333336
1 0.5625 0.6276041666666666 0.08333333333333333 0.044270833333333336
1 0.546875 0.74609375 0.08854166666666667 0.046875
1 0.5143229166666666 0.8567708333333334 0.08333333333333333 0.033854166666666664
1 0.4635416666666667 0.8958333333333334 0.0625 0.036458333333333336
1 0.4010416666666667 0.8776041666666666 0.0546875 0.041666666666666664
1 0.3203125 0.7578125 0.0703125 0.033854166666666664
1 0.2994791666666667 0.6940104166666666 0.06510416666666667 0.03125
1 0.2760416666666667 0.6380208333333334 0.049479166666666664 0.018229166666666668
1 0.2565104166666667 0.5546875 0.052083333333333336 0.026041666666666668
0 0.23697916666666666 0.3138020833333333 0.052083333333333336 0.026041666666666668
0 0.2643229166666667 0.3619791666666667 0.0625 0.026041666666666668
0 0.2903645833333333 0.41796875 0.0625 0.0390625
0 0.30859375 0.4791666666666667 0.0546875 0.026041666666666668
0 0.3502604166666667 0.5234375 0.07291666666666667 0.03125
0 0.3736979166666667 0.4752604166666667 0.057291666666666664 0.0390625
0 0.41015625 0.3763020833333333 0.07552083333333333 0.036458333333333336
0 0.43359375 0.2994791666666667 0.06510416666666667 0.041666666666666664
0 0.4895833333333333 0.1875 0.0859375 0.052083333333333336
0 0.5364583333333334 0.11067708333333333 0.09114583333333333 0.052083333333333336
0 0.58203125 0.016927083333333332 0.08072916666666667 0.033854166666666664