1 0.9900497512437811 0.07462686567164178 0.01990049751243781 0.05970149253731343
1 0.8606965174129353 0.19651741293532338 0.11940298507462686 0.06467661691542288
1 0.7562189054726368 0.30970149253731344 0.10945273631840796 0.05721393034825871
1 0.6579601990049752 0.4427860696517413 0.0945273631840796 0.04975124378109453
1 0.6057213930348259 0.5049751243781094 0.07960199004975124 0.04228855721393035
1 0.554726368159204 0.6218905472636815 0.07960199004975124 0.04228855721393035
1 0.5398009950248757 0.7350746268656716 0.0845771144278607 0.04477611940298507
1 0.5087064676616916 0.8407960199004975 0.07960199004975124 0.03233830845771144
1 0.4601990049751244 0.8781094527363185 0.05970149253731343 0.03482587064676617
1 0.40049751243781095 0.8606965174129353 0.05223880597014925 0.03980099502487562
1 0.32338308457711445 0.746268656716418 0.06716417910447761 0.03233830845771144
1 0.3034825870646766 0.6853233830845771 0.06218905472636816 0.029850746268656716
1 0.2810945273631841 0.6318407960199005 0.0472636815920398 0.017412935323383085
1 0.26243781094527363 0.5522388059701493 0.04975124378109453 0.024875621890547265
0 0.24378109452736318 0.32213930348258707 0.04975124378109453 0.024875621890547265
0 0.26990049751243783 0.3681592039800995 0.05970149253731343 0.024875621890547265
0 0.2947761194029851 0.4216417910447761 0.05970149253731343 0.03731343283582089
0 0.31218905472636815 0.48009950248756217 0.05223880597014925 0.024875621890547265
0 0.35199004975124376 0.5223880597014925 0.06965174129353234 0.029850746268656716
0 0.3743781094527363 0.4763681592039801 0.05472636815920398 0.03731343283582089
0 0.4092039800995025 0.3818407960199005 0.07213930348258707 0.03482587064676617
0 0.43159203980099503 0.30845771144278605 0.06218905472636816 0.03980099502487562
0 0.48507462686567165 0.20149253731343283 0.08208955223880597 0.04975124378109453
0 0.5298507462686567 0.1281094527363184 0.08706467661691543 0.04975124378109453
0 0.5733830845771144 0.02736318407960199 0.07711442786069651 0.05223880597014925