0 0.7064676616915423 0.25870646766169153 0.02736318407960199 0.07213930348258707
0 0.6616915422885572 0.2860696517412935 0.02736318407960199 0.04975124378109453
0 0.6082089552238806 0.31343283582089554 0.029850746268656716 0.06965174129353234
0 0.5422885572139303 0.3271144278606965 0.022388059701492536 0.05721393034825871
0 0.5049751243781094 0.36318407960199006 0.022388059701492536 0.06716417910447761
0 0.5509950248756219 0.39054726368159204 0.04228855721393035 0.06716417910447761
0 0.6405472636815921 0.42412935323383083 0.03233830845771144 0.07711442786069651
0 0.7201492537313433 0.4639303482587065 0.03980099502487562 0.08955223880597014
0 0.8308457711442786 0.5062189054726368 0.04975124378109453 0.0845771144278607
0 0.9029850746268657 0.5534825870646766 0.04477611940298507 0.09950248756218906
0 0.986318407960199 0.6069651741293532 0.02736318407960199 0.10945273631840796
1 0.47512437810945274 0.26243781094527363 0.017412935323383085 0.0472636815920398
1 0.39800995024875624 0.2947761194029851 0.01990049751243781 0.05970149253731343
1 0.34577114427860695 0.31592039800995025 0.02736318407960199 0.06218905472636816
1 0.2873134328358209 0.332089552238806 0.029850746268656716 0.07213930348258707
1 0.17537313432835822 0.39800995024875624 0.03731343283582089 0.06716417910447761
1 0.15298507462686567 0.46766169154228854 0.03980099502487562 0.05721393034825871
1 0.1927860696517413 0.5124378109452736 0.03233830845771144 0.05970149253731343
1 0.2898009950248756 0.554726368159204 0.0472636815920398 0.07960199004975124
1 0.4017412935323383 0.5621890547263682 0.05223880597014925 0.0845771144278607
1 0.5261194029850746 0.6181592039800995 0.03731343283582089 0.08955223880597014
1 0.5895522388059702 0.6728855721393034 0.05472636815920398 0.12686567164179105
1 0.7139303482587065 0.7661691542288557 0.05721393034825871 0.11442786069651742
1 0.835820895522388 0.8868159203980099 0.07462686567164178 0.12437810945273632