0 0.6902439024390243 0.26097560975609757 0.026829268292682926 0.07073170731707316
0 0.6463414634146342 0.28780487804878047 0.026829268292682926 0.04878048780487805
0 0.5939024390243902 0.3146341463414634 0.02926829268292683 0.06829268292682927
0 0.5292682926829269 0.3280487804878049 0.02195121951219512 0.05609756097560976
0 0.4926829268292683 0.36341463414634145 0.02195121951219512 0.06585365853658537
0 0.5378048780487805 0.3902439024390244 0.041463414634146344 0.06585365853658537
0 0.625609756097561 0.42317073170731706 0.03170731707317073 0.07560975609756097
0 0.7036585365853658 0.46219512195121953 0.03902439024390244 0.08780487804878048
0 0.8121951219512196 0.5036585365853659 0.04878048780487805 0.08292682926829269
0 0.8829268292682927 0.55 0.04390243902439024 0.0975609756097561
0 0.975609756097561 0.6024390243902439 0.04878048780487805 0.1073170731707317
1 0.4634146341463415 0.2646341463414634 0.01707317073170732 0.046341463414634146
1 0.3878048780487805 0.29634146341463413 0.01951219512195122 0.05853658536585366
1 0.33658536585365856 0.3170731707317073 0.026829268292682926 0.06097560975609756
1 0.27926829268292686 0.3329268292682927 0.02926829268292683 0.07073170731707316
1 0.16951219512195123 0.3975609756097561 0.036585365853658534 0.06585365853658537
1 0.1475609756097561 0.4658536585365854 0.03902439024390244 0.05609756097560976
1 0.18658536585365854 0.5097560975609756 0.03170731707317073 0.05853658536585366
1 0.2817073170731707 0.551219512195122 0.046341463414634146 0.07804878048780488
1 0.39146341463414636 0.5585365853658537 0.05121951219512195 0.08292682926829269
1 0.5134146341463415 0.6134146341463415 0.036585365853658534 0.08780487804878048
1 0.5756097560975609 0.6670731707317074 0.05365853658536585 0.12439024390243902
1 0.697560975609756 0.7585365853658537 0.05609756097560976 0.11219512195121951
1 0.8170731707317073 0.8768292682926829 0.07317073170731707 0.12195121951219512