1 0.6898395721925134 0.44385026737967914 0.06149732620320856 0.029411764705882353
1 0.6590909090909091 0.3649732620320856 0.06149732620320856 0.029411764705882353
1 0.6283422459893048 0.3114973262032086 0.06149732620320856 0.0374331550802139
1 0.6163101604278075 0.24064171122994651 0.06684491978609626 0.034759358288770054
1 0.5414438502673797 0.12032085561497326 0.07219251336898395 0.0481283422459893
1 0.4679144385026738 0.10026737967914438 0.07754010695187166 0.0481283422459893
1 0.42379679144385024 0.14705882352941177 0.08288770053475936 0.034759358288770054
1 0.3770053475935829 0.25 0.0962566844919786 0.05614973262032086
1 0.3582887700534759 0.37032085561497324 0.09090909090909091 0.05080213903743316
1 0.30213903743315507 0.4959893048128342 0.10427807486631016 0.040106951871657755
1 0.23663101604278075 0.5588235294117647 0.11229946524064172 0.053475935828877004
1 0.12566844919786097 0.7085561497326203 0.13368983957219252 0.09090909090909091
1 0.0427807486631016 0.8275401069518716 0.0855614973262032 0.08288770053475936
0 0.679144385026738 0.6991978609625669 0.06417112299465241 0.03208556149732621
0 0.6590909090909091 0.6457219251336899 0.05614973262032086 0.029411764705882353
0 0.6310160427807486 0.5868983957219251 0.05614973262032086 0.0427807486631016
0 0.6136363636363636 0.5200534759358288 0.05080213903743316 0.0374331550802139
0 0.5762032085561497 0.47593582887700536 0.045454545454545456 0.0213903743315508
0 0.5427807486631016 0.5267379679144385 0.05614973262032086 0.03208556149732621
0 0.49732620320855614 0.6270053475935828 0.0962566844919786 0.045454545454545456
0 0.4772727272727273 0.7098930481283422 0.10160427807486631 0.053475935828877004
0 0.4184491978609626 0.8221925133689839 0.11764705882352941 0.05614973262032086
0 0.3609625668449198 0.9050802139037433 0.12566844919786097 0.0481283422459893