1 0.2769607843137255 0.5073529411764706 0.056372549019607844 0.02696078431372549
1 0.30514705882352944 0.5796568627450981 0.056372549019607844 0.02696078431372549
1 0.3333333333333333 0.6286764705882353 0.056372549019607844 0.03431372549019608
1 0.3443627450980392 0.6936274509803921 0.061274509803921566 0.031862745098039214
1 0.41299019607843135 0.803921568627451 0.0661764705882353 0.04411764705882353
1 0.4803921568627451 0.8223039215686274 0.07107843137254902 0.04411764705882353
1 0.5208333333333334 0.7794117647058824 0.07598039215686274 0.031862745098039214
1 0.5637254901960784 0.6850490196078431 0.08823529411764706 0.051470588235294115
1 0.5808823529411765 0.5747549019607843 0.08333333333333333 0.04656862745098039
1 0.6323529411764706 0.45955882352941174 0.09558823529411764 0.03676470588235294
1 0.6924019607843137 0.4019607843137255 0.10294117647058823 0.049019607843137254
1 0.7941176470588235 0.2647058823529412 0.12254901960784313 0.08333333333333333
1 0.8946078431372549 0.15441176470588236 0.125 0.07598039215686274
0 0.2867647058823529 0.27328431372549017 0.058823529411764705 0.029411764705882353
0 0.30514705882352944 0.32230392156862747 0.051470588235294115 0.02696078431372549
0 0.33088235294117646 0.3762254901960784 0.051470588235294115 0.0392156862745098
0 0.34681372549019607 0.4375 0.04656862745098039 0.03431372549019608
0 0.38112745098039214 0.47794117647058826 0.041666666666666664 0.0196078431372549
0 0.4117647058823529 0.43137254901960786 0.051470588235294115 0.029411764705882353
0 0.4534313725490196 0.3394607843137255 0.08823529411764706 0.041666666666666664
0 0.47181372549019607 0.26348039215686275 0.09313725490196079 0.049019607843137254
0 0.5257352941176471 0.16053921568627452 0.10784313725490197 0.051470588235294115
0 0.5784313725490197 0.08455882352941177 0.11519607843137254 0.04411764705882353