1 0.9235436893203883 0.14563106796116504 0.12135922330097088 0.06796116504854369
1 0.8094660194174758 0.2645631067961165 0.11407766990291263 0.05339805825242718
1 0.7026699029126213 0.39563106796116504 0.12864077669902912 0.04611650485436893
1 0.6516990291262136 0.4526699029126214 0.09951456310679611 0.04611650485436893
1 0.5983009708737864 0.5679611650485437 0.0825242718446602 0.043689320388349516
1 0.5788834951456311 0.6771844660194175 0.09466019417475728 0.0412621359223301
1 0.5412621359223301 0.7682038834951457 0.0825242718446602 0.03398058252427184
1 0.49150485436893204 0.8094660194174758 0.07766990291262135 0.02669902912621359
1 0.42597087378640774 0.7912621359223301 0.06067961165048544 0.021844660194174758
1 0.36893203883495146 0.6868932038834952 0.04854368932038835 0.014563106796116505
1 0.33980582524271846 0.6213592233009708 0.055825242718446605 0.019417475728155338
1 0.32402912621359226 0.5703883495145631 0.038834951456310676 0.012135922330097087
1 0.3058252427184466 0.5 0.0412621359223301 0.019417475728155338
0 0.29854368932038833 0.27184466019417475 0.05825242718446602 0.03155339805825243
0 0.32402912621359226 0.316747572815534 0.06553398058252427 0.02669902912621359
0 0.34951456310679613 0.36529126213592233 0.05825242718446602 0.02669902912621359
0 0.3628640776699029 0.42718446601941745 0.06067961165048544 0.03155339805825243
0 0.3932038834951456 0.4696601941747573 0.055825242718446605 0.024271844660194174
0 0.4429611650485437 0.42354368932038833 0.07766990291262135 0.038834951456310676
0 0.4696601941747573 0.3337378640776699 0.08009708737864078 0.0412621359223301
0 0.4975728155339806 0.25485436893203883 0.0825242718446602 0.043689320388349516
0 0.5533980582524272 0.15048543689320387 0.09223300970873786 0.043689320388349516
0 0.5983009708737864 0.07888349514563107 0.10436893203883495 0.050970873786407765