1 0.8663366336633663 0.926980198019802 0.06930693069306931 0.12376237623762376
1 0.745049504950495 0.8106435643564357 0.054455445544554455 0.11633663366336634
1 0.6113861386138614 0.7017326732673267 0.04702970297029703 0.1311881188118812
1 0.5532178217821783 0.6497524752475248 0.04702970297029703 0.10148514851485149
1 0.43564356435643564 0.5952970297029703 0.04455445544554455 0.08415841584158416
1 0.32425742574257427 0.5754950495049505 0.04207920792079208 0.09653465346534654
1 0.23143564356435645 0.5371287128712872 0.034653465346534656 0.08415841584158416
1 0.18935643564356436 0.4863861386138614 0.027227722772277228 0.07920792079207921
1 0.2079207920792079 0.41955445544554454 0.022277227722772276 0.06188118811881188
1 0.31435643564356436 0.3613861386138614 0.01485148514851485 0.04950495049504951
1 0.3811881188118812 0.3316831683168317 0.019801980198019802 0.05693069306930693
1 0.43316831683168316 0.3155940594059406 0.012376237623762377 0.039603960396039604
1 0.504950495049505 0.297029702970297 0.019801980198019802 0.04207920792079208
0 0.7376237623762376 0.2896039603960396 0.03217821782178218 0.0594059405940594
0 0.6918316831683168 0.3155940594059406 0.027227722772277228 0.06683168316831684
0 0.6423267326732673 0.3415841584158416 0.027227722772277228 0.0594059405940594
0 0.5792079207920792 0.3551980198019802 0.03217821782178218 0.06188118811881188
0 0.5358910891089109 0.38613861386138615 0.024752475247524754 0.05693069306930693
0 0.5829207920792079 0.4368811881188119 0.039603960396039604 0.07920792079207921
0 0.6745049504950495 0.46410891089108913 0.04207920792079208 0.08168316831683169
0 0.754950495049505 0.49257425742574257 0.04455445544554455 0.08415841584158416
0 0.8613861386138614 0.5495049504950495 0.04455445544554455 0.09405940594059406
0 0.9344059405940595 0.5952970297029703 0.05198019801980198 0.10643564356435643