0 0.3919902912621359 0.9308252427184466 0.09223300970873786 0.055825242718446605
0 0.44660194174757284 0.8555825242718447 0.09466019417475728 0.04611650485436893
0 0.5036407766990292 0.75 0.06310679611650485 0.03640776699029126
0 0.529126213592233 0.6686893203883495 0.07524271844660194 0.03640776699029126
0 0.5618932038834952 0.5776699029126213 0.07281553398058252 0.02912621359223301
0 0.5898058252427184 0.5351941747572816 0.05825242718446602 0.021844660194174758
0 0.6225728155339806 0.5728155339805825 0.043689320388349516 0.019417475728155338
0 0.6383495145631068 0.6359223300970874 0.05825242718446602 0.02912621359223301
0 0.6662621359223301 0.6844660194174758 0.06553398058252427 0.024271844660194174
0 0.6723300970873787 0.7317961165048543 0.06796116504854369 0.03155339805825243
1 0.6856796116504854 0.5036407766990292 0.05825242718446602 0.021844660194174758
1 0.6699029126213593 0.4344660194174757 0.04854368932038835 0.01699029126213592
1 0.6444174757281553 0.38349514563106796 0.055825242718446605 0.02669902912621359
1 0.6262135922330098 0.32160194174757284 0.06067961165048544 0.021844660194174758
1 0.566747572815534 0.21237864077669902 0.055825242718446605 0.03640776699029126
1 0.5 0.1941747572815534 0.07766990291262135 0.03640776699029126
1 0.4356796116504854 0.24393203883495146 0.11165048543689321 0.04854368932038835
1 0.4029126213592233 0.33616504854368934 0.08009708737864078 0.04611650485436893
1 0.3919902912621359 0.441747572815534 0.07766990291262135 0.03155339805825243
1 0.33737864077669905 0.5570388349514563 0.10679611650485436 0.04854368932038835
1 0.28762135922330095 0.6116504854368932 0.10436893203883495 0.04611650485436893
1 0.17597087378640777 0.7427184466019418 0.09466019417475728 0.04854368932038835
1 0.0691747572815534 0.8555825242718447 0.1383495145631068 0.08495145631067962