0 0.9801587301587301 0.5767195767195767 0.03968253968253968 0.10052910052910052
0 0.9087301587301587 0.5185185185185185 0.05026455026455026 0.10317460317460317
0 0.7936507936507936 0.45634920634920634 0.03968253968253968 0.06878306878306878
0 0.705026455026455 0.42857142857142855 0.03968253968253968 0.082010582010582
0 0.6058201058201058 0.39285714285714285 0.031746031746031744 0.07936507936507936
0 0.5595238095238095 0.36243386243386244 0.023809523809523808 0.06349206349206349
0 0.6005291005291006 0.32671957671957674 0.021164021164021163 0.047619047619047616
0 0.6693121693121693 0.30952380952380953 0.031746031746031744 0.06349206349206349
0 0.7222222222222222 0.2791005291005291 0.026455026455026454 0.07142857142857142
0 0.7738095238095238 0.2724867724867725 0.03439153439153439 0.07407407407407407
1 0.5251322751322751 0.25793650793650796 0.023809523809523808 0.06349206349206349
1 0.4497354497354497 0.2751322751322751 0.018518518518518517 0.05291005291005291
1 0.3941798941798942 0.3029100529100529 0.0291005291005291 0.06084656084656084
1 0.32671957671957674 0.32275132275132273 0.023809523809523808 0.06613756613756613
1 0.20767195767195767 0.38756613756613756 0.03968253968253968 0.06084656084656084
1 0.18783068783068782 0.4603174603174603 0.03968253968253968 0.08465608465608465
1 0.24206349206349206 0.5304232804232805 0.05291005291005291 0.12169312169312169
1 0.3425925925925926 0.5661375661375662 0.05026455026455026 0.0873015873015873
1 0.4576719576719577 0.578042328042328 0.03439153439153439 0.08465608465608465
1 0.5833333333333334 0.6375661375661376 0.05291005291005291 0.1164021164021164
1 0.6428571428571429 0.6917989417989417 0.05026455026455026 0.11375661375661375
1 0.7857142857142857 0.8134920634920635 0.05291005291005291 0.10317460317460317
1 0.9087301587301587 0.9272486772486772 0.09259259259259259 0.1455026455026455