1 0.055970149253731345 0.8631840796019901 0.11194029850746269 0.07462686567164178
1 0.1654228855721393 0.7437810945273632 0.10696517412935323 0.05721393034825871
1 0.27860696517412936 0.6131840796019901 0.09950248756218906 0.04975124378109453
1 0.32213930348258707 0.5509950248756219 0.10696517412935323 0.04975124378109453
1 0.39054726368159204 0.43283582089552236 0.08955223880597014 0.04477611940298507
1 0.4079601990049751 0.3246268656716418 0.07960199004975124 0.04477611940298507
1 0.44776119402985076 0.22139303482587064 0.06965174129353234 0.03233830845771144
1 0.486318407960199 0.19029850746268656 0.07711442786069651 0.029850746268656716
1 0.5609452736318408 0.20771144278606965 0.05721393034825871 0.024875621890547265
1 0.6305970149253731 0.31343283582089554 0.07213930348258707 0.02736318407960199
1 0.6405472636815921 0.3781094527363184 0.05223880597014925 0.02736318407960199
1 0.6666666666666666 0.4253731343283582 0.0472636815920398 0.029850746268656716
1 0.6902985074626866 0.5049751243781094 0.04228855721393035 0.017412935323383085
0 0.6865671641791045 0.7350746268656716 0.07213930348258707 0.01990049751243781
0 0.6629353233830846 0.6902985074626866 0.06716417910447761 0.03731343283582089
0 0.6343283582089553 0.6380597014925373 0.04975124378109453 0.022388059701492536
0 0.6181592039800995 0.5758706467661692 0.05472636815920398 0.024875621890547265
0 0.5808457711442786 0.5323383084577115 0.07711442786069651 0.01990049751243781
0 0.5522388059701493 0.5771144278606966 0.07213930348258707 0.02736318407960199
0 0.5211442786069652 0.6691542288557214 0.07213930348258707 0.04477611940298507
0 0.4925373134328358 0.7512437810945274 0.0845771144278607 0.04477611940298507
0 0.44154228855721395 0.8594527363184079 0.0845771144278607 0.04477611940298507
0 0.3805970149253731 0.9365671641791045 0.10945273631840796 0.05472636815920398