0 0.38235294117647056 0.9473039215686274 0.1053921568627451 0.05392156862745098
0 0.42769607843137253 0.8774509803921569 0.09558823529411764 0.049019607843137254
0 0.4963235294117647 0.7696078431372549 0.09558823529411764 0.04411764705882353
0 0.5208333333333334 0.6838235294117647 0.0784313725490196 0.04656862745098039
0 0.5465686274509803 0.5906862745098039 0.0661764705882353 0.024509803921568627
0 0.5894607843137255 0.5490196078431373 0.06372549019607843 0.02696078431372549
0 0.6176470588235294 0.5882352941176471 0.04411764705882353 0.022058823529411766
0 0.6372549019607843 0.6507352941176471 0.049019607843137254 0.03676470588235294
0 0.6593137254901961 0.7058823529411765 0.051470588235294115 0.022058823529411766
0 0.6752450980392157 0.75 0.0661764705882353 0.02696078431372549
1 0.6838235294117647 0.5171568627450981 0.05392156862745098 0.0196078431372549
1 0.6593137254901961 0.4485294117647059 0.05392156862745098 0.022058823529411766
1 0.6458333333333334 0.39705882352941174 0.07107843137254902 0.03431372549019608
1 0.6213235294117647 0.3333333333333333 0.06372549019607843 0.02696078431372549
1 0.5588235294117647 0.2267156862745098 0.061274509803921566 0.0392156862745098
1 0.4950980392156863 0.20465686274509803 0.06372549019607843 0.041666666666666664
1 0.44362745098039214 0.2426470588235294 0.07352941176470588 0.031862745098039214
1 0.40808823529411764 0.3382352941176471 0.08088235294117647 0.03676470588235294
1 0.38235294117647056 0.45098039215686275 0.0857843137254902 0.041666666666666664
1 0.32598039215686275 0.5637254901960784 0.08333333333333333 0.0392156862745098
1 0.27450980392156865 0.625 0.09558823529411764 0.05392156862745098
1 0.1642156862745098 0.7610294117647058 0.10294117647058823 0.061274509803921566
1 0.056372549019607844 0.8786764705882353 0.11274509803921569 0.0857843137254902