0 0.6657894736842105 0.05131578947368421 0.11315789473684211 0.05789473684210526
0 0.6171052631578947 0.12631578947368421 0.10263157894736842 0.05263157894736842
0 0.5434210526315789 0.24210526315789474 0.10263157894736842 0.04736842105263158
0 0.5171052631578947 0.33421052631578946 0.08421052631578947 0.05
0 0.48947368421052634 0.4342105263157895 0.07105263157894737 0.02631578947368421
0 0.44342105263157894 0.4789473684210526 0.06842105263157895 0.02894736842105263
0 0.4131578947368421 0.4368421052631579 0.04736842105263158 0.02368421052631579
0 0.39210526315789473 0.36973684210526314 0.05263157894736842 0.039473684210526314
0 0.3684210526315789 0.3105263157894737 0.05526315789473684 0.02368421052631579
0 0.3513157894736842 0.2631578947368421 0.07105263157894737 0.02894736842105263
1 0.34210526315789475 0.5131578947368421 0.05789473684210526 0.021052631578947368
1 0.3684210526315789 0.5868421052631579 0.05789473684210526 0.02368421052631579
1 0.3828947368421053 0.6421052631578947 0.07631578947368421 0.03684210526315789
1 0.40921052631578947 0.7105263157894737 0.06842105263157895 0.02894736842105263
1 0.4763157894736842 0.825 0.06578947368421052 0.042105263157894736
1 0.5447368421052632 0.8486842105263158 0.06842105263157895 0.04473684210526316
1 0.6 0.8078947368421052 0.07894736842105263 0.034210526315789476
1 0.6381578947368421 0.7052631578947368 0.0868421052631579 0.039473684210526314
1 0.6657894736842105 0.5842105263157895 0.09210526315789473 0.04473684210526316
1 0.7263157894736842 0.4631578947368421 0.08947368421052632 0.042105263157894736
1 0.781578947368421 0.3973684210526316 0.10263157894736842 0.05789473684210526
1 0.9 0.2513157894736842 0.11052631578947368 0.06578947368421052
1 0.9776315789473684 0.125 0.04473684210526316 0.09210526315789473