1 0.66005291005291 0.5608465608465608 0.05291005291005291 0.023809523809523808
1 0.6283068783068783 0.47619047619047616 0.05026455026455026 0.03439153439153439
1 0.6058201058201058 0.4246031746031746 0.06084656084656084 0.026455026455026454
1 0.6005291005291006 0.3558201058201058 0.05555555555555555 0.0291005291005291
1 0.5238095238095238 0.2447089947089947 0.06084656084656084 0.03439153439153439
1 0.44841269841269843 0.21825396825396826 0.07407407407407407 0.03439153439153439
1 0.40476190476190477 0.26455026455026454 0.06613756613756613 0.031746031746031744
1 0.36507936507936506 0.35714285714285715 0.07936507936507936 0.023809523809523808
1 0.33201058201058203 0.47619047619047616 0.06349206349206349 0.03439153439153439
1 0.28174603174603174 0.6044973544973545 0.06349206349206349 0.037037037037037035
1 0.2222222222222222 0.671957671957672 0.09788359788359788 0.03968253968253968
1 0.09656084656084656 0.8095238095238095 0.10582010582010581 0.06349206349206349
0 0.32936507936507936 0.9947089947089947 0.10317460317460317 0.010582010582010581
0 0.3862433862433862 0.9378306878306878 0.06349206349206349 0.042328042328042326
0 0.4576719576719577 0.8201058201058201 0.06613756613756613 0.037037037037037035
0 0.4748677248677249 0.7301587301587301 0.07407407407407407 0.042328042328042326
0 0.5132275132275133 0.6335978835978836 0.07671957671957672 0.037037037037037035
0 0.5542328042328042 0.5886243386243386 0.06613756613756613 0.015873015873015872
0 0.58994708994709 0.6283068783068783 0.07671957671957672 0.03439153439153439
0 0.6031746031746031 0.6957671957671958 0.0582010582010582 0.021164021164021163
0 0.6309523809523809 0.753968253968254 0.06084656084656084 0.031746031746031744
0 0.6507936507936508 0.8029100529100529 0.06613756613756613 0.023809523809523808