1 0.5353535353535354 0.3194444444444444 0.022727272727272728 0.050505050505050504
1 0.45454545454545453 0.34974747474747475 0.03282828282828283 0.047979797979797977
1 0.4053030303030303 0.3712121212121212 0.025252525252525252 0.05808080808080808
1 0.33964646464646464 0.37626262626262624 0.027777777777777776 0.05303030303030303
1 0.2335858585858586 0.4494949494949495 0.03282828282828283 0.05808080808080808
1 0.20833333333333334 0.5214646464646465 0.03282828282828283 0.0707070707070707
1 0.25252525252525254 0.5631313131313131 0.030303030303030304 0.06313131313131314
1 0.3409090909090909 0.601010101010101 0.022727272727272728 0.07575757575757576
1 0.45454545454545453 0.6325757575757576 0.03282828282828283 0.06060606060606061
1 0.577020202020202 0.6805555555555556 0.03535353535353535 0.06060606060606061
1 0.6414141414141414 0.7373737373737373 0.03787878787878788 0.09343434343434344
1 0.7727272727272727 0.8573232323232324 0.06060606060606061 0.10101010101010101
1 0.8914141414141414 0.9646464646464646 0.06565656565656566 0.0707070707070707
0 0.9684343434343434 0.63510101010101 0.047979797979797977 0.09848484848484848
0 0.8952020202020202 0.5808080808080808 0.04040404040404041 0.06060606060606061
0 0.7828282828282829 0.5126262626262627 0.03535353535353535 0.06313131313131314
0 0.696969696969697 0.4962121212121212 0.04040404040404041 0.0707070707070707
0 0.6047979797979798 0.4595959595959596 0.03535353535353535 0.07323232323232323
0 0.5618686868686869 0.42045454545454547 0.015151515151515152 0.06313131313131314
0 0.5997474747474747 0.38636363636363635 0.03282828282828283 0.07323232323232323
0 0.6641414141414141 0.37373737373737376 0.020202020202020204 0.05555555555555555
0 0.7196969696969697 0.3472222222222222 0.030303030303030304 0.05808080808080808
0 0.7664141414141414 0.3282828282828283 0.022727272727272728 0.06313131313131314