0 0.8221925133689839 0.38235294117647056 0.02406417112299465 0.058823529411764705
0 0.7780748663101604 0.39037433155080214 0.029411764705882353 0.0748663101604278
0 0.7205882352941176 0.42245989304812837 0.03208556149732621 0.08823529411764706
0 0.6510695187165776 0.4451871657754011 0.026737967914438502 0.07219251336898395
0 0.6096256684491979 0.4852941176470588 0.040106951871657755 0.09358288770053476
0 0.660427807486631 0.5280748663101604 0.034759358288770054 0.07219251336898395
0 0.7593582887700535 0.553475935828877 0.0427807486631016 0.10695187165775401
0 0.8422459893048129 0.5775401069518716 0.034759358288770054 0.09893048128342247
0 0.9612299465240641 0.6443850267379679 0.03208556149732621 0.10160427807486631
1 0.5802139037433155 0.36363636363636365 0.026737967914438502 0.053475935828877004
1 0.5 0.393048128342246 0.02406417112299465 0.06684491978609626
1 0.44385026737967914 0.4184491978609626 0.040106951871657755 0.06951871657754011
1 0.37967914438502676 0.43315508021390375 0.026737967914438502 0.07219251336898395
1 0.2620320855614973 0.4946524064171123 0.03208556149732621 0.06149732620320856
1 0.24197860962566844 0.5815508021390374 0.053475935828877004 0.10427807486631016
1 0.28342245989304815 0.6270053475935828 0.0374331550802139 0.0962566844919786
1 0.3810160427807487 0.6751336898395722 0.0374331550802139 0.0855614973262032
1 0.5026737967914439 0.696524064171123 0.040106951871657755 0.08288770053475936
1 0.6256684491978609 0.7580213903743316 0.040106951871657755 0.0962566844919786
1 0.6938502673796791 0.81951871657754 0.040106951871657755 0.10962566844919786
1 0.8328877005347594 0.9398395721925134 0.07219251336898395 0.12032085561497326