0 0.34296482412060303 0.23492462311557788 0.06281407035175879 0.03768844221105527
0 0.3706030150753769 0.2851758793969849 0.07035175879396985 0.035175879396984924
0 0.3907035175879397 0.3341708542713568 0.06532663316582915 0.03015075376884422
0 0.4108040201005025 0.39824120603015073 0.05778894472361809 0.022613065326633167
0 0.44472361809045224 0.44095477386934673 0.0829145728643216 0.02763819095477387
0 0.47738693467336685 0.3969849246231156 0.08040201005025126 0.02512562814070352
0 0.5125628140703518 0.3027638190954774 0.08793969849246232 0.04773869346733668
0 0.5464824120603015 0.22236180904522612 0.07035175879396985 0.04020100502512563
0 0.5992462311557789 0.11055276381909548 0.09798994974874371 0.05025125628140704
0 0.6494974874371859 0.03391959798994975 0.10552763819095477 0.04773869346733668
1 0.33668341708542715 0.4685929648241206 0.05527638190954774 0.022613065326633167
1 0.36432160804020103 0.5452261306532663 0.052763819095477386 0.020100502512562814
1 0.38567839195979897 0.5967336683417085 0.05527638190954774 0.01256281407035176
1 0.3957286432160804 0.6633165829145728 0.052763819095477386 0.032663316582914576
1 0.4635678391959799 0.7726130653266332 0.05778894472361809 0.02512562814070352
1 0.5376884422110553 0.7889447236180904 0.08040201005025126 0.032663316582914576
1 0.585427135678392 0.7525125628140703 0.0678391959798995 0.02763819095477387
1 0.628140703517588 0.6507537688442211 0.0728643216080402 0.05025125628140704
1 0.6507537688442211 0.5389447236180904 0.07788944723618091 0.04773869346733668
1 0.7035175879396985 0.4258793969849246 0.07788944723618091 0.04522613065326633
1 0.7550251256281407 0.3592964824120603 0.09045226130653267 0.04522613065326633
1 0.8693467336683417 0.23241206030150754 0.10301507537688442 0.052763819095477386
1 0.9673366834170855 0.1092964824120603 0.06532663316582915 0.08793969849246232