0 0.63510101010101 0.7563131313131313 0.06313131313131314 0.03787878787878788
0 0.6073232323232324 0.7058080808080808 0.0707070707070707 0.03535353535353535
0 0.5871212121212122 0.6565656565656566 0.06565656565656566 0.030303030303030304
0 0.5669191919191919 0.5921717171717171 0.05808080808080808 0.022727272727272728
0 0.5328282828282829 0.5492424242424242 0.08333333333333333 0.027777777777777776
0 0.5 0.5934343434343434 0.08080808080808081 0.025252525252525252
0 0.46464646464646464 0.6881313131313131 0.08838383838383838 0.047979797979797977
0 0.4305555555555556 0.7689393939393939 0.0707070707070707 0.04040404040404041
0 0.37752525252525254 0.8813131313131313 0.09848484848484848 0.050505050505050504
0 0.32702020202020204 0.9583333333333334 0.10606060606060606 0.047979797979797977
1 0.6414141414141414 0.5214646464646465 0.05555555555555555 0.022727272727272728
1 0.6136363636363636 0.4444444444444444 0.05303030303030303 0.020202020202020204
1 0.5921717171717171 0.3926767676767677 0.05555555555555555 0.012626262626262626
1 0.5820707070707071 0.32575757575757575 0.05303030303030303 0.03282828282828283
1 0.5138888888888888 0.2159090909090909 0.05808080808080808 0.025252525252525252
1 0.4393939393939394 0.1994949494949495 0.08080808080808081 0.03282828282828283
1 0.39141414141414144 0.2361111111111111 0.06818181818181818 0.027777777777777776
1 0.3484848484848485 0.3383838383838384 0.07323232323232323 0.050505050505050504
1 0.32575757575757575 0.45075757575757575 0.07828282828282829 0.047979797979797977
1 0.2727272727272727 0.5643939393939394 0.07828282828282829 0.045454545454545456
1 0.22095959595959597 0.6313131313131313 0.09090909090909091 0.045454545454545456
1 0.10606060606060606 0.7588383838383839 0.10353535353535354 0.05303030303030303
1 0.020202020202020204 0.8825757575757576 0.04040404040404041 0.08838383838383838