1 0.032926829268292684 0.8768292682926829 0.06585365853658537 0.07560975609756097
1 0.13170731707317074 0.7621951219512195 0.13902439024390245 0.07804878048780488
1 0.2304878048780488 0.6317073170731707 0.0975609756097561 0.05853658536585366
1 0.28536585365853656 0.573170731707317 0.09024390243902439 0.04878048780487805
1 0.3426829268292683 0.45975609756097563 0.06829268292682927 0.046341463414634146
1 0.36097560975609755 0.35365853658536583 0.07804878048780488 0.04390243902439024
1 0.4036585365853659 0.2597560975609756 0.06097560975609756 0.036585365853658534
1 0.4378048780487805 0.22073170731707317 0.07560975609756097 0.03902439024390244
1 0.5109756097560976 0.24024390243902438 0.06097560975609756 0.036585365853658534
1 0.5768292682926829 0.34512195121951217 0.05121951219512195 0.03170731707317073
1 0.5963414634146341 0.4060975609756098 0.05121951219512195 0.02926829268292683
1 0.6109756097560975 0.4524390243902439 0.03902439024390244 0.026829268292682926
1 0.6463414634146342 0.5329268292682927 0.05853658536585366 0.024390243902439025
0 0.625609756097561 0.7597560975609756 0.06585365853658537 0.02926829268292683
0 0.6121951219512195 0.7158536585365853 0.06097560975609756 0.02926829268292683
0 0.5890243902439024 0.6646341463414634 0.06097560975609756 0.03170731707317073
0 0.5658536585365853 0.598780487804878 0.046341463414634146 0.026829268292682926
0 0.5304878048780488 0.5536585365853659 0.08536585365853659 0.026829268292682926
0 0.5036585365853659 0.6012195121951219 0.07804878048780488 0.03902439024390244
0 0.474390243902439 0.6890243902439024 0.07804878048780488 0.046341463414634146
0 0.4451219512195122 0.7707317073170732 0.08048780487804878 0.046341463414634146
0 0.4036585365853659 0.8853658536585366 0.08780487804878048 0.04878048780487805
0 0.3426829268292683 0.95 0.1073170731707317 0.04878048780487805