0 0.3219895287958115 0.943717277486911 0.1099476439790576 0.05759162303664921
0 0.3704188481675393 0.8664921465968587 0.09424083769633508 0.0549738219895288
0 0.43455497382198954 0.7486910994764397 0.10471204188481675 0.04712041884816754
0 0.45418848167539266 0.6649214659685864 0.07591623036649214 0.04450261780104712
0 0.5 0.5654450261780105 0.09162303664921466 0.041884816753926704
0 0.5301047120418848 0.5235602094240838 0.07068062827225131 0.031413612565445025
0 0.5667539267015707 0.5615183246073299 0.060209424083769635 0.034031413612565446
0 0.587696335078534 0.6321989528795812 0.049738219895287955 0.02356020942408377
0 0.612565445026178 0.6845549738219895 0.07068062827225131 0.028795811518324606
0 0.6321989528795812 0.7303664921465969 0.05235602094240838 0.031413612565445025
1 0.6335078534031413 0.4908376963350785 0.0549738219895288 0.02356020942408377
1 0.6099476439790575 0.41492146596858637 0.06282722513089005 0.028795811518324606
1 0.5929319371727748 0.3599476439790576 0.06544502617801047 0.03664921465968586
1 0.5798429319371727 0.2931937172774869 0.06282722513089005 0.031413612565445025
1 0.5078534031413613 0.17539267015706805 0.06282722513089005 0.03926701570680628
1 0.4319371727748691 0.15968586387434555 0.07068062827225131 0.034031413612565446
1 0.38612565445026176 0.19895287958115182 0.08900523560209424 0.02356020942408377
1 0.34424083769633507 0.29581151832460734 0.07329842931937172 0.04450261780104712
1 0.32722513089005234 0.4083769633507853 0.08115183246073299 0.04712041884816754
1 0.2670157068062827 0.5366492146596858 0.10209424083769633 0.04450261780104712
1 0.2094240837696335 0.6007853403141361 0.11518324607329843 0.041884816753926704
1 0.08769633507853403 0.7356020942408377 0.112565445026178 0.0549738219895288
1 0.011780104712041885 0.8651832460732984 0.02356020942408377 0.07591623036649214