0 0.3247422680412371 0.9884020618556701 0.12371134020618557 0.023195876288659795
0 0.375 0.9252577319587629 0.09278350515463918 0.041237113402061855
0 0.44587628865979384 0.8157216494845361 0.07989690721649484 0.041237113402061855
0 0.46262886597938147 0.7255154639175257 0.07474226804123711 0.04381443298969072
0 0.5038659793814433 0.6327319587628866 0.07989690721649484 0.041237113402061855
0 0.5335051546391752 0.5876288659793815 0.07216494845360824 0.03350515463917526
0 0.5708762886597938 0.625 0.05412371134020619 0.028350515463917526
0 0.5889175257731959 0.6881443298969072 0.061855670103092786 0.03350515463917526
0 0.6069587628865979 0.7487113402061856 0.059278350515463915 0.02577319587628866
0 0.6327319587628866 0.7925257731958762 0.041237113402061855 0.023195876288659795
1 0.6391752577319587 0.5554123711340206 0.05154639175257732 0.020618556701030927
1 0.6172680412371134 0.47809278350515466 0.06443298969072164 0.03865979381443299
1 0.5979381443298969 0.42912371134020616 0.05670103092783505 0.023195876288659795
1 0.5734536082474226 0.36082474226804123 0.059278350515463915 0.030927835051546393
1 0.5103092783505154 0.24484536082474226 0.06443298969072164 0.03608247422680412
1 0.43427835051546393 0.22938144329896906 0.07474226804123711 0.03865979381443299
1 0.3865979381443299 0.26804123711340205 0.10309278350515463 0.03865979381443299
1 0.3479381443298969 0.36211340206185566 0.09020618556701031 0.04896907216494845
1 0.32216494845360827 0.47809278350515466 0.0979381443298969 0.04381443298969072
1 0.2706185567010309 0.5940721649484536 0.08505154639175258 0.04381443298969072
1 0.22164948453608246 0.6597938144329897 0.11597938144329897 0.04381443298969072
1 0.11211340206185567 0.7963917525773195 0.11855670103092783 0.05670103092783505
1 0.024484536082474227 0.9226804123711341 0.04896907216494845 0.06701030927835051