0 0.3148148148148148 0.9841269841269841 0.12698412698412698 0.031746031746031744
0 0.3664021164021164 0.9153439153439153 0.09523809523809523 0.042328042328042326
0 0.43915343915343913 0.8029100529100529 0.082010582010582 0.042328042328042326
0 0.45634920634920634 0.7103174603174603 0.07671957671957672 0.04497354497354497
0 0.49867724867724866 0.6150793650793651 0.082010582010582 0.042328042328042326
0 0.5291005291005291 0.5687830687830688 0.07407407407407407 0.03439153439153439
0 0.5674603174603174 0.6071428571428571 0.05555555555555555 0.0291005291005291
0 0.5859788359788359 0.671957671957672 0.06349206349206349 0.03439153439153439
0 0.6044973544973545 0.7341269841269841 0.06084656084656084 0.026455026455026454
0 0.6309523809523809 0.7791005291005291 0.042328042328042326 0.023809523809523808
1 0.6375661375661376 0.5357142857142857 0.05291005291005291 0.021164021164021163
1 0.6150793650793651 0.45634920634920634 0.06613756613756613 0.03968253968253968
1 0.5952380952380952 0.4060846560846561 0.0582010582010582 0.023809523809523808
1 0.5701058201058201 0.335978835978836 0.06084656084656084 0.031746031746031744
1 0.5052910052910053 0.21693121693121692 0.06613756613756613 0.037037037037037035
1 0.42724867724867727 0.20105820105820105 0.07671957671957672 0.03968253968253968
1 0.3783068783068783 0.24074074074074073 0.10582010582010581 0.03968253968253968
1 0.3386243386243386 0.3373015873015873 0.09259259259259259 0.05026455026455026
1 0.31216931216931215 0.45634920634920634 0.10052910052910052 0.04497354497354497
1 0.25925925925925924 0.5753968253968254 0.0873015873015873 0.04497354497354497
1 0.20899470899470898 0.6428571428571429 0.11904761904761904 0.04497354497354497
1 0.09656084656084656 0.783068783068783 0.12169312169312169 0.0582010582010582
1 0.015873015873015872 0.9126984126984127 0.031746031746031744 0.06878306878306878