0 0.9560301507537688 0.6884422110552764 0.05778894472361809 0.12060301507537688
0 0.8819095477386935 0.6419597989949749 0.052763819095477386 0.09547738693467336
0 0.7713567839195979 0.5816582914572864 0.04271356783919598 0.08793969849246232
0 0.6896984924623115 0.5552763819095478 0.03015075376884422 0.06281407035175879
0 0.5992462311557789 0.5150753768844221 0.03768844221105527 0.05778894472361809
0 0.5515075376884422 0.4723618090452261 0.017587939698492462 0.04522613065326633
0 0.5879396984924623 0.4434673366834171 0.017587939698492462 0.04773869346733668
0 0.657035175879397 0.4321608040201005 0.02512562814070352 0.05025125628140704
0 0.7123115577889447 0.4108040201005025 0.02763819095477387 0.06030150753768844
0 0.7562814070351759 0.39195979899497485 0.02512562814070352 0.05778894472361809
1 0.5263819095477387 0.37814070351758794 0.02512562814070352 0.04773869346733668
1 0.44974874371859297 0.39824120603015073 0.02763819095477387 0.04773869346733668
1 0.39824120603015073 0.42462311557788945 0.02512562814070352 0.04271356783919598
1 0.33040201005025127 0.44472361809045224 0.03015075376884422 0.05778894472361809
1 0.22236180904522612 0.5050251256281407 0.04020100502512563 0.07537688442211055
1 0.20603015075376885 0.5804020100502513 0.035175879396984924 0.0678391959798995
1 0.24371859296482412 0.628140703517588 0.03768844221105527 0.09045226130653267
1 0.3341708542713568 0.6683417085427136 0.03768844221105527 0.08040201005025126
1 0.44974874371859297 0.6809045226130653 0.05025125628140704 0.08542713567839195
1 0.5603015075376885 0.7311557788944724 0.03768844221105527 0.08793969849246232
1 0.621859296482412 0.7977386934673367 0.032663316582914576 0.10301507537688442
1 0.7625628140703518 0.8982412060301508 0.06030150753768844 0.10804020100502512
1 0.8793969849246231 0.9912060301507538 0.06030150753768844 0.017587939698492462