0 0.312807881773399 0.9593596059113301 0.11822660098522167 0.05665024630541872
0 0.3583743842364532 0.8866995073891626 0.09359605911330049 0.05172413793103448
0 0.41748768472906406 0.7783251231527094 0.08620689655172414 0.04187192118226601
0 0.4433497536945813 0.6982758620689655 0.06157635467980296 0.029556650246305417
0 0.4827586206896552 0.6096059113300493 0.05665024630541872 0.03694581280788178
0 0.5246305418719212 0.562807881773399 0.04433497536945813 0.017241379310344827
0 0.5529556650246306 0.5985221674876847 0.046798029556650245 0.017241379310344827
0 0.5640394088669951 0.666256157635468 0.04926108374384237 0.024630541871921183
0 0.5849753694581281 0.7204433497536946 0.059113300492610835 0.027093596059113302
0 0.603448275862069 0.7635467980295566 0.05665024630541872 0.024630541871921183
1 0.6169950738916257 0.5381773399014779 0.046798029556650245 0.024630541871921183
1 0.5972906403940886 0.4630541871921182 0.046798029556650245 0.027093596059113302
1 0.5714285714285714 0.4125615763546798 0.04187192118226601 0.024630541871921183
1 0.5517241379310345 0.3460591133004926 0.05665024630541872 0.029556650246305417
1 0.49261083743842365 0.24014778325123154 0.07389162561576355 0.03940886699507389
1 0.4187192118226601 0.22413793103448276 0.0665024630541872 0.034482758620689655
1 0.37192118226600984 0.26108374384236455 0.08866995073891626 0.03694581280788178
1 0.33251231527093594 0.3497536945812808 0.07881773399014778 0.03694581280788178
1 0.32019704433497537 0.4630541871921182 0.08374384236453201 0.04926108374384237
1 0.270935960591133 0.5714285714285714 0.08620689655172414 0.03694581280788178
1 0.20566502463054187 0.6317733990147784 0.10098522167487685 0.03201970443349754
1 0.10714285714285714 0.7697044334975369 0.10591133004926108 0.059113300492610835
1 0.012315270935960592 0.8842364532019704 0.024630541871921183 0.059113300492610835