1 0.58994708994709 0.5568783068783069 0.06084656084656084 0.0291005291005291
1 0.5582010582010583 0.4828042328042328 0.06878306878306878 0.031746031746031744
1 0.533068783068783 0.42328042328042326 0.06613756613756613 0.03439153439153439
1 0.5291005291005291 0.3558201058201058 0.031746031746031744 0.023809523809523808
1 0.455026455026455 0.23941798941798942 0.07407407407407407 0.04497354497354497
1 0.38227513227513227 0.22486772486772486 0.06878306878306878 0.03439153439153439
1 0.32936507936507936 0.25925925925925924 0.06878306878306878 0.0291005291005291
1 0.2962962962962963 0.3611111111111111 0.07407407407407407 0.037037037037037035
1 0.2777777777777778 0.4801587301587302 0.082010582010582 0.042328042328042326
1 0.21428571428571427 0.6018518518518519 0.10052910052910052 0.05291005291005291
1 0.15211640211640212 0.667989417989418 0.08994708994708994 0.047619047619047616
1 0.046296296296296294 0.8029100529100529 0.09259259259259259 0.05555555555555555
0 0.582010582010582 0.8055555555555556 0.06349206349206349 0.03439153439153439
0 0.5542328042328042 0.7605820105820106 0.07671957671957672 0.037037037037037035
0 0.5277777777777778 0.6997354497354498 0.07671957671957672 0.042328042328042326
0 0.5079365079365079 0.6322751322751323 0.047619047619047616 0.023809523809523808
0 0.48677248677248675 0.582010582010582 0.07407407407407407 0.031746031746031744
0 0.4444444444444444 0.6375661375661376 0.06084656084656084 0.037037037037037035
0 0.4021164021164021 0.7288359788359788 0.08465608465608465 0.03439153439153439
0 0.37433862433862436 0.8227513227513228 0.08465608465608465 0.05026455026455026
0 0.3201058201058201 0.9325396825396826 0.0873015873015873 0.0582010582010582
0 0.25132275132275134 0.9907407407407407 0.1111111111111111 0.018518518518518517