1 0.501269035532995 0.3730964467005076 0.027918781725888325 0.0583756345177665
1 0.4302030456852792 0.4035532994923858 0.030456852791878174 0.06598984771573604
1 0.3730964467005076 0.4276649746192893 0.03299492385786802 0.06345177664974619
1 0.3083756345177665 0.43147208121827413 0.02284263959390863 0.030456852791878174
1 0.1967005076142132 0.5025380710659898 0.04314720812182741 0.07106598984771574
1 0.18274111675126903 0.5723350253807107 0.03299492385786802 0.06598984771573604
1 0.21573604060913706 0.6230964467005076 0.027918781725888325 0.06598984771573604
1 0.3134517766497462 0.6548223350253807 0.03553299492385787 0.07106598984771574
1 0.4276649746192893 0.6725888324873096 0.04060913705583756 0.07868020304568528
1 0.5444162436548223 0.733502538071066 0.050761421319796954 0.09644670050761421
1 0.6078680203045685 0.7931472081218274 0.04568527918781726 0.08629441624365482
1 0.7373096446700508 0.9022842639593909 0.0532994923857868 0.10152284263959391
1 0.8591370558375635 0.9936548223350253 0.0532994923857868 0.012690355329949238
0 0.7398477157360406 0.38071065989847713 0.03299492385786802 0.06091370558375635
0 0.6967005076142132 0.4073604060913706 0.03553299492385787 0.07360406091370558
0 0.6383248730964467 0.43274111675126903 0.04060913705583756 0.07360406091370558
0 0.5736040609137056 0.4517766497461929 0.02284263959390863 0.04568527918781726
0 0.5253807106598984 0.4720812182741117 0.030456852791878174 0.07106598984771574
0 0.5786802030456852 0.5126903553299492 0.03553299492385787 0.0583756345177665
0 0.666243654822335 0.5532994923857868 0.03299492385786802 0.08121827411167512
0 0.7563451776649747 0.5799492385786802 0.048223350253807105 0.08121827411167512
0 0.8616751269035533 0.631979695431472 0.05583756345177665 0.08375634517766498
0 0.9365482233502538 0.699238578680203 0.05583756345177665 0.1065989847715736