1 0.01611328125 0.12142237640936687 0.03173828125 0.10147441457068516
1 0.205078125 0.19254119687771032 0.09033203125 0.12402428447528187
1 0.37060546875 0.18039895923677363 0.0888671875 0.12575888985255854
1 0.51123046875 0.1595836947094536 0.0791015625 0.10928013876843018
1 0.59130859375 0.13529921942758022 0.07421875 0.10147441457068516
1 0.9736328125 0.07198612315698179 0.052734375 0.07718993928881179
0 0.95166015625 0.3183000867302689 0.09619140625 0.1474414570685169
0 0.8876953125 0.2723330442324371 0.08349609375 0.1448395490026019
0 0.65576171875 0.6869037294015612 0.17041015625 0.2523850823937554
0 0.40966796875 0.803122289679098 0.18896484375 0.30529054640069386
0 0.08642578125 0.8647007805724197 0.1708984375 0.27059843885516044