1 0.011398176291793313 0.10495495495495495 0.022796352583586626 0.10540540540540541
1 0.20263424518743667 0.17927927927927928 0.09371833839918946 0.12882882882882882
1 0.37436676798378926 0.16666666666666666 0.09219858156028368 0.13063063063063063
1 0.5202634245187436 0.14504504504504503 0.08206686930091185 0.11351351351351352
1 0.6033434650455927 0.11981981981981982 0.07700101317122594 0.10540540540540541
1 0.986322188449848 0.053603603603603604 0.02735562310030395 0.08018018018018018
0 0.9635258358662614 0.3099099099099099 0.0729483282674772 0.15315315315315314
0 0.9108409321175278 0.26216216216216215 0.08662613981762918 0.15045045045045044
0 0.6702127659574468 0.6927927927927928 0.1767983789260385 0.26216216216216215
0 0.4148936170212766 0.8135135135135135 0.196048632218845 0.3171171171171171
0 0.08409321175278622 0.8684684684684685 0.16818642350557245 0.26306306306306304