0 0.88671875 0.6808326105810928 0.0908203125 0.15611448395490027
0 0.73486328125 0.6400693842150911 0.08837890625 0.1344319167389419
0 0.68701171875 0.585429314830876 0.08056640625 0.12575888985255854
0 0.7666015625 0.590633130962706 0.07861328125 0.13096270598438856
1 0.80322265625 0.16999132697311362 0.0546875 0.08326105810928014
1 0.88818359375 0.1717259323503903 0.0537109375 0.07718993928881179
1 0.9462890625 0.17259323503902863 0.052734375 0.08065915004336513
1 0.90234375 0.1474414570685169 0.0458984375 0.06331309627059845
1 0.98681640625 0.1344319167389419 0.02587890625 0.07718993928881179
1 0.4404296875 0.3391153512575889 0.0673828125 0.10667823070251518
1 0.36865234375 0.396357328707719 0.07080078125 0.11014744145706852
1 0.22802734375 0.4449262792714657 0.07666015625 0.12055507372072853
1 0.07666015625 0.4778837814397225 0.0869140625 0.1222896790980052