0 0.35427394438722964 0.8351648351648352 0.055612770339855816 0.11721611721611722
0 0.41503604531410915 0.8269230769230769 0.05973223480947477 0.13095238095238096
0 0.49897013388259526 0.8415750915750916 0.06591143151390319 0.14285714285714285
0 0.5659114315139032 0.8644688644688645 0.07518022657054584 0.1346153846153846
0 0.65216271884655 0.9194139194139194 0.0839340885684861 0.16117216117216118
0 0.7623583934088568 0.75503663003663 0.03759011328527292 0.21520146520146521
1 0.22322348094747682 0.21153846153846154 0.008753861997940269 0.07142857142857142
1 0.233264675592173 0.16941391941391942 0.028836251287332648 0.07875457875457875
1 0.2796086508753862 0.24358974358974358 0.04737384140061792 0.08699633699633699
1 0.31307929969104015 0.18223443223443223 0.046343975283213185 0.09615384615384616
1 0.34757981462409887 0.1043956043956044 0.04891864057672503 0.10531135531135531
1 0.3918640576725026 0.04304029304029304 0.053553038105046344 0.08608058608058608