0 0.6457260556127703 0.15018315018315018 0.055612770339855816 0.11721611721611722
0 0.5849639546858908 0.15842490842490842 0.05973223480947477 0.13095238095238096
0 0.5010298661174047 0.14377289377289376 0.06591143151390319 0.14285714285714285
0 0.4340885684860968 0.12087912087912088 0.07518022657054584 0.1346153846153846
0 0.34732234809474766 0.07280219780219781 0.0839340885684861 0.14560439560439561
0 0.23764160659114314 0.2303113553113553 0.03759011328527292 0.21520146520146521
1 0.7767765190525232 0.7738095238095238 0.008753861997940269 0.07142857142857142
1 0.766735324407827 0.8159340659340659 0.028836251287332648 0.07875457875457875
1 0.7203913491246138 0.7417582417582418 0.04737384140061792 0.08699633699633699
1 0.6869207003089598 0.8031135531135531 0.046343975283213185 0.09615384615384616
1 0.6524201853759012 0.8809523809523809 0.04891864057672503 0.10531135531135531
1 0.6081359423274975 0.9491758241758241 0.053553038105046344 0.10164835164835165
1 0.5514933058702368 0.9848901098901099 0.0607621009268795 0.03021978021978022