0 0.2958984375 0.26799653078924546 0.0625 0.09366869037294015
0 0.30029296875 0.37033824804856896 0.06982421875 0.10060711188204684
0 0.29248046875 0.5117085862966175 0.076171875 0.11101474414570685
0 0.2802734375 0.6244579358196011 0.07177734375 0.1266261925411969
0 0.2490234375 0.7701647875108413 0.08935546875 0.14137033824804857
0 0.3388671875 0.9618386816999133 0.11474609375 0.07632263660017347
1 0.60546875 0.02168256721595837 0.0380859375 0.04163052905464007
1 0.62841796875 0.027753686036426712 0.0380859375 0.05464006938421509
1 0.65087890625 0.055507372072853424 0.0419921875 0.06678230702515178
1 0.611328125 0.1422376409366869 0.04638671875 0.0797918473547268
1 0.64404296875 0.19861231569817867 0.05126953125 0.07805724197745013
1 0.685546875 0.2567215958369471 0.05615234375 0.0823937554206418
1 0.72314453125 0.3313096270598439 0.05615234375 0.09019947961838681
1 0.767578125 0.42671292281006074 0.0693359375 0.1023417172593235
1 0.931640625 0.5958369470945359 0.0810546875 0.12055507372072853