1 0.404296875 0.29314830875975717 0.03564453125 0.058109280138768434
1 0.4462890625 0.3304423243712056 0.03271484375 0.0598438855160451
1 0.46826171875 0.3469210754553339 0.03564453125 0.05637467476149176
1 0.4892578125 0.3720728534258456 0.04052734375 0.06504770164787511
1 0.44677734375 0.46487424111014747 0.0458984375 0.07285342584562012
1 0.5 0.5195143104943626 0.048828125 0.07545533391153512
1 0.54443359375 0.5802254986990459 0.04931640625 0.07718993928881179
1 0.578125 0.6582827406764961 0.05908203125 0.07892454466608846
1 0.57958984375 0.753686036426713 0.0673828125 0.09540329575021683
1 0.75048828125 0.9228100607111882 0.080078125 0.12142237640936687
1 0.904296875 0.9388551604509974 0.0830078125 0.1222896790980052
0 0.123046875 0.6001734605377277 0.0615234375 0.09540329575021683
0 0.11572265625 0.7094535993061578 0.0693359375 0.10147441457068516
0 0.1044921875 0.8603642671292281 0.0810546875 0.11535125758889853
0 0.07568359375 0.9592367736339983 0.083984375 0.08152645273200347