0 0.3470648815653965 0.015567765567765568 0.027806385169927908 0.031135531135531136
0 0.3470648815653965 0.07692307692307693 0.030895983522142123 0.06776556776556776
0 0.33419155509783727 0.14560439560439561 0.047888774459320285 0.07142857142857142
0 0.3372811534500515 0.22893772893772893 0.05303810504634397 0.08058608058608059
0 0.36611740473738413 0.36355311355311354 0.061791967044284246 0.09706959706959707
0 0.4227600411946447 0.49542124542124544 0.061277033985581875 0.1108058608058608
0 0.6071060762100927 0.6245421245421245 0.07518022657054584 0.1336996336996337
0 0.7384140061791967 0.6410256410256411 0.08135942327497425 0.13186813186813187
0 0.8614830072090628 0.61996336996337 0.08187435633367662 0.12545787545787546
1 0.931513903192585 0.09432234432234432 0.04737384140061792 0.07234432234432235
1 0.88259526261586 0.1163003663003663 0.047888774459320285 0.0695970695970696
1 0.7914521112255407 0.11538461538461539 0.04531410916580844 0.0695970695970696
1 0.709577754891864 0.10714285714285714 0.04685890834191555 0.07142857142857142
1 0.6053038105046344 0.024725274725274724 0.03964984552008239 0.04945054945054945