0 0.5218253968253969 0.2980599647266314 0.025297619047619048 0.059082892416225746
0 0.4905753968253968 0.2962962962962963 0.030753968253968252 0.06349206349206349
0 0.4489087301587302 0.291005291005291 0.03373015873015873 0.07142857142857142
0 0.41418650793650796 0.27336860670194 0.03968253968253968 0.06525573192239859
0 0.3715277777777778 0.26807760141093473 0.04563492063492063 0.06349206349206349
0 0.29365079365079366 0.30511463844797176 0.05803571428571429 0.10582010582010581
1 0.6125992063492064 0.5326278659611993 0.016865079365079364 0.019400352733686066
1 0.5887896825396826 0.5970017636684304 0.01984126984126984 0.037037037037037035
1 0.597718253968254 0.5811287477954145 0.017361111111111112 0.03439153439153439
1 0.6026785714285714 0.562610229276896 0.015873015873015872 0.024691358024691357
1 0.5634920634920635 0.5696649029982364 0.02132936507936508 0.043209876543209874
1 0.5486111111111112 0.6155202821869489 0.020337301587301588 0.04585537918871252
1 0.5307539682539683 0.6296296296296297 0.023313492063492064 0.04938271604938271
1 0.5094246031746031 0.6437389770723104 0.02628968253968254 0.0564373897707231
1 0.4816468253968254 0.7028218694885362 0.028769841269841268 0.06172839506172839
1 0.43601190476190477 0.86331569664903 0.036210317460317464 0.07495590828924162
1 0.43253968253968256 0.9832451499118166 0.037698412698412696 0.03350970017636684