0 0.38330078125 0.4640069384215091 0.03271484375 0.04423243712055507
0 0.38232421875 0.5186470078057241 0.03515625 0.053772766695576756
0 0.37939453125 0.5915004336513443 0.03955078125 0.05897658282740677
0 0.36962890625 0.6522116218560278 0.0361328125 0.06938421509106678
0 0.36669921875 0.7267996530789246 0.03515625 0.0797918473547268
0 0.38720703125 0.8629661751951431 0.05859375 0.10147441457068516
1 0.51318359375 0.30529054640069386 0.0107421875 0.029488291413703384
1 0.548828125 0.3469210754553339 0.0205078125 0.03469210754553339
1 0.5400390625 0.3313096270598439 0.01904296875 0.030355594102341718
1 0.52978515625 0.3226366001734605 0.013671875 0.027753686036426712
1 0.53369140625 0.391153512575889 0.02392578125 0.0372940156114484
1 0.55908203125 0.417172593235039 0.025390625 0.03555941023417172
1 0.56689453125 0.4483954900260191 0.02734375 0.040763226366001735
1 0.57470703125 0.4856895056374675 0.03125 0.04596704249783174
1 0.607421875 0.5342584562012143 0.0341796875 0.05030355594102342
1 0.6962890625 0.614050303555941 0.04150390625 0.06331309627059845
1 0.77392578125 0.6201214223764093 0.041015625 0.06591500433651344
1 0.8564453125 0.619254119687771 0.0419921875 0.06418039895923677
1 0.9072265625 0.6019080659150043 0.04345703125 0.062445793581960105