0 0.4994606256742179 0.7452107279693486 0.02750809061488673 0.06417624521072797
0 0.5334412081984897 0.7471264367816092 0.03344120819848975 0.06896551724137931
0 0.5787486515641855 0.7528735632183908 0.036677454153182305 0.07758620689655173
0 0.616504854368932 0.7720306513409961 0.043149946062567425 0.07088122605363985
0 0.662891046386192 0.7777777777777778 0.04962243797195254 0.06896551724137931
0 0.7475728155339806 0.7375478927203065 0.06310679611650485 0.11494252873563218
1 0.4007551240560949 0.4904214559386973 0.018338727076591153 0.0210727969348659
1 0.4266450916936354 0.42049808429118773 0.021574973031283712 0.040229885057471264
1 0.41693635382955774 0.43773946360153254 0.018878101402373247 0.03735632183908046
1 0.4115426105717368 0.4578544061302682 0.017259978425026967 0.02681992337164751
1 0.45415318230852214 0.4501915708812261 0.02319309600862999 0.04693486590038314
1 0.4703344120819849 0.4003831417624521 0.022114347357065803 0.04980842911877394
1 0.48975188781014023 0.3850574712643678 0.02535059331175836 0.05363984674329502
1 0.5129449838187702 0.36973180076628354 0.028586839266450916 0.06130268199233716
1 0.5431499460625674 0.3055555555555556 0.03128371089536138 0.06704980842911877
1 0.5927723840345199 0.13122605363984674 0.039374325782092774 0.08141762452107279
1 0.5965480043149946 0.009578544061302681 0.040992448759439054 0.019157088122605363