0 0.270112016293279 0.03215579710144927 0.08503054989816701 0.06431159420289854
0 0.31873727087576376 0.22554347826086957 0.079938900203666 0.14945652173913043
0 0.3757637474541752 0.40398550724637683 0.06924643584521385 0.11865942028985507
0 0.5422606924643585 0.7880434782608695 0.04276985743380855 0.08423913043478261
0 0.5636456211812627 0.6621376811594203 0.04175152749490835 0.08423913043478261
0 0.5819755600814664 0.6295289855072463 0.03767820773930754 0.07608695652173914
0 0.5784114052953157 0.7028985507246377 0.03920570264765784 0.07336956521739131
1 0.6074338085539714 0.058876811594202896 0.040224032586558045 0.0806159420289855
1 0.6186354378818737 0.20380434782608695 0.037169042769857434 0.07336956521739131
1 0.6354378818737271 0.33605072463768115 0.03360488798370672 0.06793478260869565
1 0.6532586558044806 0.39945652173913043 0.032586558044806514 0.0625
1 0.7077393075356415 0.7391304347826086 0.026476578411405296 0.050724637681159424
1 0.7057026476578412 0.8152173913043478 0.0274949083503055 0.051630434782608696
1 0.7113034623217923 0.8414855072463768 0.025967413441955193 0.041666666666666664
1 0.7062118126272913 0.8804347826086957 0.0269857433808554 0.050724637681159424
1 0.7184317718940937 0.9302536231884058 0.023930753564154784 0.04800724637681159
1 0.7260692464358453 0.9850543478260869 0.025458248472505093 0.029891304347826088