0 0.7204861111111112 0.9673721340388007 0.08283730158730158 0.06525573192239859
0 0.6736111111111112 0.7786596119929453 0.07787698412698413 0.1455026455026455
0 0.6180555555555556 0.6049382716049383 0.06746031746031746 0.11552028218694885
0 0.4558531746031746 0.2310405643738977 0.041666666666666664 0.082010582010582
0 0.4350198412698413 0.35361552028218696 0.040674603174603176 0.082010582010582
0 0.41716269841269843 0.3853615520282187 0.03670634920634921 0.07407407407407407
0 0.42063492063492064 0.31393298059964725 0.03819444444444445 0.07142857142857142
1 0.3923611111111111 0.9409171075837742 0.039186507936507936 0.07848324514991181
1 0.3814484126984127 0.7998236331569665 0.036210317460317464 0.07142857142857142
1 0.36507936507936506 0.6710758377425045 0.03273809523809524 0.06613756613756613
1 0.34771825396825395 0.609347442680776 0.031746031746031744 0.06084656084656084
1 0.29464285714285715 0.2786596119929453 0.025793650793650792 0.04938271604938271
1 0.29662698412698413 0.20458553791887124 0.026785714285714284 0.05026455026455026
1 0.29117063492063494 0.17901234567901234 0.025297619047619048 0.04056437389770723
1 0.2961309523809524 0.14109347442680775 0.02628968253968254 0.04938271604938271
1 0.28422619047619047 0.09259259259259259 0.023313492063492064 0.04673721340388007
1 0.2767857142857143 0.029982363315696647 0.0248015873015873 0.04673721340388007