1 0.14856860809476802 0.6157894736842106 0.042941757156959526 0.060526315789473685
1 0.10266535044422508 0.6622807017543859 0.04837117472852912 0.06754385964912281
1 0.020977295162882527 0.7232456140350877 0.041954590325765054 0.0780701754385965
1 0.3484698914116486 0.48157894736842105 0.03060217176702863 0.0412280701754386
1 0.3899308983218164 0.4780701754385965 0.02665350444225074 0.039473684210526314
1 0.4022704837117473 0.4675438596491228 0.02073050345508391 0.03859649122807018
1 0.4230009871668312 0.4728070175438597 0.024679170779861797 0.042105263157894736
1 0.4452122408687068 0.4482456140350877 0.022704837117472853 0.037719298245614034
1 0.47482724580454094 0.43157894736842106 0.022704837117472853 0.035964912280701755
1 0.5014807502467917 0.41578947368421054 0.022211253701875617 0.02894736842105263
1 0.5241855873642646 0.39649122807017545 0.020236920039486673 0.02982456140350877
1 0.543928923988154 0.3824561403508772 0.018756169792694965 0.02894736842105263
1 0.5508390918065152 0.3684210526315789 0.01678183613030602 0.027192982456140352
0 0.39091806515301086 0.7614035087719299 0.046890424481737414 0.07894736842105263
0 0.31786771964461996 0.7447368421052631 0.04738400789733465 0.0780701754385965
0 0.2981243830207305 0.7157894736842105 0.043928923988154 0.06842105263157895
0 0.34106614017769005 0.7087719298245614 0.04096742349457058 0.06842105263157895
0 0.506416584402764 0.5175438596491229 0.023692003948667325 0.043859649122807015
0 0.5296150049358341 0.5245614035087719 0.02665350444225074 0.04736842105263158
0 0.552319842053307 0.5166666666666667 0.025172754195459033 0.042105263157894736
0 0.5636722606120435 0.5342105263157895 0.02813425468904245 0.0456140350877193
0 0.6011846001974334 0.5026315789473684 0.026159921026653505 0.04298245614035088
0 0.6411648568608095 0.4824561403508772 0.02566633761105627 0.04035087719298246
0 0.7033563672260612 0.45614035087719296 0.02319842053307009 0.035964912280701755
0 0.7102665350444225 0.4307017543859649 0.022704837117472853 0.02982456140350877
0 0.7082922013820335 0.4087719298245614 0.02171767028627838 0.02631578947368421