1 0.5193482688391039 0.041666666666666664 0.029022403258655804 0.0625
1 0.524949083503055 0.14130434782608695 0.026476578411405296 0.0552536231884058
1 0.5325865580448065 0.529891304347826 0.020366598778004074 0.042572463768115944
1 0.5290224032586558 0.5914855072463768 0.020875763747454174 0.03985507246376811
1 0.5310590631364562 0.6159420289855072 0.01883910386965377 0.030797101449275364
1 0.5264765784114053 0.6431159420289855 0.020366598778004074 0.04076086956521739
1 0.5305498981670062 0.6956521739130435 0.018329938900203666 0.021739130434782608
1 0.5295315682281059 0.7762681159420289 0.018329938900203666 0.03894927536231884
1 0.530040733197556 0.8369565217391305 0.017820773930753563 0.035326086956521736
1 0.5310590631364562 0.8913043478260869 0.018329938900203666 0.035326086956521736
1 0.5320773930753564 0.9429347826086957 0.015784114052953158 0.03351449275362319
1 0.5356415478615071 0.9628623188405797 0.016293279022403257 0.028985507246376812
0 0.4363543788187373 0.26811594202898553 0.04837067209775967 0.09329710144927536
0 0.45824847250509165 0.16576086956521738 0.04226069246435845 0.08605072463768115
0 0.469959266802444 0.2346014492753623 0.03513238289205703 0.07518115942028986
0 0.47810590631364563 0.16485507246376813 0.026476578411405296 0.07518115942028986
0 0.5 0.7364130434782609 0.022912423625254582 0.051630434782608696
0 0.4908350305498982 0.779891304347826 0.028513238289205704 0.05615942028985507
0 0.49185336048879835 0.8269927536231884 0.025458248472505093 0.04619565217391304
0 0.48116089613034624 0.8541666666666666 0.029531568228105907 0.06068840579710145
0 0.48523421588594706 0.9556159420289855 0.0274949083503055 0.06159420289855073