1 0.6045081967213115 0.005009107468123861 0.014344262295081968 0.010018214936247723
1 0.5394467213114754 0.04918032786885246 0.02920081967213115 0.06284153005464481
1 0.5450819672131147 0.1493624772313297 0.02663934426229508 0.05555555555555555
1 0.5527663934426229 0.5400728597449909 0.020491803278688523 0.042805100182149364
1 0.5491803278688525 0.6020036429872495 0.021004098360655737 0.04007285974499089
1 0.5512295081967213 0.6265938069216758 0.018954918032786885 0.030965391621129327
1 0.5466188524590164 0.6539162112932605 0.020491803278688523 0.040983606557377046
1 0.5507172131147541 0.7067395264116576 0.018442622950819672 0.02185792349726776
1 0.5496926229508197 0.7877959927140255 0.018442622950819672 0.039162112932604735
1 0.5502049180327869 0.848816029143898 0.017930327868852458 0.03551912568306011
1 0.5512295081967213 0.9034608378870674 0.018442622950819672 0.03551912568306011
1 0.5522540983606558 0.9553734061930783 0.015881147540983607 0.033697632058287796
1 0.5558401639344263 0.9754098360655737 0.01639344262295082 0.029143897996357013
0 0.45594262295081966 0.2768670309653916 0.048668032786885244 0.09380692167577413
0 0.47797131147540983 0.17395264116575593 0.04252049180327869 0.08652094717668488
0 0.48975409836065575 0.24316939890710382 0.0353483606557377 0.075591985428051
0 0.4979508196721312 0.17304189435336975 0.02663934426229508 0.075591985428051
0 0.5199795081967213 0.7477231329690346 0.02305327868852459 0.05191256830601093
0 0.5107581967213115 0.7914389799635702 0.028688524590163935 0.056466302367941715
0 0.5117827868852459 0.8387978142076503 0.025614754098360656 0.04644808743169399
0 0.5010245901639344 0.8661202185792349 0.02971311475409836 0.0610200364298725
0 0.5051229508196722 0.9681238615664846 0.027663934426229508 0.061930783242258654