0 0.03515625 0.71875 0.0693359375 0.1154513888888889
0 0.01708984375 0.6414930555555556 0.03369140625 0.06944444444444445
0 0.39013671875 0.5043402777777778 0.0263671875 0.044270833333333336
0 0.4130859375 0.5112847222222222 0.02734375 0.041666666666666664
0 0.4375 0.5078125 0.02197265625 0.036458333333333336
0 0.44921875 0.5217013888888888 0.02978515625 0.04774305555555555
0 0.4951171875 0.5052083333333334 0.0263671875 0.04079861111111111
0 0.54345703125 0.5 0.02490234375 0.03993055555555555
0 0.60693359375 0.4913194444444444 0.02099609375 0.03298611111111111
0 0.62255859375 0.4791666666666667 0.02099609375 0.030381944444444444
0 0.62109375 0.4626736111111111 0.0185546875 0.020833333333333332
1 0.501953125 0.4288194444444444 0.01220703125 0.022569444444444444
1 0.494140625 0.4340277777777778 0.015625 0.021701388888888888
1 0.4716796875 0.4401041666666667 0.0166015625 0.026041666666666668
1 0.4482421875 0.4453125 0.01806640625 0.027777777777777776
1 0.41552734375 0.4522569444444444 0.0205078125 0.03125
1 0.37646484375 0.4548611111111111 0.02099609375 0.03125
1 0.34130859375 0.4626736111111111 0.02392578125 0.033854166666666664
1 0.32470703125 0.4565972222222222 0.01708984375 0.03298611111111111
1 0.31201171875 0.4635416666666667 0.0263671875 0.036458333333333336
1 0.2705078125 0.4626736111111111 0.0283203125 0.03819444444444445