0 0.02666999002991027 0.7335992907801419 0.05333998005982054 0.11790780141843972
0 0.008225324027916252 0.6551418439716312 0.016450648055832504 0.07092198581560284
0 0.38035892323030907 0.5150709219858156 0.026919242273180457 0.04521276595744681
0 0.4037886340977069 0.5221631205673759 0.027916251246261216 0.0425531914893617
0 0.4287138584247258 0.5186170212765957 0.02243270189431705 0.03723404255319149
0 0.4406779661016949 0.5328014184397163 0.03040877367896311 0.04875886524822695
0 0.48753738783649053 0.5159574468085106 0.026919242273180457 0.041666666666666664
0 0.536889332003988 0.5106382978723404 0.025423728813559324 0.040780141843971635
0 0.6016949152542372 0.50177304964539 0.02143569292123629 0.03368794326241135
0 0.6176470588235294 0.48936170212765956 0.02143569292123629 0.03102836879432624
0 0.6161515453639083 0.4725177304964539 0.018943170488534396 0.02127659574468085
1 0.4945164506480558 0.4379432624113475 0.012462612163509471 0.02304964539007092
1 0.4865403788634098 0.4432624113475177 0.015952143569292122 0.022163120567375887
1 0.46360917248255235 0.449468085106383 0.01694915254237288 0.026595744680851064
1 0.43968095712861416 0.45478723404255317 0.018444666001994018 0.028368794326241134
1 0.40628115653040875 0.46187943262411346 0.020937188434695914 0.031914893617021274
1 0.3664007976071785 0.4645390070921986 0.02143569292123629 0.031914893617021274
1 0.3305084745762712 0.4725177304964539 0.024426719840478565 0.034574468085106384
1 0.3135593220338983 0.46631205673758863 0.01744765702891326 0.03368794326241135
1 0.30059820538384846 0.4734042553191489 0.026919242273180457 0.03723404255319149
1 0.25822532402791626 0.4725177304964539 0.028913260219341975 0.03900709219858156