0 0.5005065856129686 0.3099099099099099 0.025835866261398176 0.04864864864864865
0 0.49645390070921985 0.35225225225225226 0.0243161094224924 0.05045045045045045
0 0.49848024316109424 0.3972972972972973 0.02127659574468085 0.04054054054054054
0 0.49037487335359675 0.4189189189189189 0.027862208713272545 0.054954954954954956
0 0.5 0.5036036036036036 0.023809523809523808 0.04864864864864865
0 0.5030395136778115 0.5927927927927928 0.02330293819655522 0.04594594594594595
0 0.5081053698074974 0.7099099099099099 0.019250253292806486 0.03873873873873874
0 0.5151975683890577 0.7387387387387387 0.01773049645390071 0.03873873873873874
0 0.524822695035461 0.7360360360360361 0.0121580547112462 0.03423423423423423
1 0.544579533941236 0.5162162162162162 0.013171225937183385 0.02252252252252252
1 0.5415400202634245 0.5018018018018018 0.012664640324214792 0.02882882882882883
1 0.5379939209726444 0.4603603603603604 0.015197568389057751 0.03063063063063063
1 0.5349544072948328 0.41711711711711713 0.016210739614994935 0.03333333333333333
1 0.5309017223910841 0.3567567567567568 0.0182370820668693 0.03783783783783784
1 0.5293819655521783 0.28468468468468466 0.0182370820668693 0.03873873873873874
1 0.524822695035461 0.21981981981981982 0.019756838905775075 0.044144144144144144
1 0.5283687943262412 0.1891891891891892 0.019250253292806486 0.03153153153153153
1 0.5243161094224924 0.16576576576576577 0.02127659574468085 0.04864864864864865
1 0.524822695035461 0.0891891891891892 0.022289766970618033 0.05225225225225225