0 0.5652642934196332 0.036468330134357005 0.018878101402373247 0.029750479846449136
0 0.5431499460625674 0.03934740882917467 0.021574973031283712 0.0345489443378119
0 0.5140237324703344 0.03838771593090211 0.02535059331175836 0.03166986564299424
0 0.488403451995685 0.02015355086372361 0.028586839266450916 0.04030710172744722
0 0.459007551240561 0.025911708253358926 0.03128371089536138 0.05182341650671785
0 0.4083063646170442 0.0710172744721689 0.038834951456310676 0.07677543186180422
0 0.3565264293419633 0.1362763915547025 0.04584681769147789 0.0710172744721689
0 0.3220064724919094 0.36084452975047987 0.052319309600863 0.0873320537428023
0 0.3295577130528587 0.5038387715930902 0.05070118662351672 0.08349328214971209
0 0.34951456310679613 0.6266794625719769 0.04692556634304207 0.08349328214971209
0 0.43042071197411 0.9376199616122841 0.036677454153182305 0.07005758157389635
0 0.45415318230852214 0.8406909788867563 0.030744336569579287 0.060460652591170824
0 0.4697950377562028 0.8109404990403071 0.025889967637540454 0.05758157389635317
0 0.4617044228694714 0.8675623800383877 0.0296655879180151 0.05566218809980806
1 0.5480043149946062 0.9841650671785028 0.018338727076591153 0.03166986564299424
1 0.5458468176914779 0.9625719769673704 0.016181229773462782 0.04126679462571977
1 0.5496224379719525 0.9049904030710173 0.016181229773462782 0.03550863723608445
1 0.5318230852211435 0.654510556621881 0.021035598705501618 0.04222648752399232
1 0.5221143473570659 0.6113243761996161 0.02319309600862999 0.04126679462571977
1 0.5183387270765911 0.527831094049904 0.023732470334412083 0.04318618042226487
1 0.5183387270765911 0.44337811900191937 0.024271844660194174 0.046065259117082535
1 0.5458468176914779 0.3416506717850288 0.01779935275080906 0.03934740882917467
1 0.5620280474649406 0.30230326295585414 0.018878101402373247 0.036468330134357005
1 0.5760517799352751 0.27351247600767753 0.018338727076591153 0.0345489443378119
1 0.587378640776699 0.2619961612284069 0.016181229773462782 0.03262955854126679
1 0.5981661272923409 0.24472168905950095 0.01564185544768069 0.03166986564299424
1 0.6181229773462783 0.28119001919385794 0.01348435814455232 0.02783109404990403
1 0.622437971952535 0.2619961612284069 0.014023732470334413 0.023032629558541268
1 0.6316073354908306 0.21401151631477927 0.011866235167206042 0.022072936660268713
1 0.6256742179072277 0.2437619961612284 0.010248112189859764 0.02111324376199616