0 0.5530451866404715 0.1431064572425829 0.01719056974459725 0.027050610820244327
0 0.5329076620825147 0.1457242582897033 0.019646365422396856 0.031413612565445025
0 0.506385068762279 0.14485165794066318 0.023084479371316306 0.028795811518324606
0 0.48330058939096265 0.12041884816753927 0.026031434184675836 0.053228621291448515
0 0.456286836935167 0.12827225130890052 0.02848722986247544 0.05846422338568935
0 0.41011787819253437 0.17452006980802792 0.03536345776031434 0.06980802792321117
0 0.36296660117878193 0.2338568935427574 0.04174852652259332 0.06457242582897033
0 0.33153241650294696 0.43804537521815007 0.04764243614931238 0.07940663176265271
0 0.33840864440078583 0.5680628272251309 0.04616895874263261 0.07591623036649214
0 0.3565815324165029 0.6797556719022687 0.04273084479371316 0.07591623036649214
0 0.4302554027504912 0.962478184991274 0.03339882121807466 0.0636998254799302
0 0.4518664047151277 0.8743455497382199 0.027996070726915522 0.0549738219895288
0 0.46611001964636545 0.8472949389179756 0.023575638506876228 0.05235602094240838
0 0.4587426326129666 0.8987783595113438 0.027013752455795677 0.0506108202443281
1 0.537328094302554 0.9952006980802792 0.01669941060903733 0.009598603839441536
1 0.5353634577603144 0.9829842931937173 0.014734774066797643 0.034031413612565446
1 0.5388015717092338 0.9328097731239092 0.014734774066797643 0.03228621291448516
1 0.5225933202357563 0.7050610820244329 0.019155206286836934 0.038394415357766144
1 0.5137524557956779 0.6657940663176265 0.02111984282907662 0.037521815008726006
1 0.5103143418467584 0.5898778359511344 0.021611001964636542 0.03926701570680628
1 0.5103143418467584 0.5130890052356021 0.022102161100196464 0.041884816753926704
1 0.5353634577603144 0.4205933682373473 0.016208251473477406 0.03577661431064572
1 0.550098231827112 0.38481675392670156 0.01719056974459725 0.03315881326352531
1 0.56286836935167 0.3586387434554974 0.01669941060903733 0.031413612565445025
1 0.5731827111984283 0.3481675392670157 0.014734774066797643 0.029668411867364748
1 0.5830058939096268 0.3324607329842932 0.01424361493123772 0.028795811518324606
1 0.6011787819253438 0.3656195462478185 0.012278978388998035 0.02530541012216405
1 0.6051080550098232 0.3481675392670157 0.012770137524557957 0.020942408376963352
1 0.6134577603143418 0.3045375218150087 0.010805500982318271 0.02006980802792321
1 0.6080550098231827 0.33158813263525305 0.009332023575638507 0.019197207678883072