0 0.30029296875 0.40625 0.01513671875 0.030381944444444444
0 0.3017578125 0.4418402777777778 0.017578125 0.034722222222222224
0 0.30126953125 0.4887152777777778 0.01611328125 0.04079861111111111
0 0.28759765625 0.5295138888888888 0.02978515625 0.04600694444444445
0 0.2919921875 0.5772569444444444 0.03271484375 0.050347222222222224
0 0.31787109375 0.6588541666666666 0.0390625 0.0625
0 0.35107421875 0.7421875 0.0361328125 0.07378472222222222
0 0.46533203125 0.7977430555555556 0.04443359375 0.0842013888888889
0 0.5380859375 0.7855902777777778 0.04248046875 0.08159722222222222
0 0.6005859375 0.7534722222222222 0.04248046875 0.07552083333333333
0 0.7587890625 0.6232638888888888 0.03564453125 0.059027777777777776
0 0.70947265625 0.5850694444444444 0.03076171875 0.049479166666666664
0 0.6943359375 0.5598958333333334 0.029296875 0.041666666666666664
0 0.72314453125 0.5729166666666666 0.0283203125 0.04774305555555555
0 0.87109375 0.5052083333333334 0.02392578125 0.033854166666666664
0 0.89208984375 0.5225694444444444 0.02783203125 0.03732638888888889
0 0.91796875 0.5217013888888888 0.02490234375 0.033854166666666664
0 0.92919921875 0.5407986111111112 0.03125 0.03819444444444445
0 0.9736328125 0.5321180555555556 0.0322265625 0.04079861111111111
1 0.931640625 0.4036458333333333 0.01953125 0.026909722222222224
1 0.92431640625 0.4140625 0.01953125 0.026041666666666668
1 0.904296875 0.421875 0.02197265625 0.026909722222222224
1 0.88134765625 0.4270833333333333 0.02099609375 0.020833333333333332
1 0.85205078125 0.4322916666666667 0.021484375 0.028645833333333332
1 0.8203125 0.4331597222222222 0.02099609375 0.030381944444444444
1 0.798828125 0.4427083333333333 0.021484375 0.027777777777777776
1 0.783203125 0.4340277777777778 0.017578125 0.029513888888888888
1 0.771484375 0.4375 0.02099609375 0.026041666666666668
1 0.7421875 0.4314236111111111 0.01806640625 0.026041666666666668
1 0.61474609375 0.4600694444444444 0.021484375 0.033854166666666664
1 0.5927734375 0.4756944444444444 0.02099609375 0.03732638888888889
1 0.55029296875 0.4817708333333333 0.02197265625 0.03819444444444445
1 0.50732421875 0.4817708333333333 0.0234375 0.0390625
1 0.45556640625 0.4375 0.02001953125 0.028645833333333332
1 0.435546875 0.4114583333333333 0.0185546875 0.030381944444444444
1 0.4208984375 0.3888888888888889 0.017578125 0.029513888888888888
1 0.4150390625 0.3706597222222222 0.0166015625 0.026041666666666668
1 0.40625 0.3532986111111111 0.01611328125 0.025173611111111112
1 0.4248046875 0.3211805555555556 0.01416015625 0.021701388888888888
1 0.4150390625 0.3142361111111111 0.01171875 0.022569444444444444
1 0.390625 0.2994791666666667 0.01123046875 0.019097222222222224
1 0.40576171875 0.3090277777777778 0.0107421875 0.016493055555555556