1 0.5625 0.3224043715846995 0.015368852459016393 0.030965391621129327
1 0.5635245901639344 0.3670309653916211 0.01485655737704918 0.030054644808743168
1 0.5671106557377049 0.3797814207650273 0.01485655737704918 0.02459016393442623
1 0.5645491803278688 0.40528233151183973 0.014344262295081968 0.029143897996357013
1 0.5727459016393442 0.4307832422586521 0.013831967213114754 0.026411657559198543
1 0.5783811475409836 0.4672131147540984 0.014344262295081968 0.025500910746812388
1 0.5845286885245902 0.5036429872495446 0.0117827868852459 0.01366120218579235
1 0.5906762295081968 0.52367941712204 0.010758196721311475 0.020947176684881604
1 0.5952868852459017 0.5446265938069217 0.010245901639344262 0.020036429872495445
1 0.6014344262295082 0.5528233151183971 0.00973360655737705 0.01912568306010929
1 0.5184426229508197 0.10109289617486339 0.02305327868852459 0.042805100182149364
1 0.5025614754098361 0.056466302367941715 0.0235655737704918 0.0482695810564663
0 0.5829918032786885 0.73224043715847 0.010245901639344262 0.02459016393442623
0 0.5753073770491803 0.7377049180327869 0.010245901639344262 0.02459016393442623
0 0.5665983606557377 0.7240437158469946 0.012295081967213115 0.026411657559198543
0 0.5578893442622951 0.6520947176684881 0.014344262295081968 0.028233151183970857
0 0.5512295081967213 0.6074681238615665 0.015881147540983607 0.030965391621129327
0 0.5404713114754098 0.5646630236794171 0.016905737704918034 0.03551912568306011
0 0.5466188524590164 0.5519125683060109 0.01485655737704918 0.029143897996357013
0 0.5435450819672131 0.5255009107468124 0.01639344262295082 0.030054644808743168
0 0.5471311475409836 0.5 0.013831967213114754 0.026411657559198543
0 0.4651639344262295 0.37158469945355194 0.027663934426229508 0.04918032786885246
0 0.4718237704918033 0.290528233151184 0.02663934426229508 0.05191256830601093
0 0.48104508196721313 0.2650273224043716 0.025614754098360656 0.0482695810564663
0 0.48360655737704916 0.3151183970856102 0.02305327868852459 0.04371584699453552
0 0.27792008196721313 0.022313296903460837 0.057889344262295084 0.044626593806921674
0 0.33299180327868855 0.12750455373406194 0.04918032786885246 0.09107468123861566