1 0.4140625 0.3993055555555556 0.0166015625 0.026041666666666668
1 0.43798828125 0.3975694444444444 0.01611328125 0.025173611111111112
1 0.44482421875 0.3914930555555556 0.01318359375 0.025173611111111112
1 0.45849609375 0.3958333333333333 0.015625 0.024305555555555556
1 0.47216796875 0.3819444444444444 0.01416015625 0.0234375
1 0.49169921875 0.3723958333333333 0.013671875 0.024305555555555556
1 0.51123046875 0.3619791666666667 0.00732421875 0.019965277777777776
1 0.52197265625 0.3515625 0.01123046875 0.018229166666666668
1 0.533203125 0.34375 0.0107421875 0.017361111111111112
1 0.53759765625 0.3333333333333333 0.01025390625 0.016493055555555556
1 0.29541015625 0.4739583333333333 0.02294921875 0.0390625
1 0.271484375 0.5008680555555556 0.02587890625 0.03993055555555555
1 0.22412109375 0.53125 0.03125 0.04600694444444445
1 0.16064453125 0.5564236111111112 0.03515625 0.04861111111111111
1 0.06591796875 0.5347222222222222 0.0380859375 0.04861111111111111
1 0.02197265625 0.5112847222222222 0.03759765625 0.042534722222222224
0 0.6337890625 0.3645833333333333 0.01318359375 0.017361111111111112
0 0.63671875 0.3776041666666667 0.01318359375 0.017361111111111112
0 0.62939453125 0.3923611111111111 0.01416015625 0.020833333333333332
0 0.5908203125 0.4071180555555556 0.01513671875 0.024305555555555556
0 0.56689453125 0.4184027777777778 0.0166015625 0.026909722222222224
0 0.5439453125 0.4366319444444444 0.01904296875 0.028645833333333332
0 0.537109375 0.4262152777777778 0.015625 0.025173611111111112
0 0.52294921875 0.4314236111111111 0.01611328125 0.027777777777777776
0 0.50927734375 0.4253472222222222 0.01416015625 0.0234375
0 0.4404296875 0.5642361111111112 0.0263671875 0.046875
0 0.39697265625 0.5529513888888888 0.02783203125 0.04513888888888889
0 0.38330078125 0.5373263888888888 0.02587890625 0.043402777777777776
0 0.41015625 0.5329861111111112 0.0234375 0.0390625
0 0.130126953125 0.9674479166666666 0.07275390625 0.06510416666666667
0 0.236328125 0.8810763888888888 0.0576171875 0.09809027777777778
0 0.3095703125 0.7881944444444444 0.048828125 0.08333333333333333