0 0.5690200210748156 0.3707865168539326 0.0184404636459431 0.033707865168539325
0 0.5611169652265543 0.3258426966292135 0.0184404636459431 0.03838951310861423
0 0.5484720758693361 0.2743445692883895 0.02423603793466807 0.04681647940074907
0 0.5395152792413066 0.22284644194756553 0.02476290832455216 0.04868913857677903
0 0.5284510010537408 0.15730337078651685 0.026343519494204427 0.052434456928838954
0 0.5073761854583773 0.09644194756554307 0.030558482613277135 0.06460674157303371
0 0.48314014752370915 0.02762172284644195 0.03477344573234984 0.0552434456928839
0 0.44757639620653317 0.04681647940074907 0.044783983140147525 0.09363295880149813
0 0.43256059009483666 0.15636704119850187 0.05321390937829294 0.10205992509363296
0 0.4214963119072708 0.30337078651685395 0.05374077976817703 0.10299625468164794
0 0.4457323498419389 0.9634831460674157 0.05268703898840885 0.07303370786516854
0 0.4683877766069547 0.9620786516853933 0.03477344573234984 0.07584269662921349
1 0.5231822971549 0.9288389513108615 0.0321390937829294 0.06741573033707865
1 0.5221285563751317 0.8258426966292135 0.032665964172813484 0.06273408239700375
1 0.5268703898840885 0.7031835205992509 0.030558482613277135 0.05805243445692884
1 0.5321390937829295 0.6039325842696629 0.025816649104320338 0.056179775280898875
1 0.5521601685985248 0.5702247191011236 0.019494204425711276 0.042134831460674156
1 0.5611169652265543 0.6039325842696629 0.018967334035827187 0.03838951310861423
1 0.5684931506849316 0.6161048689138576 0.015279241306638568 0.03277153558052434
1 0.5758693361433087 0.6179775280898876 0.012644889357218124 0.031835205992509365
1 0.5811380400421496 0.6151685393258427 0.011064278187565859 0.0299625468164794
1 0.5964172813487882 0.6713483146067416 0.01053740779768177 0.02153558052434457
1 0.5927291886195996 0.7088014981273408 0.011591148577449948 0.02153558052434457
1 0.5900948366701791 0.7331460674157303 0.013171759747102213 0.025280898876404494
1 0.589041095890411 0.7565543071161048 0.012118018967334035 0.027153558052434457