0 0.44259656652360513 0.3845419847328244 0.019313304721030045 0.033396946564885496
0 0.4168454935622318 0.3988549618320611 0.021995708154506438 0.033396946564885496
0 0.3873390557939914 0.4217557251908397 0.02682403433476395 0.04389312977099236
0 0.35783261802575106 0.43797709923664124 0.027896995708154508 0.04484732824427481
0 0.32027896995708155 0.4580152671755725 0.030042918454935622 0.04770992366412214
0 0.2854077253218884 0.4961832061068702 0.03701716738197425 0.05534351145038168
0 0.24195278969957082 0.5400763358778626 0.040236051502145924 0.06297709923664122
0 0.25697424892703863 0.6040076335877863 0.054184549356223174 0.08110687022900763
0 0.3197424892703863 0.6316793893129771 0.05847639484978541 0.09637404580152671
0 0.40396995708154504 0.6517175572519084 0.059012875536480686 0.09732824427480916
0 0.875 0.6803435114503816 0.07725321888412018 0.11354961832061068
0 0.7918454935622318 0.607824427480916 0.06062231759656652 0.09541984732824428
0 0.7864806866952789 0.566793893129771 0.0536480686695279 0.06297709923664122
0 0.8395922746781116 0.5954198473282443 0.05472103004291846 0.08396946564885496
1 0.7623390557939914 0.4675572519083969 0.03862660944206009 0.05820610687022901
1 0.7033261802575107 0.46946564885496184 0.03594420600858369 0.05916030534351145
1 0.6330472103004292 0.46087786259541985 0.033261802575107295 0.05534351145038168
1 0.5761802575107297 0.45133587786259544 0.032188841201716736 0.046755725190839696
1 0.5568669527896996 0.4150763358778626 0.024141630901287552 0.035305343511450385
1 0.5761802575107297 0.3988549618320611 0.021995708154506438 0.03435114503816794
1 0.5831545064377682 0.38549618320610685 0.018776824034334765 0.02767175572519084
1 0.5842274678111588 0.37213740458015265 0.018240343347639486 0.022900763358778626
1 0.5826180257510729 0.36259541984732824 0.017167381974248927 0.020038167938931296
1 0.6148068669527897 0.3349236641221374 0.012339055793991416 0.019083969465648856
1 0.6362660944206009 0.3416030534351145 0.012339055793991416 0.02099236641221374
1 0.6502145922746781 0.3463740458015267 0.014484978540772532 0.02385496183206107
1 0.6636266094420601 0.3482824427480916 0.01555793991416309 0.02194656488549618