0 0.561491935483871 0.06810035842293907 0.06653225806451613 0.12007168458781362
0 0.5710685483870968 0.16577060931899643 0.06602822580645161 0.13261648745519714
0 0.5463709677419355 0.1881720430107527 0.05695564516129032 0.12365591397849462
1 0.46673387096774194 0.260752688172043 0.04133064516129032 0.08333333333333333
1 0.4732862903225806 0.39874551971326166 0.04334677419354839 0.08691756272401434
1 0.4727822580645161 0.5752688172043011 0.04284274193548387 0.08243727598566308
1 0.46673387096774194 0.7293906810035843 0.041834677419354836 0.08333333333333333
1 0.43901209677419356 0.7724014336917563 0.03578629032258065 0.06899641577060932
1 0.4248991935483871 0.7338709677419355 0.03377016129032258 0.05913978494623656
1 0.4117943548387097 0.7132616487455197 0.025705645161290324 0.0528673835125448
1 0.4012096774193548 0.706989247311828 0.023689516129032258 0.051075268817204304
1 0.3911290322580645 0.7204301075268817 0.019153225806451613 0.044802867383512544
1 0.3689516129032258 0.6236559139784946 0.017137096774193547 0.035842293906810034
1 0.37348790322580644 0.5833333333333334 0.017137096774193547 0.034050179211469536
1 0.37651209677419356 0.557347670250896 0.017641129032258066 0.03225806451612903
1 0.3810483870967742 0.5304659498207885 0.01965725806451613 0.03853046594982079