0 0.453862660944206 0.9823809523809524 0.07081545064377683 0.035238095238095235
0 0.4436695278969957 0.9247619047619048 0.07027896995708155 0.14095238095238094
0 0.4699570815450644 0.900952380952381 0.06062231759656652 0.13142857142857142
1 0.5547210300429185 0.8238095238095238 0.043991416309012876 0.08857142857142856
1 0.5477467811158798 0.6771428571428572 0.046137339055793994 0.09238095238095238
1 0.5482832618025751 0.4895238095238095 0.04560085836909871 0.08761904761904762
1 0.5547210300429185 0.32571428571428573 0.04452789699570815 0.08857142857142856
1 0.5842274678111588 0.28 0.038090128755364806 0.07333333333333333
1 0.5992489270386266 0.32095238095238093 0.03594420600858369 0.06285714285714286
1 0.6131974248927039 0.34285714285714286 0.02736051502145923 0.05619047619047619
1 0.6244635193133047 0.3495238095238095 0.02521459227467811 0.054285714285714284
1 0.6351931330472103 0.3352380952380952 0.0203862660944206 0.047619047619047616
1 0.6587982832618026 0.4380952380952381 0.018240343347639486 0.0380952380952381
1 0.653969957081545 0.48095238095238096 0.018240343347639486 0.03619047619047619
1 0.6507510729613734 0.5085714285714286 0.018776824034334765 0.03428571428571429
1 0.6459227467811158 0.5371428571428571 0.02092274678111588 0.040952380952380955