1 0.03125 0.557347670250896 0.0625 0.1003584229390681
1 0.1280241935483871 0.5295698924731183 0.061995967741935484 0.07974910394265233
1 0.4934475806451613 0.4560931899641577 0.037298387096774195 0.05465949820788531
1 0.5504032258064516 0.45698924731182794 0.036290322580645164 0.056451612903225805
1 0.5690524193548387 0.4507168458781362 0.025705645161290324 0.05197132616487455
1 0.5962701612903226 0.460573476702509 0.036290322580645164 0.06093189964157706
1 0.640625 0.44175627240143367 0.031754032258064516 0.05197132616487455
1 0.7061491935483871 0.43727598566308246 0.034274193548387094 0.05197132616487455
1 0.764616935483871 0.4274193548387097 0.03276209677419355 0.047491039426523295
1 0.8119959677419355 0.41845878136200715 0.03377016129032258 0.042114695340501794
1 0.8588709677419355 0.4112903225806452 0.03125 0.04121863799283154
1 0.8719758064516129 0.39874551971326166 0.026713709677419355 0.04121863799283154
0 0.3180443548387097 0.7195340501792115 0.08366935483870967 0.13709677419354838
0 0.234375 0.6881720430107527 0.07459677419354839 0.11469534050179211
0 0.17389112903225806 0.7329749103942652 0.08870967741935484 0.13440860215053763
0 0.16028225806451613 0.6836917562724014 0.07963709677419355 0.10842293906810035
0 0.9735383064516129 0.5331541218637993 0.052923387096774195 0.07347670250896057
0 0.875 0.543010752688172 0.05493951612903226 0.08243727598566308
0 0.7943548387096774 0.553763440860215 0.055443548387096774 0.07616487455197132
0 0.7626008064516129 0.5340501792114696 0.041834677419354836 0.07078853046594982
0 0.7237903225806451 0.5394265232974911 0.04838709677419355 0.07078853046594982
0 0.6829637096774194 0.5277777777777778 0.04435483870967742 0.07078853046594982