1 0.04345703125 0.5429314830875975 0.068359375 0.0971379011274935
1 0.14111328125 0.5160450997398092 0.06005859375 0.07718993928881179
1 0.4951171875 0.4449262792714657 0.0361328125 0.05290546400693842
1 0.55029296875 0.4457935819601041 0.03515625 0.05464006938421509
1 0.568359375 0.43972246313963576 0.02490234375 0.05030355594102342
1 0.5947265625 0.4492627927146574 0.03515625 0.05897658282740677
1 0.6376953125 0.43104943625325237 0.03076171875 0.05030355594102342
1 0.701171875 0.42671292281006074 0.033203125 0.05030355594102342
1 0.7578125 0.417172593235039 0.03173828125 0.04596704249783174
1 0.8037109375 0.4084995663486557 0.03271484375 0.040763226366001735
1 0.84912109375 0.401561144839549 0.0302734375 0.0398959236773634
1 0.86181640625 0.38941890719861233 0.02587890625 0.0398959236773634
0 0.3251953125 0.6999132697311362 0.0810546875 0.1326973113616652
0 0.244140625 0.6695576756287944 0.072265625 0.11101474414570685
0 0.185546875 0.7129228100607112 0.0859375 0.13009540329575023
0 0.17236328125 0.6652211621856028 0.0771484375 0.1049436253252385
0 0.96044921875 0.5195143104943626 0.0517578125 0.07111882046834345
0 0.86474609375 0.5290546400693842 0.05322265625 0.0797918473547268
0 0.78662109375 0.5394622723330442 0.0537109375 0.07372072853425846
0 0.755859375 0.5203816131830009 0.04052734375 0.06851691240242845
0 0.71826171875 0.5255854293148309 0.046875 0.06851691240242845
0 0.6787109375 0.5143104943625325 0.04296875 0.06851691240242845