0 0.9464285714285714 0.9460227272727273 0.10714285714285714 0.10795454545454546
1 0.8928571428571429 0.6600378787878788 0.09968017057569296 0.1543560606060606
1 0.7238805970149254 0.6770833333333334 0.09808102345415778 0.16098484848484848
1 0.5159914712153518 0.6600378787878788 0.09541577825159915 0.1581439393939394
1 0.3363539445628998 0.6410984848484849 0.09594882729211088 0.14867424242424243
1 0.2777185501066098 0.5359848484848485 0.08102345415778252 0.13257575757575757
1 0.337953091684435 0.4706439393939394 0.06823027718550106 0.10700757575757576
1 0.3704690831556503 0.42045454545454547 0.06183368869936034 0.09090909090909091
1 0.3742004264392324 0.3816287878787879 0.05863539445628998 0.06912878787878787
1 0.3502132196162047 0.35511363636363635 0.04904051172707889 0.07481060606060606
1 0.4616204690831556 0.25946969696969696 0.04157782515991471 0.058712121212121215
1 0.5106609808102346 0.2765151515151515 0.041044776119402986 0.06060606060606061
1 0.5501066098081023 0.2869318181818182 0.03891257995735608 0.06912878787878787
1 0.5900852878464818 0.30113636363636365 0.04157782515991471 0.06439393939393939