1 0.4207383279044517 0.8996138996138996 0.09229098805646037 0.1776061776061776
1 0.43051031487513575 0.5231660231660231 0.09066232356134636 0.17277992277992277
1 0.44136807817589574 0.19787644787644787 0.08523344191096634 0.17374517374517376
1 0.501628664495114 0.0916988416988417 0.07600434310532031 0.14671814671814673
1 0.5390879478827362 0.20077220077220076 0.061346362649294245 0.12355212355212356
1 0.5678610206297503 0.25965250965250963 0.05211726384364821 0.11196911196911197
1 0.5901194353963084 0.26640926640926643 0.039630836047774155 0.10617760617760617
1 0.6053203040173725 0.22297297297297297 0.04288816503800217 0.0888030888030888
1 0.6601520086862106 0.4247104247104247 0.033659066232356136 0.07528957528957529
1 0.6503800217155266 0.5135135135135135 0.03474484256243214 0.07432432432432433
1 0.6444082519001085 0.584942084942085 0.039630836047774155 0.07046332046332046
1 0.6362649294245385 0.6573359073359073 0.03691639522258415 0.07528957528957529