1 0.18115234375 0.46747614917606245 0.0439453125 0.062445793581960105
1 0.248046875 0.46313963573287076 0.03955078125 0.058109280138768434
1 0.29443359375 0.4588031222896791 0.03857421875 0.05637467476149176
1 0.26513671875 0.4527320034692108 0.02978515625 0.05637467476149176
1 0.3369140625 0.44232437120555074 0.0185546875 0.046834345186470075
1 0.40283203125 0.43538594969644406 0.03173828125 0.047701647875108416
1 0.45703125 0.424978317432784 0.02783203125 0.04163052905464007
1 0.5 0.4163052905464007 0.0263671875 0.03902862098872507
1 0.54052734375 0.409366869037294 0.0244140625 0.0372940156114484
1 0.54931640625 0.39809193408499566 0.02099609375 0.0398959236773634
0 0.376953125 0.5281873373807459 0.04150390625 0.06591500433651344
0 0.4169921875 0.5351257588898526 0.04345703125 0.06938421509106678
0 0.44873046875 0.5264527320034692 0.03564453125 0.06331309627059845
0 0.48095703125 0.5403295750216826 0.04345703125 0.07198612315698179
0 0.54150390625 0.5203816131830009 0.0419921875 0.06418039895923677
0 0.61962890625 0.5091066782307025 0.03857421875 0.06157849089332177
0 0.724609375 0.49176062445793584 0.03564453125 0.053772766695576756
0 0.75 0.4692107545533391 0.0302734375 0.04336513443191674
0 0.7509765625 0.4449262792714657 0.02880859375 0.033824804856895055