1 0.5341151385927505 0.061553030303030304 0.03464818763326226 0.07481060606060606
1 0.5375799573560768 0.016571969696969696 0.03464818763326226 0.03314393939393939
1 0.5442430703624733 0.14393939393939395 0.028784648187633263 0.03598484848484849
1 0.5485074626865671 0.27178030303030304 0.02931769722814499 0.061553030303030304
1 0.5549040511727079 0.3768939393939394 0.0255863539445629 0.05397727272727273
1 0.5602345415778252 0.4602272727272727 0.02398720682302772 0.05113636363636364
1 0.564498933901919 0.5388257575757576 0.022921108742004266 0.04734848484848485
1 0.5714285714285714 0.5558712121212122 0.024520255863539446 0.04071969696969697
0 0.4914712153518124 0.2215909090909091 0.04051172707889126 0.08049242424242424
0 0.48720682302771856 0.29924242424242425 0.042643923240938165 0.08428030303030302
0 0.4925373134328358 0.36079545454545453 0.03891257995735608 0.06912878787878787
0 0.4840085287846482 0.42329545454545453 0.044243070362473345 0.08428030303030302
0 0.4962686567164179 0.540719696969697 0.039445628997867806 0.08143939393939394
0 0.5031982942430704 0.6922348484848485 0.037846481876332626 0.07481060606060606
0 0.5138592750533049 0.8958333333333334 0.03304904051172708 0.06912878787878787
0 0.5277185501066098 0.9450757575757576 0.026652452025586353 0.058712121212121215
0 0.5426439232409381 0.946969696969697 0.020788912579957356 0.05587121212121212