1 0.48050579557428874 0.9456928838951311 0.03530031612223393 0.07584269662921349
1 0.4778714436248683 0.8567415730337079 0.03424657534246575 0.07397003745318352
1 0.47418335089567965 0.9129213483146067 0.03424657534246575 0.05711610486891386
1 0.4678609062170706 0.7752808988764045 0.02845100105374078 0.035580524344569285
1 0.4636459430979979 0.648876404494382 0.02897787144362487 0.060861423220973786
1 0.45732349841938885 0.5449438202247191 0.02528977871443625 0.05337078651685393
1 0.4520547945205479 0.46254681647940077 0.02370916754478398 0.05056179775280899
1 0.44783983140147526 0.3848314606741573 0.022655426765015807 0.04681647940074907
1 0.4409905163329821 0.36797752808988765 0.02423603793466807 0.040262172284644196
0 0.5200210748155953 0.6985018726591761 0.040042149631190724 0.07958801498127341
0 0.5242360379346681 0.6217228464419475 0.04214963119072708 0.08333333333333333
0 0.5189673340358272 0.5608614232209738 0.038461538461538464 0.06835205992509363
0 0.5273972602739726 0.499063670411985 0.04373024236037935 0.08333333333333333
0 0.5152792413066386 0.38295880149812733 0.03898840885142255 0.08052434456928839
0 0.5084299262381454 0.23314606741573032 0.037407797681770286 0.07397003745318352
0 0.49789251844046367 0.03277153558052434 0.032665964172813484 0.06554307116104868
0 0.48419388830347737 0.006086142322097378 0.026343519494204427 0.012172284644194757