0 0.5450819672131147 0.25591985428051 0.13268442622950818 0.2659380692167577
0 0.48411885245901637 0.7085610200364298 0.10809426229508197 0.23770491803278687
0 0.43673155737704916 0.924408014571949 0.09375 0.151183970856102
0 0.39651639344262296 0.9289617486338798 0.07274590163934426 0.14207650273224043
1 0.3714139344262295 0.07650273224043716 0.08196721311475409 0.15300546448087432
1 0.35348360655737704 0.36429872495446264 0.06659836065573771 0.11930783242258652
1 0.36219262295081966 0.4471766848816029 0.07223360655737705 0.1429872495446266
1 0.3463114754098361 0.505464480874317 0.06096311475409836 0.11657559198542805
1 0.3350409836065574 0.5783242258652095 0.06403688524590163 0.11202185792349727
1 0.22925204918032788 0.6912568306010929 0.021004098360655737 0.061930783242258654
1 0.23283811475409835 0.913023679417122 0.02817622950819672 0.06466302367941712
1 0.23232581967213115 0.8415300546448088 0.027151639344262294 0.061930783242258654
1 0.2300204918032787 0.8096539162112932 0.022540983606557378 0.04553734061930783