1 0.5584479371316307 0.4293193717277487 0.008840864440078585 0.02006980802792321
1 0.5569744597249509 0.3944153577661431 0.009332023575638507 0.019197207678883072
1 0.556483300589391 0.37521815008726006 0.008840864440078585 0.019197207678883072
1 0.5555009823182712 0.3472949389179756 0.009332023575638507 0.02006980802792321
1 0.5530451866404715 0.29581151832460734 0.01031434184675835 0.016579406631762654
1 0.5505893909626719 0.2617801047120419 0.009332023575638507 0.02356020942408377
1 0.5491159135559921 0.2198952879581152 0.01031434184675835 0.02617801047120419
1 0.5461689587426326 0.16841186736474695 0.011296660117878193 0.02617801047120419
1 0.5432220039292731 0.1169284467713787 0.011787819253438114 0.02617801047120419
1 0.5363457760314342 0.0968586387434555 0.01424361493123772 0.03315881326352531
1 0.5383104125736738 0.07242582897033159 0.01424361493123772 0.028795811518324606
1 0.5348722986247544 0.14397905759162305 0.015717092337917484 0.034031413612565446
1 0.5358546168958742 0.19982547993019198 0.016208251473477406 0.03577661431064572
1 0.5260314341846758 0.5017452006980803 0.019155206286836934 0.04275741710296684
1 0.5289783889980354 0.4825479930191972 0.02013752455795678 0.031413612565445025
1 0.5319253438113949 0.462478184991274 0.01768172888015717 0.030541012216404886
1 0.5275049115913556 0.5261780104712042 0.02111984282907662 0.03664921465968586
1 0.5240667976424361 0.6143106457242583 0.02406679764243615 0.04537521815008726
1 0.5216110019646365 0.7120418848167539 0.02455795677799607 0.037521815008726006
1 0.518172888015717 0.856020942408377 0.026031434184675836 0.05846422338568935
1 0.5152259332023575 0.9869109947643979 0.0275049115913556 0.02617801047120419
0 0.5505893909626719 0.1169284467713787 0.007858546168958742 0.020942408376963352
0 0.5461689587426326 0.055846422338568937 0.012278978388998035 0.02530541012216405
0 0.5206286836935167 0.006544502617801047 0.022593320235756387 0.013089005235602094
0 0.5270137524557956 0.010034904013961605 0.0137524557956778 0.02006980802792321
0 0.5024557956777996 0.2617801047120419 0.027996070726915522 0.059336823734729496
0 0.5083497053045186 0.3158813263525305 0.02504911591355599 0.04799301919720768
0 0.5034381139489195 0.35340314136125656 0.028978388998035363 0.059336823734729496
0 0.5166994106090373 0.3542757417102967 0.014734774066797643 0.04537521815008726
0 0.49214145383104124 0.42670157068062825 0.03339882121807466 0.07068062827225131
0 0.4769155206286837 0.56282722513089 0.04174852652259332 0.08376963350785341
0 0.43271119842829076 0.9101221640488656 0.06483300589390963 0.1343804537521815