1 0.5805084745762712 0.3672316384180791 0.009533898305084746 0.021657250470809793
1 0.5789194915254238 0.3295668549905838 0.010063559322033898 0.02071563088512241
1 0.5783898305084746 0.3088512241054614 0.009533898305084746 0.02071563088512241
1 0.5773305084745762 0.2787193973634652 0.010063559322033898 0.021657250470809793
1 0.5746822033898306 0.2231638418079096 0.011122881355932203 0.017890772128060263
1 0.5720338983050848 0.1864406779661017 0.010063559322033898 0.025423728813559324
1 0.5704449152542372 0.14124293785310735 0.011122881355932203 0.02824858757062147
1 0.5672669491525424 0.0856873822975518 0.012182203389830509 0.02824858757062147
1 0.5640889830508474 0.030131826741996232 0.012711864406779662 0.02824858757062147
1 0.5564088983050848 0.013182674199623353 0.015360169491525424 0.026365348399246705
1 0.5550847457627118 0.059322033898305086 0.01694915254237288 0.03672316384180791
1 0.5561440677966102 0.11958568738229755 0.017478813559322032 0.038606403013182675
1 0.5455508474576272 0.4453860640301318 0.02065677966101695 0.046139359698681735
1 0.548728813559322 0.4246704331450094 0.021716101694915255 0.03389830508474576
1 0.551906779661017 0.4030131826741996 0.019067796610169493 0.03295668549905838
1 0.5471398305084746 0.4717514124293785 0.022775423728813558 0.03954802259887006
1 0.5434322033898306 0.5668549905838042 0.025953389830508475 0.04896421845574388
1 0.5407838983050848 0.672316384180791 0.026483050847457626 0.04048964218455744
1 0.5370762711864406 0.827683615819209 0.028072033898305086 0.06308851224105462
1 0.5338983050847458 0.9774011299435028 0.029661016949152543 0.04519774011299435
0 0.5720338983050848 0.030131826741996232 0.00847457627118644 0.022598870056497175
0 0.5201271186440678 0.1864406779661017 0.030190677966101694 0.064030131826742
0 0.5264830508474576 0.2448210922787194 0.02701271186440678 0.051789077212806026
0 0.5211864406779662 0.2853107344632768 0.03125 0.064030131826742
0 0.5354872881355932 0.2862523540489642 0.015889830508474576 0.04896421845574388
0 0.5090042372881356 0.3644067796610169 0.036016949152542374 0.07627118644067797
0 0.4925847457627119 0.5112994350282486 0.045021186440677964 0.0903954802259887
0 0.4449152542372881 0.8860640301318268 0.06991525423728813 0.14500941619585686