1 0.501708984375 0.06380208333333333 0.03271484375 0.06336805555555555
1 0.504150390625 0.1792534722222222 0.03564453125 0.0720486111111111
1 0.508056640625 0.3328993055555556 0.03857421875 0.07725694444444445
1 0.564697265625 0.2269965277777778 0.04833984375 0.09809027777777778
1 0.556396484375 0.3858506944444444 0.044921875 0.09375
1 0.511962890625 0.4717881944444444 0.03662109375 0.0720486111111111
1 0.542724609375 0.5021701388888888 0.04443359375 0.08680555555555555
1 0.531005859375 0.5785590277777778 0.03857421875 0.08333333333333333
0 0.485107421875 0.4709201388888889 0.02880859375 0.0642361111111111
0 0.490966796875 0.6184895833333334 0.03271484375 0.06336805555555555
0 0.496337890625 0.8016493055555556 0.03271484375 0.06684027777777778
0 0.497802734375 0.9275173611111112 0.03515625 0.07378472222222222
0 0.601806640625 0.9522569444444444 0.05908203125 0.09722222222222222
0 0.586181640625 0.8407118055555556 0.05322265625 0.0998263888888889
0 0.595458984375 0.7591145833333334 0.05859375 0.11024305555555555
0 0.581787109375 0.7261284722222222 0.04638671875 0.07378472222222222