1 0.4923497267759563 0.9029126213592233 0.0366120218579235 0.070873786407767
1 0.4896174863387978 0.7737864077669903 0.03989071038251366 0.08058252427184466
1 0.4852459016393443 0.6019417475728155 0.04316939890710383 0.08640776699029126
1 0.42185792349726775 0.7203883495145631 0.054098360655737705 0.10970873786407767
1 0.4311475409836066 0.5427184466019418 0.05027322404371585 0.10485436893203884
1 0.4808743169398907 0.44660194174757284 0.040983606557377046 0.08058252427184466
1 0.446448087431694 0.41262135922330095 0.04972677595628415 0.0970873786407767
1 0.45956284153005467 0.3271844660194175 0.04316939890710383 0.09320388349514563
0 0.5109289617486339 0.4475728155339806 0.03224043715846994 0.07184466019417475
0 0.5043715846994535 0.28252427184466017 0.0366120218579235 0.070873786407767
0 0.49836065573770494 0.07766990291262135 0.0366120218579235 0.07475728155339806
0 0.3975409836065574 0.04466019417475728 0.059562841530054644 0.08932038834951456
0 0.387431693989071 0.12524271844660195 0.06557377049180328 0.12330097087378641
0 0.4027322404371585 0.16213592233009708 0.05191256830601093 0.0825242718446602
0 0.2407103825136612 0.9669902912621359 0.04426229508196721 0.06601941747572816