0 0.7451081359423275 0.10989010989010989 0.07209062821833162 0.21978021978021978
0 0.6972193614830072 0.36721611721611724 0.10247167868177137 0.19413919413919414
0 0.6441812564366632 0.3608058608058608 0.0756951596292482 0.163003663003663
0 0.6694129763130793 0.4807692307692308 0.08908341915550978 0.17307692307692307
0 0.6822863027806385 0.6602564102564102 0.09526261585993821 0.19597069597069597
1 0.41040164778578786 0.12454212454212454 0.032955715756951595 0.06227106227106227
1 0.4145211122554068 0.25824175824175827 0.03038105046343975 0.05860805860805861
1 0.41658084449021626 0.31959706959706957 0.03244078269824923 0.06318681318681318
1 0.417610710607621 0.4166666666666667 0.030895983522142123 0.06135531135531135
1 0.4330587023686921 0.5586080586080586 0.032955715756951595 0.057692307692307696
1 0.4387229660144181 0.6858974358974359 0.03398558187435633 0.048534798534798536
1 0.44438722966014416 0.8067765567765568 0.035015447991761074 0.07692307692307693
1 0.4490216271884655 0.967032967032967 0.03604531410916581 0.06593406593406594
1 0.5048918640576725 0.9867216117216118 0.047888774459320285 0.026556776556776556
1 0.5087538619979403 0.8562271062271062 0.05046343975283213 0.10622710622710622
1 0.5620494335736355 0.028846153846153848 0.06539649845520082 0.057692307692307696