0 0.7407314629258517 0.15285204991087345 0.08066132264529058 0.22905525846702318
0 0.688877755511022 0.410873440285205 0.09969939879759519 0.1889483065953654
0 0.6372745490981964 0.40463458110516937 0.07364729458917836 0.1586452762923351
0 0.6618236472945892 0.5213903743315508 0.08667334669338678 0.16844919786096257
0 0.6743486973947895 0.696078431372549 0.09268537074148296 0.19073083778966132
1 0.40981963927855714 0.1746880570409982 0.03206412825651302 0.06060606060606061
1 0.41382765531062127 0.3048128342245989 0.029559118236472944 0.0570409982174688
1 0.41583166332665333 0.36452762923351156 0.03156312625250501 0.06149732620320856
1 0.4168336673346693 0.4590017825311943 0.03006012024048096 0.059714795008912656
1 0.4318637274549098 0.5971479500891266 0.03206412825651302 0.05614973262032086
1 0.437374749498998 0.7210338680926917 0.033066132264529056 0.04723707664884135
1 0.44288577154308617 0.838680926916221 0.03406813627254509 0.0748663101604278
1 0.4473947895791583 0.9812834224598931 0.03507014028056112 0.0374331550802139
1 0.5055110220440882 0.8868092691622104 0.04909819639278557 0.10338680926916222
1 0.5573647294589178 0.05481283422459893 0.06362725450901803 0.10962566844919786
1 0.5736472945891784 0.020499108734402853 0.061122244488977955 0.040998217468805706