1 0.72412109375 0.593235039028621 0.0595703125 0.08759757155247182
1 0.6337890625 0.5793581960104076 0.0546875 0.08586296617519515
1 0.56640625 0.5550737207285342 0.05224609375 0.0797918473547268
1 0.529296875 0.5351257588898526 0.04541015625 0.07632263660017347
1 0.5888671875 0.5021682567215958 0.04248046875 0.06331309627059845
1 0.658203125 0.4865568083261058 0.0390625 0.0598438855160451
1 0.74609375 0.47961838681699914 0.03955078125 0.0598438855160451
1 0.8173828125 0.47528187337380745 0.03271484375 0.05637467476149176
1 0.8857421875 0.46747614917606245 0.03759765625 0.0598438855160451
1 0.96337890625 0.43972246313963576 0.02490234375 0.055507372072853424
0 0.578125 0.4492627927146574 0.0361328125 0.05203816131830009
0 0.48974609375 0.4614050303555941 0.0361328125 0.05897658282740677
0 0.39111328125 0.47181266261925414 0.03955078125 0.060711188204683436
0 0.31982421875 0.4761491760624458 0.0400390625 0.06418039895923677
0 0.24609375 0.4813529921942758 0.04296875 0.06157849089332177
0 0.13916015625 0.5004336513443192 0.04443359375 0.06504770164787511
0 0.05810546875 0.5134431916738942 0.046875 0.06678230702515178
0 0.01611328125 0.5238508239375542 0.03173828125 0.03902862098872507
0 0.0224609375 0.5576756287944492 0.04345703125 0.06851691240242845
0 0.05078125 0.5836947094535994 0.0546875 0.08412836079791847
0 0.28369140625 0.6496097137901128 0.0673828125 0.10320901994796183
0 0.37939453125 0.632263660017346 0.052734375 0.09887250650477017
0 0.4189453125 0.6513443191673894 0.06201171875 0.1049436253252385
0 0.4423828125 0.6201214223764093 0.037109375 0.0745880312228968
0 0.85546875 0.9158716392020815 0.107421875 0.16045099739809193
0 0.95263671875 0.8933217692974849 0.09423828125 0.1448395490026019
0 0.98095703125 0.9384215091066782 0.03759765625 0.12315698178664354
0 0.9873046875 0.8334778837814397 0.025390625 0.06678230702515178