1 0.4419551934826884 0.8876811594202898 0.05142566191446028 0.1105072463768116
1 0.45010183299389 0.720108695652174 0.050407331975560084 0.10144927536231885
1 0.46435845213849286 0.595108695652174 0.04684317718940937 0.09692028985507246
1 0.4760692464358452 0.5262681159420289 0.04480651731160896 0.08423913043478261
1 0.4954175152749491 0.6367753623188406 0.037169042769857434 0.07880434782608696
1 0.504582484725051 0.7653985507246377 0.03513238289205703 0.07246376811594203
1 0.5086558044806517 0.9284420289855072 0.03513238289205703 0.07336956521739131
0 0.5264765784114053 0.6168478260869565 0.03054989816700611 0.06702898550724638
0 0.5193482688391039 0.4528985507246377 0.034623217922606926 0.06702898550724638
0 0.5132382892057027 0.26992753623188404 0.035641547861507125 0.07336956521739131
0 0.5106924643584522 0.13768115942028986 0.03767820773930754 0.07427536231884058
0 0.5073828920570265 0.020380434782608696 0.03615071283095723 0.04076086956521739
0 0.4088594704684318 0.07065217391304347 0.060590631364562116 0.125
0 0.41904276985743383 0.24818840579710144 0.05804480651731161 0.09782608695652174
0 0.4078411405295316 0.32155797101449274 0.06160896130346232 0.11503623188405797
0 0.42617107942973526 0.365036231884058 0.04378818737270876 0.06884057971014493