1 0.4415113871635611 0.8756906077348067 0.05227743271221532 0.11233885819521179
1 0.4497929606625259 0.7053406998158379 0.05124223602484472 0.10313075506445672
1 0.4642857142857143 0.578268876611418 0.047619047619047616 0.09852670349907919
1 0.47619047619047616 0.5082872928176796 0.045548654244306416 0.0856353591160221
1 0.49585921325051757 0.6206261510128913 0.03778467908902691 0.08011049723756906
1 0.505175983436853 0.7513812154696132 0.03571428571428571 0.07366482504604052
1 0.5093167701863354 0.9171270718232044 0.03571428571428571 0.07458563535911603
0 0.527432712215321 0.6003683241252302 0.031055900621118012 0.06813996316758748
0 0.5201863354037267 0.43370165745856354 0.035196687370600416 0.06813996316758748
0 0.5139751552795031 0.24769797421731124 0.036231884057971016 0.07458563535911603
0 0.5113871635610766 0.1132596685082873 0.038302277432712216 0.07550644567219153
0 0.4076086956521739 0.05432780847145488 0.06159420289855073 0.10865561694290976
0 0.41821946169772256 0.22559852670349909 0.059006211180124224 0.09944751381215469
0 0.40683229813664595 0.3001841620626151 0.06262939958592133 0.11694290976058933
0 0.4254658385093168 0.3443830570902394 0.044513457556935816 0.06998158379373849