0 0.52490234375 0.4588031222896791 0.01806640625 0.026886383347788378
0 0.47802734375 0.4640069384215091 0.0185546875 0.028620988725065046
0 0.42919921875 0.47007805724197743 0.0205078125 0.03295750216825672
0 0.39404296875 0.4744145706851691 0.0205078125 0.03642671292281006
0 0.35693359375 0.4770164787510841 0.021484375 0.031222896790980052
0 0.3037109375 0.4856895056374675 0.02294921875 0.03295750216825672
0 0.3779296875 0.5576756287944492 0.03271484375 0.047701647875108416
0 0.2626953125 0.49176062445793584 0.0224609375 0.03295750216825672
0 0.2392578125 0.5047701647875108 0.0234375 0.03555941023417172
0 0.2470703125 0.5151777970511708 0.0244140625 0.03816131830008673
0 0.26171875 0.5264527320034692 0.02392578125 0.040763226366001735
0 0.42626953125 0.5490026019080659 0.02734375 0.04423243712055507
0 0.44580078125 0.562012142237641 0.029296875 0.05464006938421509
0 0.45703125 0.5455333911535126 0.0166015625 0.0398959236773634
0 0.66943359375 0.6921075455333912 0.052734375 0.08065915004336513
0 0.7158203125 0.6782307025151778 0.04541015625 0.06764960971379011
0 0.74609375 0.6608846487424112 0.04345703125 0.06157849089332177
0 0.7470703125 0.7111882046834345 0.056640625 0.08673026886383348
0 0.8232421875 0.7909800520381614 0.07177734375 0.10928013876843018
0 0.96826171875 0.9150043365134432 0.06298828125 0.1474414570685169