0 0.4781746031746032 0.4435626102292769 0.015376984126984126 0.03262786596119929
0 0.48115079365079366 0.5282186948853616 0.01636904761904762 0.03350970017636684
0 0.48462301587301587 0.6164021164021164 0.018849206349206348 0.037037037037037035
0 0.4871031746031746 0.6798941798941799 0.020833333333333332 0.037037037037037035
0 0.4885912698412698 0.7469135802469136 0.017857142857142856 0.03880070546737213
0 0.4935515873015873 0.8430335097001763 0.018849206349206348 0.04144620811287478
0 0.5347222222222222 0.708994708994709 0.027281746031746032 0.059082892416225746
0 0.49702380952380953 0.9171075837742504 0.018849206349206348 0.04056437389770723
0 0.5044642857142857 0.9594356261022927 0.020337301587301588 0.042328042328042326
0 0.5104166666666666 0.9453262786596119 0.021825396825396824 0.04409171075837742
0 0.5168650793650794 0.9188712522045855 0.023313492063492064 0.043209876543209874
0 0.5297619047619048 0.6216931216931217 0.025297619047619048 0.04938271604938271
0 0.5372023809523809 0.5864197530864198 0.03125 0.05291005291005291
0 0.5277777777777778 0.5661375661375662 0.022817460317460316 0.029982363315696647
0 0.6116071428571429 0.18253968253968253 0.046130952380952384 0.09523809523809523
0 0.6036706349206349 0.09876543209876543 0.03869047619047619 0.082010582010582
0 0.59375 0.04409171075837742 0.03521825396825397 0.07848324514991181
0 0.6225198412698413 0.04673721340388007 0.0496031746031746 0.09347442680776014