0 0.46741344195519346 0.41847826086956524 0.015784114052953158 0.03351449275362319
0 0.47046843177189407 0.5054347826086957 0.01680244399185336 0.034420289855072464
0 0.4740325865580448 0.5960144927536232 0.019348268839103868 0.03804347826086957
0 0.47657841140529533 0.6612318840579711 0.021384928716904276 0.03804347826086957
0 0.47810590631364563 0.730072463768116 0.018329938900203666 0.03985507246376811
0 0.4831975560081466 0.8288043478260869 0.019348268839103868 0.042572463768115944
0 0.5254582484725051 0.6911231884057971 0.0280040733197556 0.06068840579710145
0 0.48676171079429736 0.904891304347826 0.019348268839103868 0.041666666666666664
0 0.4943991853360489 0.9483695652173914 0.020875763747454174 0.043478260869565216
0 0.5005091649694501 0.9338768115942029 0.02240325865580448 0.04528985507246377
0 0.5071283095723014 0.9067028985507246 0.023930753564154784 0.044384057971014496
0 0.5203665987780041 0.6014492753623188 0.025967413441955193 0.050724637681159424
0 0.5280040733197556 0.5652173913043478 0.03207739307535642 0.05434782608695652
0 0.5183299389002036 0.5443840579710145 0.023421588594704685 0.030797101449275364
0 0.6043788187372708 0.1503623188405797 0.04735234215885947 0.09782608695652174
0 0.5962321792260692 0.06431159420289854 0.03971486761710794 0.08423913043478261
0 0.5857942973523421 0.024003623188405796 0.03615071283095723 0.04800724637681159
0 0.6155804480651731 0.029438405797101448 0.05091649694501019 0.058876811594202896