0 0.38219326818675353 0.7413127413127413 0.10423452768729642 0.1920849420849421
0 0.44462540716612375 0.3194980694980695 0.0738327904451683 0.1640926640926641
0 0.495114006514658 0.05791505791505792 0.06514657980456026 0.11583011583011583
0 0.5521172638436482 0.015444015444015444 0.04451682953311618 0.03088803088803089
0 0.5751900108577633 0.013513513513513514 0.039630836047774155 0.02702702702702703
0 0.5920195439739414 0.015926640926640926 0.03311617806731813 0.03185328185328185
0 0.6020629750271445 0.08301158301158301 0.031487513572204126 0.0444015444015444
0 0.6096634093376765 0.015444015444015444 0.01737242128121607 0.03088803088803089
0 0.6655808903365906 0.12451737451737452 0.016829533116178068 0.03088803088803089
1 0.5537459283387622 0.9411196911196911 0.04505971769815418 0.09845559845559845
1 0.5700325732899023 0.752895752895753 0.04017372421281216 0.08494208494208494
1 0.5852334419109664 0.5878378378378378 0.03854505971769816 0.07818532818532818
1 0.5971769815418024 0.4826254826254826 0.035830618892508145 0.07046332046332046
1 0.6069489685124865 0.4025096525096525 0.031487513572204126 0.05888030888030888
1 0.6069489685124865 0.3416988416988417 0.03257328990228013 0.06274131274131274
1 0.6172638436482085 0.3638996138996139 0.016829533116178068 0.04247104247104247
1 0.6254071661237784 0.3764478764478765 0.014115092290988056 0.04054054054054054
1 0.6416938110749185 0.10521235521235521 0.02225841476655809 0.05019305019305019
1 0.6479370249728555 0.00916988416988417 0.021172638436482084 0.01833976833976834
1 0.6579804560260586 0.08494208494208494 0.018458197611292075 0.03185328185328185
1 0.6590662323561346 0.15637065637065636 0.01737242128121607 0.03474903474903475
1 0.6601520086862106 0.23648648648648649 0.016286644951140065 0.033783783783783786
1 0.6601520086862106 0.30984555984555984 0.01520086862106406 0.032818532818532815
1 0.6596091205211726 0.3832046332046332 0.01737242128121607 0.029922779922779922
1 0.6661237785016286 0.47297297297297297 0.01248642779587405 0.027992277992277992
1 0.6650380021715526 0.5193050193050193 0.013029315960912053 0.026061776061776062
1 0.6650380021715526 0.556949806949807 0.013572204125950055 0.026061776061776062
1 0.6628664495114006 0.63996138996139 0.01248642779587405 0.029922779922779922