0 0.5947643979057592 0.7439478584729982 0.10418848167539267 0.1787709497206704
0 0.36596858638743457 0.6368715083798883 0.08900523560209424 0.1266294227188082
0 0.2157068062827225 0.5502793296089385 0.07958115183246073 0.11173184357541899
0 0.18795811518324607 0.45251396648044695 0.04293193717277487 0.07635009310986965
0 0.18167539267015706 0.41247672253258844 0.05130890052356021 0.06797020484171322
0 0.19109947643979058 0.38361266294227186 0.03821989528795811 0.056797020484171325
0 0.15654450261780103 0.3649906890130354 0.03821989528795811 0.0633147113594041
0 0.23769633507853402 0.36685288640595903 0.024083769633507852 0.054003724394785846
0 0.19162303664921465 0.3538175046554935 0.0356020942408377 0.0297951582867784
0 0.07329842931937172 0.3091247672253259 0.02931937172774869 0.04562383612662942
0 0.09528795811518324 0.30446927374301674 0.02617801047120419 0.038175046554934824
0 0.060209424083769635 0.30353817504655495 0.023036649214659685 0.043761638733705775
0 0.013089005235602094 0.3054003724394786 0.02617801047120419 0.04655493482309125
0 0.008638743455497382 0.26210428305400374 0.017277486910994764 0.03445065176908752
0 0.06858638743455497 0.25977653631284914 0.024083769633507852 0.0335195530726257
0 0.10890052356020942 0.2569832402234637 0.022513089005235604 0.035381750465549346
0 0.14764397905759163 0.2579143389199255 0.019895287958115182 0.03165735567970205
0 0.2602094240837696 0.2579143389199255 0.016753926701570682 0.028864059590316574
1 0.9903141361256544 0.5353817504655494 0.0193717277486911 0.08752327746741155
1 0.8382198952879581 0.4925512104283054 0.06282722513089005 0.09217877094972067
1 0.7031413612565445 0.44972067039106145 0.05340314136125655 0.07728119180633147
1 0.6010471204188481 0.42178770949720673 0.04607329842931937 0.06890130353817504
1 0.5115183246073298 0.3957169459962756 0.042408376963350786 0.06610800744878957
1 0.4544502617801047 0.3752327746741155 0.03821989528795811 0.061452513966480445
1 0.4109947643979058 0.3584729981378026 0.03193717277486911 0.054003724394785846
1 0.37801047120418846 0.3584729981378026 0.034031413612565446 0.055865921787709494
1 0.3900523560209424 0.3407821229050279 0.023036649214659685 0.028864059590316574
1 0.3968586387434555 0.3268156424581006 0.02198952879581152 0.024208566108007448
1 0.24973821989528797 0.2988826815642458 0.027225130890052355 0.038175046554934824
1 0.1905759162303665 0.2877094972067039 0.024083769633507852 0.036312849162011177
1 0.18219895287958116 0.2802607076350093 0.0193717277486911 0.032588454376163874
1 0.2387434554973822 0.2709497206703911 0.017277486910994764 0.03165735567970205
1 0.2774869109947644 0.26908752327746743 0.018848167539267015 0.0297951582867784
1 0.32094240837696336 0.2672253258845438 0.01832460732984293 0.027932960893854747
1 0.3607329842931937 0.2672253258845438 0.01780104712041885 0.0260707635009311
1 0.4005235602094241 0.2681564245810056 0.016230366492146597 0.0297951582867784
1 0.4492146596858639 0.2569832402234637 0.015183246073298429 0.021415270018621976
1 0.4743455497382199 0.25884543761638734 0.014136125654450262 0.0223463687150838
1 0.49476439790575916 0.25884543761638734 0.014136125654450262 0.023277467411545624
1 0.5397905759162304 0.26256983240223464 0.016230366492146597 0.021415270018621976