0 0.61865234375 0.7137901127493496 0.09716796875 0.16652211621856028
0 0.4052734375 0.614050303555941 0.0830078125 0.11795316565481354
0 0.26513671875 0.5333911535125759 0.07421875 0.10407632263660017
0 0.2392578125 0.44232437120555074 0.0400390625 0.07111882046834345
0 0.2333984375 0.40503035559410233 0.0478515625 0.06331309627059845
0 0.2421875 0.37814397224631396 0.03564453125 0.05290546400693842
0 0.2099609375 0.36079791847354725 0.03564453125 0.05897658282740677
0 0.28564453125 0.36253252385082396 0.0224609375 0.05030355594102342
0 0.24267578125 0.35039028620988727 0.033203125 0.027753686036426712
0 0.13232421875 0.30875975715524717 0.02734375 0.042497831743278404
0 0.15283203125 0.3044232437120555 0.0244140625 0.03555941023417172
0 0.1201171875 0.30355594102341715 0.021484375 0.040763226366001735
0 0.07275390625 0.30529054640069386 0.03125 0.04336513443191674
0 0.02099609375 0.2688638334778838 0.02490234375 0.03295750216825672
0 0.0673828125 0.2653946227233304 0.02587890625 0.032090199479618386
0 0.1279296875 0.26279271465741544 0.0224609375 0.031222896790980052
0 0.16552734375 0.26019080659150046 0.02099609375 0.03295750216825672
0 0.20166015625 0.2610581092801388 0.0185546875 0.029488291413703384
0 0.306640625 0.2610581092801388 0.015625 0.026886383347788378
1 0.9892578125 0.5195143104943626 0.02099609375 0.08152645273200347
1 0.845703125 0.47961838681699914 0.05859375 0.08586296617519515
1 0.7197265625 0.43972246313963576 0.0498046875 0.07198612315698179
1 0.62451171875 0.4137033824804857 0.04296875 0.06418039895923677
1 0.541015625 0.38941890719861233 0.03955078125 0.06157849089332177
1 0.48779296875 0.37033824804856896 0.03564453125 0.05724197745013009
1 0.447265625 0.3547267996530789 0.02978515625 0.05030355594102342
1 0.41650390625 0.3547267996530789 0.03173828125 0.05203816131830009
1 0.427734375 0.3382480485689506 0.021484375 0.026886383347788378
1 0.43408203125 0.32523850823937556 0.0205078125 0.022549869904596703
1 0.296875 0.2992194275802255 0.025390625 0.03555941023417172
1 0.24169921875 0.2888117953165655 0.0224609375 0.033824804856895055
1 0.23388671875 0.2818733738074588 0.01806640625 0.030355594102341718
1 0.28662109375 0.2732003469210755 0.01611328125 0.029488291413703384
1 0.32275390625 0.27146574154379877 0.017578125 0.027753686036426712
1 0.36328125 0.2697311361665221 0.01708984375 0.026019080659150044
1 0.400390625 0.2697311361665221 0.0166015625 0.024284475281873375
1 0.4375 0.27059843885516044 0.01513671875 0.027753686036426712
1 0.48291015625 0.26019080659150046 0.01416015625 0.0199479618386817
1 0.50634765625 0.2619254119687771 0.01318359375 0.020815264527320035
1 0.525390625 0.2619254119687771 0.01318359375 0.02168256721595837
1 0.5673828125 0.2653946227233304 0.01513671875 0.0199479618386817