0 0.6704668838219326 0.23552123552123552 0.09229098805646037 0.17471042471042472
0 0.6129207383279045 0.583976833976834 0.06731813246471227 0.1361003861003861
0 0.5499457111834962 0.6467181467181468 0.0499457111834962 0.09652509652509653
0 0.5238870792616721 0.6853281853281853 0.041802388707926165 0.08204633204633205
0 0.49728555917481 0.6206563706563707 0.035830618892508145 0.05694980694980695
0 0.50542888165038 0.6785714285714286 0.03203040173724213 0.07528957528957529
0 0.495114006514658 0.7364864864864865 0.033659066232356136 0.06467181467181467
0 0.48805646036916395 0.6747104247104247 0.016286644951140065 0.05791505791505792
0 0.46145494028230183 0.862934362934363 0.023344191096634093 0.041505791505791506
0 0.46471226927252984 0.9015444015444015 0.0249728555917481 0.05115830115830116
0 0.4587404994571118 0.917953667953668 0.021715526601520086 0.03957528957528957
0 0.46199782844733983 0.986969111969112 0.0249728555917481 0.026061776061776062
0 0.43593919652551577 0.9247104247104247 0.019543973941368076 0.03571428571428571
0 0.43431053203040176 0.8523166023166023 0.01737242128121607 0.021235521235521235
0 0.43268186753528776 0.7963320463320464 0.017915309446254073 0.032818532818532815
0 0.43105320304017375 0.6911196911196911 0.016829533116178068 0.019305019305019305
0 0.42833876221498374 0.6081081081081081 0.01520086862106406 0.029922779922779922
1 0.4229098805646037 0.09555984555984556 0.014657980456026058 0.026061776061776062
1 0.4218241042345277 0.1805019305019305 0.016286644951140065 0.02895752895752896
1 0.4218241042345277 0.22876447876447875 0.01248642779587405 0.026061776061776062
1 0.4212812160694897 0.27413127413127414 0.013029315960912053 0.0222007722007722
1 0.42996742671009774 0.3552123552123552 0.015743756786102063 0.029922779922779922
1 0.43159609120521175 0.4276061776061776 0.014115092290988056 0.032818532818532815
1 0.43322475570032576 0.4971042471042471 0.014657980456026058 0.033783783783783786
1 0.48588490770901194 0.3532818532818533 0.02768729641693811 0.06177606177606178
1 0.48479913137893593 0.29343629343629346 0.03203040173724213 0.055984555984555984
1 0.4755700325732899 0.33687258687258687 0.014657980456026058 0.04343629343629344
1 0.46796959826275786 0.33204633204633205 0.014115092290988056 0.04922779922779923
1 0.496742671009772 0.1998069498069498 0.03528773072747014 0.07142857142857142
1 0.509229098805646 0.08494208494208494 0.04288816503800217 0.08301158301158301