0 0.3288912579957356 0.7518939393939394 0.0906183368869936 0.17140151515151514
0 0.3853944562899787 0.4100378787878788 0.06609808102345416 0.13352272727272727
0 0.447228144989339 0.3484848484848485 0.04904051172707889 0.0946969696969697
0 0.4728144989339019 0.3106060606060606 0.041044776119402986 0.08049242424242424
0 0.4989339019189765 0.3740530303030303 0.035181236673773986 0.05587121212121212
0 0.49093816631130066 0.3172348484848485 0.0314498933901919 0.07386363636363637
0 0.5010660980810234 0.2604166666666667 0.03304904051172708 0.0634469696969697
0 0.5079957356076759 0.3210227272727273 0.015991471215351813 0.056818181818181816
0 0.5341151385927505 0.13636363636363635 0.022921108742004266 0.04071969696969697
0 0.5309168443496801 0.09848484848484848 0.024520255863539446 0.050189393939393936
0 0.5367803837953091 0.08238636363636363 0.021321961620469083 0.038825757575757576
0 0.5335820895522388 0.013257575757575758 0.024520255863539446 0.026515151515151516
0 0.5591684434968017 0.07575757575757576 0.019189765458422176 0.035037878787878785
0 0.5607675906183369 0.14678030303030304 0.017057569296375266 0.020833333333333332
0 0.5623667377398721 0.20170454545454544 0.017590618336886993 0.032196969696969696
0 0.5639658848614072 0.30492424242424243 0.01652452025586354 0.01893939393939394
0 0.5666311300639659 0.38636363636363635 0.014925373134328358 0.029356060606060608
1 0.5719616204690832 0.8892045454545454 0.014392324093816631 0.02556818181818182
1 0.5730277185501066 0.8058712121212122 0.015991471215351813 0.028409090909090908
1 0.5730277185501066 0.7585227272727273 0.012260127931769723 0.02556818181818182
1 0.5735607675906184 0.7140151515151515 0.01279317697228145 0.021780303030303032
1 0.5650319829424307 0.634469696969697 0.015458422174840085 0.029356060606060608
1 0.5634328358208955 0.5634469696969697 0.013859275053304905 0.032196969696969696
1 0.5618336886993603 0.4952651515151515 0.014392324093816631 0.03314393939393939
1 0.5101279317697228 0.6363636363636364 0.027185501066098083 0.06060606060606061
1 0.5111940298507462 0.6950757575757576 0.0314498933901919 0.054924242424242424
1 0.5202558635394456 0.6524621212121212 0.014392324093816631 0.04261363636363636
1 0.5277185501066098 0.6571969696969697 0.013859275053304905 0.048295454545454544
1 0.4994669509594883 0.7869318181818182 0.03464818763326226 0.07007575757575757
1 0.48720682302771856 0.8996212121212122 0.04211087420042644 0.08143939393939394