0 0.4916502946954813 0.1980802792321117 0.09823182711198428 0.18586387434554974
0 0.46512770137524556 0.6143106457242583 0.07662082514734773 0.15357766143106458
0 0.45039292730844793 0.8612565445026178 0.06581532416502947 0.1300174520069808
0 0.41895874263261296 0.9022687609075044 0.03781925343811395 0.06457242582897033
0 0.4111001964636542 0.9179755671902269 0.0343811394891945 0.06719022687609075
0 0.4027504911591356 0.9476439790575916 0.036345776031434185 0.0636998254799302
0 0.39980353634577603 0.8150087260034904 0.03192534381139489 0.049738219895287955
0 0.39636542239685657 0.8926701570680629 0.013261296660117878 0.04450261780104712
0 0.3894891944990177 0.8926701570680629 0.008840864440078585 0.04363001745200698
0 0.3737721021611002 0.9511343804537522 0.01719056974459725 0.03228621291448516
0 0.3693516699410609 0.7739965095986039 0.01424361493123772 0.02530541012216405
1 0.39980353634577603 0.030541012216404886 0.0412573673870334 0.06108202443280977
1 0.39636542239685657 0.19720767888307156 0.03683693516699411 0.07504363001745201
1 0.39587426326129665 0.34904013961605584 0.03536345776031434 0.07068062827225131
1 0.3924361493123772 0.4511343804537522 0.03241650294695481 0.06631762652705062
1 0.3575638506876228 0.30977312390924955 0.011787819253438114 0.02443280977312391
1 0.35903732809430255 0.38394415357766143 0.012278978388998035 0.027050610820244327
1 0.35952848722986247 0.41972076788830714 0.010805500982318271 0.02443280977312391
1 0.3600196463654224 0.4598603839441536 0.010805500982318271 0.02356020942408377
1 0.3659135559921415 0.5427574171029669 0.012278978388998035 0.027923211169284468
1 0.387524557956778 0.5270506108202443 0.025540275049115914 0.05410122164048865
1 0.39145383104125736 0.5820244328097731 0.0275049115913556 0.05410122164048865
1 0.381139489194499 0.5602094240837696 0.012278978388998035 0.03228621291448516
1 0.36787819253438114 0.6082024432809773 0.015717092337917484 0.03315881326352531
1 0.3698428290766208 0.6745200698080279 0.01669941060903733 0.031413612565445025
1 0.3718074656188605 0.7425828970331588 0.015717092337917484 0.031413612565445025
1 0.3806483300589391 0.7905759162303665 0.018664047151277015 0.04363001745200698
1 0.37328094302554027 0.8097731239092496 0.015225933202357564 0.029668411867364748
1 0.3781925343811395 0.8856893542757417 0.01719056974459725 0.03315881326352531
1 0.37721021611001965 0.9022687609075044 0.019646365422396856 0.027050610820244327
1 0.3781925343811395 0.8350785340314136 0.014734774066797643 0.015706806282722512