0 0.5231719876416066 0.7985347985347986 0.10298661174047374 0.19505494505494506
0 0.5509783728115345 0.3617216117216117 0.08032955715756952 0.16117216117216118
0 0.5664263645726055 0.10256410256410256 0.0690010298661174 0.13644688644688643
0 0.5993820803295572 0.05952380952380952 0.03964984552008239 0.06776556776556776
0 0.607621009268795 0.04304029304029304 0.03604531410916581 0.07051282051282051
0 0.6163748712667353 0.022435897435897436 0.03810504634397528 0.04487179487179487
0 0.6194644696189495 0.1510989010989011 0.03347064881565397 0.0521978021978022
0 0.6230690010298661 0.0695970695970696 0.013903192584963954 0.046703296703296704
0 0.6302780638516993 0.0695970695970696 0.009268795056642637 0.045787545787545784
0 0.6464984552008239 0.012362637362637362 0.018022657054582905 0.024725274725274724
0 0.6513903192584964 0.19413919413919414 0.014933058702368692 0.026556776556776556
1 0.6194644696189495 0.9706959706959707 0.04325437693099897 0.05860805860805861
1 0.6230690010298661 0.7994505494505495 0.038619979402677654 0.07875457875457875
1 0.6235839340885685 0.6401098901098901 0.037075180226570546 0.07417582417582418
1 0.627188465499485 0.532967032967033 0.03398558187435633 0.0695970695970696
1 0.6637487126673532 0.6813186813186813 0.012358393408856848 0.02564102564102564
1 0.6622039134912462 0.6034798534798534 0.012873326467559218 0.028388278388278388
1 0.6616889804325438 0.5659340659340659 0.01132852729145211 0.02564102564102564
1 0.6611740473738414 0.5238095238095238 0.01132852729145211 0.024725274725274724
1 0.654994850669413 0.4368131868131868 0.012873326467559218 0.029304029304029304
1 0.6323377960865088 0.4532967032967033 0.026776519052523172 0.056776556776556776
1 0.6282183316168898 0.3956043956043956 0.028836251287332648 0.056776556776556776
1 0.6390319258496395 0.4184981684981685 0.012873326467559218 0.03388278388278388
1 0.6529351184346035 0.36813186813186816 0.016477857878475798 0.0347985347985348
1 0.650875386199794 0.29853479853479853 0.017507723995880537 0.03296703296703297
1 0.6488156539649845 0.2271062271062271 0.016477857878475798 0.03296703296703297
1 0.639546858908342 0.17673992673992675 0.01956745623069001 0.045787545787545784
1 0.6472708547888775 0.1565934065934066 0.01596292481977343 0.031135531135531136
1 0.6421215242018538 0.07692307692307693 0.018022657054582905 0.0347985347985348
1 0.6431513903192585 0.05952380952380952 0.02059732234809475 0.028388278388278388
1 0.6421215242018538 0.13003663003663005 0.015447991761071062 0.016483516483516484