0 0.66650390625 0.48482220294882916 0.10400390625 0.17346053772766695
0 0.43359375 0.43798785776235905 0.0859375 0.13529921942758022
0 0.29541015625 0.411968777103209 0.07275390625 0.11621856027753687
0 0.2724609375 0.3564614050303556 0.0361328125 0.06678230702515178
0 0.263671875 0.3425845620121422 0.03759765625 0.060711188204683436
0 0.2470703125 0.32784041630529054 0.03564453125 0.06418039895923677
0 0.3212890625 0.3226366001734605 0.02783203125 0.05637467476149176
0 0.27783203125 0.3165654813529922 0.02490234375 0.023417172593235037
0 0.27783203125 0.3044232437120555 0.0244140625 0.015611448395490026
0 0.1201171875 0.3096270598438855 0.02734375 0.045099739809193407
0 0.11572265625 0.2870771899392888 0.02197265625 0.026019080659150044
0 0.17578125 0.30529054640069386 0.02685546875 0.040763226366001735
0 0.1630859375 0.30355594102341715 0.01708984375 0.04163052905464007
0 0.17236328125 0.28013876843018215 0.021484375 0.023417172593235037
0 0.19580078125 0.3026886383347788 0.025390625 0.03902862098872507
0 0.2099609375 0.2810060711188205 0.01904296875 0.028620988725065046
0 0.2451171875 0.2766695576756288 0.01806640625 0.030355594102341718
0 0.072265625 0.2940156114483955 0.0224609375 0.033824804856895055
0 0.03955078125 0.3026886383347788 0.01806640625 0.03295750216825672
0 0.03076171875 0.30095403295750217 0.0185546875 0.0398959236773634
0 0.34423828125 0.2688638334778838 0.01416015625 0.02515177797051171
1 0.9072265625 0.3313096270598439 0.06396484375 0.08586296617519515
1 0.7685546875 0.3226366001734605 0.05126953125 0.07285342584562012
1 0.6669921875 0.3165654813529922 0.0419921875 0.06504770164787511
1 0.58203125 0.31569817866435385 0.03955078125 0.062445793581960105
1 0.52490234375 0.3096270598438855 0.037109375 0.05724197745013009
1 0.60400390625 0.24804856895056374 0.013671875 0.020815264527320035
1 0.5625 0.25065047701647875 0.01513671875 0.02168256721595837
1 0.54248046875 0.2515177797051171 0.013671875 0.019080659150043366
1 0.52001953125 0.2523850823937554 0.01318359375 0.019080659150043366
1 0.4736328125 0.26279271465741544 0.015625 0.02168256721595837
1 0.482421875 0.30095403295750217 0.0302734375 0.045099739809193407
1 0.45166015625 0.30789245446660884 0.0302734375 0.04856895056374675
1 0.4638671875 0.2896790980052038 0.01806640625 0.02168256721595837
1 0.43701171875 0.2662619254119688 0.0185546875 0.027753686036426712
1 0.39990234375 0.2697311361665221 0.017578125 0.029488291413703384
1 0.36181640625 0.2732003469210755 0.017578125 0.027753686036426712
1 0.3349609375 0.2888117953165655 0.0244140625 0.03295750216825672
1 0.32421875 0.27580225498699046 0.0166015625 0.026886383347788378
1 0.28173828125 0.2844752818733738 0.0185546875 0.030355594102341718
1 0.2724609375 0.28274067649609713 0.01513671875 0.03469210754553339
1 0.31005859375 0.2844752818733738 0.0087890625 0.026019080659150044