1 0.8524185587364265 0.09298245614035087 0.028627838104639685 0.0456140350877193
1 0.7685093780848964 0.07894736842105263 0.028627838104639685 0.0456140350877193
1 0.7102665350444225 0.07368421052631578 0.02912142152023692 0.04649122807017544
1 0.6638696939782823 0.06403508771929825 0.029615004935834157 0.0412280701754386
1 0.5853899308983218 0.08070175438596491 0.031095755182625865 0.04298245614035088
1 0.5078973346495558 0.07017543859649122 0.03060217176702863 0.04298245614035088
1 0.4397828232971372 0.06666666666666667 0.033070088845014806 0.05087719298245614
1 0.36031589338598224 0.062280701754385964 0.033070088845014806 0.05
1 0.3089832181638697 0.09035087719298246 0.041954590325765054 0.06403508771929825
1 0.29022704837117475 0.06140350877192982 0.03405725567620928 0.05350877192982456
1 0.2571569595261599 0.08421052631578947 0.042941757156959526 0.06754385964912281
1 0.4960513326752221 0.18157894736842106 0.05725567620927937 0.09210526315789473
1 0.5528134254689042 0.18947368421052632 0.057749259624876606 0.09473684210526316
1 0.5207305034550839 0.1570175438596491 0.03405725567620928 0.04736842105263158
1 0.5478775913129319 0.14473684210526316 0.035538005923000986 0.04912280701754386
1 0.6377097729516288 0.21578947368421053 0.0631786771964462 0.10087719298245613
1 0.7369200394866733 0.25263157894736843 0.07305034550839092 0.11754385964912281
1 0.8894373149062191 0.30350877192982456 0.08736426456071077 0.12631578947368421
0 0.7334649555774926 0.6701754385964912 0.17472852912142153 0.28771929824561404
0 0.40177690029615004 0.5 0.14363277393879564 0.2307017543859649
0 0.1742349457058243 0.37719298245614036 0.12142152023692004 0.193859649122807
0 0.13919052319842054 0.24473684210526317 0.06465942744323791 0.10087719298245613
0 0.13524185587364265 0.20526315789473684 0.07206317867719644 0.1
0 0.15992102665350444 0.1570175438596491 0.03603158933859822 0.04824561403508772
0 0.1416584402764067 0.1368421052631579 0.055281342546890426 0.058771929824561406
0 0.1920039486673248 0.1649122807017544 0.051826258637709774 0.08771929824561403
0 0.24925962487660414 0.1692982456140351 0.06120434353405726 0.09824561403508772
0 0.14511352418558737 0.02894736842105263 0.032082922013820334 0.04649122807017544
0 0.0824284304047384 0.02368421052631579 0.033070088845014806 0.04736842105263158
0 0.24777887462981243 0.03245614035087719 0.02912142152023692 0.04912280701754386
0 0.33563672260612043 0.039473684210526314 0.02665350444225074 0.0456140350877193
0 0.01678183613030602 0.01929824561403509 0.03356367226061204 0.03859649122807018
0 0.05330700888450148 0.07456140350877193 0.044422507403751234 0.062280701754385964
0 0.01801579466929911 0.07763157894736843 0.03603158933859822 0.07105263157894737