0 0.6897654584221748 0.29829545454545453 0.07729211087420043 0.13446969696969696
0 0.7569296375266524 0.16098484848484848 0.04904051172707889 0.22727272727272727
0 0.6535181236673774 0.34375 0.07622601279317698 0.14867424242424243
0 0.6226012793176973 0.3115530303030303 0.0650319829424307 0.13352272727272727
0 0.6050106609808102 0.2859848484848485 0.0570362473347548 0.10511363636363637
0 0.5964818763326226 0.3664772727272727 0.053304904051172705 0.09943181818181818
0 0.6071428571428571 0.14488636363636365 0.0650319829424307 0.06534090909090909
0 0.48134328358208955 0.10037878787878787 0.02931769722814499 0.058712121212121215
0 0.4952025586353945 0.4479166666666667 0.030383795309168442 0.061553030303030304
0 0.5010660980810234 0.553030303030303 0.028784648187633263 0.05965909090909091
0 0.505863539445629 0.6695075757575758 0.03304904051172708 0.05776515151515151
0 0.5133262260127932 0.8475378787878788 0.03091684434968017 0.06628787878787878
0 0.5469083155650319 0.7452651515151515 0.0453091684434968 0.08333333333333333
0 0.5554371002132196 0.646780303030303 0.042643923240938165 0.08143939393939394
0 0.5447761194029851 0.5852272727272727 0.03837953091684435 0.07575757575757576
0 0.5437100213219617 0.6647727272727273 0.03411513859275053 0.07007575757575757
0 0.5210554371002132 0.9692234848484849 0.03251599147121535 0.061553030303030304
1 0.4925373134328358 0.041666666666666664 0.030383795309168442 0.06439393939393939
1 0.5271855010660981 0.11553030303030302 0.03731343283582089 0.08617424242424243
1 0.5015991471215352 0.1543560606060606 0.031982942430703626 0.03125
1 0.5207889125799574 0.3172348484848485 0.03411513859275053 0.07291666666666667
1 0.5170575692963753 0.35511363636363635 0.036780383795309166 0.058712121212121215