0 0.6578411405295316 0.3333333333333333 0.07382892057026477 0.1286231884057971
0 0.7398167006109979 0.20199275362318841 0.0824847250509165 0.21739130434782608
0 0.6232179226069247 0.37681159420289856 0.07281059063136457 0.14221014492753623
0 0.5936863543788188 0.34601449275362317 0.062118126272912425 0.12771739130434784
0 0.5768839103869654 0.32155797101449274 0.054480651731160894 0.10054347826086957
0 0.5687372708757638 0.39855072463768115 0.05091649694501019 0.09510869565217392
0 0.5789205702647657 0.18659420289855072 0.062118126272912425 0.0625
0 0.45875763747454174 0.14402173913043478 0.0280040733197556 0.05615942028985507
0 0.4719959266802444 0.47644927536231885 0.029022403258655804 0.058876811594202896
0 0.4775967413441955 0.5769927536231884 0.0274949083503055 0.057065217391304345
0 0.48217922606924646 0.6884057971014492 0.031568228105906315 0.0552536231884058
0 0.4893075356415479 0.8586956521739131 0.029531568228105907 0.06340579710144928
0 0.5213849287169042 0.7608695652173914 0.043279022403258656 0.07971014492753623
0 0.5295315682281059 0.6666666666666666 0.04073319755600815 0.07789855072463768
0 0.5193482688391039 0.6077898550724637 0.03665987780040733 0.07246376811594203
0 0.5183299389002036 0.6838768115942029 0.032586558044806514 0.06702898550724638
0 0.49669042769857435 0.9728260869565217 0.031059063136456212 0.05434782608695652
1 0.4694501018329939 0.08786231884057971 0.029022403258655804 0.06159420289855073
1 0.5025458248472505 0.1585144927536232 0.035641547861507125 0.08242753623188406
1 0.47810590631364563 0.1956521739130435 0.03054989816700611 0.029891304347826088
1 0.4964358452138493 0.35144927536231885 0.032586558044806514 0.06974637681159421
1 0.49287169042769857 0.38768115942028986 0.03513238289205703 0.05615942028985507