1 0.7831715210355987 0.38409961685823757 0.036677454153182305 0.05363984674329502
1 0.6952535059331176 0.38409961685823757 0.0296655879180151 0.044061302681992334
1 0.6364617044228694 0.3850574712643678 0.030744336569579287 0.04789272030651341
1 0.5836030204962244 0.38409961685823757 0.0296655879180151 0.0421455938697318
1 0.4967637540453074 0.4185823754789272 0.02696871628910464 0.044061302681992334
1 0.4174757281553398 0.42624521072796934 0.0372168284789644 0.05268199233716475
1 0.3435814455231931 0.4339080459770115 0.037756202804746494 0.05076628352490421
1 0.26375404530744334 0.446360153256705 0.034519956850053934 0.05555555555555555
1 0.1855447680690399 0.45689655172413796 0.03505933117583603 0.05842911877394636
1 0.1715210355987055 0.5 0.043689320388349516 0.06896551724137931
1 0.22114347357065803 0.5067049808429118 0.04800431499460626 0.06609195402298851
1 0.06850053937432578 0.48946360153256707 0.043689320388349516 0.07183908045977011
1 0.104638619201726 0.49808429118773945 0.018878101402373247 0.06992337164750957
1 0.4892125134843581 0.5948275862068966 0.05771305285868392 0.08141762452107279
1 0.42826321467098166 0.6063218390804598 0.06472491909385113 0.09386973180076628
1 0.44606256742179073 0.5689655172413793 0.041531823085221145 0.05938697318007663
1 0.4811218985976268 0.5450191570881227 0.04908306364617044 0.07183908045977011
1 0.604638619201726 0.6149425287356322 0.06957928802588997 0.11015325670498084
1 0.7243797195253506 0.6484674329501916 0.07335490830636461 0.11494252873563218
1 0.8964401294498382 0.6839080459770115 0.0825242718446602 0.12835249042145594
0 0.23031283710895362 0.42432950191570884 0.03182308522114347 0.05268199233716475
0 0.018878101402373247 0.4434865900383142 0.036677454153182305 0.06513409961685823
0 0.17421790722761596 0.6408045977011494 0.061488673139158574 0.10727969348659004
0 0.05555555555555555 0.6379310344827587 0.05717367853290183 0.09482758620689655
0 0.09061488673139159 0.6187739463601533 0.0447680690399137 0.03735632183908046
0 0.07982740021574973 0.6819923371647509 0.059870550161812294 0.10057471264367816
0 0.059870550161812294 0.7423371647509579 0.08845738942826321 0.12739463601532566
0 0.07389428263214672 0.8103448275862069 0.06850053937432578 0.15134099616858238
0 0.1459007551240561 0.9353448275862069 0.13214670981661272 0.12931034482758622
0 0.39859762675296656 0.9937739463601533 0.12297734627831715 0.012452107279693486