0 0.33401639344262296 0.8442622950819673 0.08709016393442623 0.16484517304189436
0 0.38575819672131145 0.5154826958105647 0.06711065573770492 0.1320582877959927
0 0.42110655737704916 0.2923497267759563 0.05327868852459016 0.12021857923497267
0 0.461577868852459 0.21948998178506376 0.038422131147540985 0.07832422586520947
0 0.5040983606557377 0.30510018214936246 0.030737704918032786 0.04918032786885246
0 0.48104508196721313 0.1994535519125683 0.03381147540983607 0.07468123861566485
0 0.4974385245901639 0.2167577413479053 0.024077868852459015 0.06375227686703097
0 0.5081967213114754 0.23132969034608378 0.018442622950819672 0.04189435336976321
0 0.5097336065573771 0.2040072859744991 0.022540983606557378 0.04918032786885246
0 0.5625 0.3442622950819672 0.013831967213114754 0.028233151183970857
0 0.5573770491803278 0.1703096539162113 0.01485655737704918 0.031876138433515486
0 0.5548155737704918 0.11293260473588343 0.017418032786885244 0.030965391621129327
0 0.5543032786885246 0.05373406193078324 0.015881147540983607 0.03460837887067395
0 0.5271516393442623 0.056466302367941715 0.025102459016393443 0.044626593806921674
0 0.5358606557377049 0.04371584699453552 0.017418032786885244 0.039162112932604735
0 0.5307377049180327 0.09198542805100182 0.02151639344262295 0.04189435336976321
1 0.49026639344262296 0.9253187613843351 0.03637295081967213 0.07650273224043716
1 0.5025614754098361 0.7741347905282332 0.030225409836065573 0.06557377049180328
1 0.5092213114754098 0.6602914389799636 0.027663934426229508 0.06466302367941712
1 0.5717213114754098 0.8114754098360656 0.012807377049180328 0.025500910746812388
1 0.5712090163934426 0.7377049180327869 0.013831967213114754 0.030054644808743168
1 0.5706967213114754 0.6830601092896175 0.011270491803278689 0.0273224043715847
1 0.5727459016393442 0.6420765027322405 0.011270491803278689 0.02459016393442623
1 0.5625 0.5701275045537341 0.015368852459016393 0.0273224043715847
1 0.5604508196721312 0.505464480874317 0.015881147540983607 0.030054644808743168
1 0.5584016393442623 0.44171220400728595 0.015881147540983607 0.030965391621129327
1 0.5568647540983607 0.37067395264116576 0.017418032786885244 0.030054644808743168
1 0.555327868852459 0.30510018214936246 0.015368852459016393 0.03278688524590164
1 0.5430327868852459 0.30601092896174864 0.017418032786885244 0.03825136612021858
1 0.5414959016393442 0.348816029143898 0.017418032786885244 0.037340619307832425
1 0.5471311475409836 0.2167577413479053 0.01639344262295082 0.03460837887067395
1 0.5148565573770492 0.5154826958105647 0.025614754098360656 0.05009107468123861
1 0.516905737704918 0.5655737704918032 0.025614754098360656 0.052823315118397086
1 0.5251024590163934 0.5346083788706739 0.01331967213114754 0.03551912568306011
1 0.5307377049180327 0.5564663023679417 0.0117827868852459 0.03825136612021858