0 0.652099609375 0.20703125 0.0830078125 0.15711805555555555
0 0.602783203125 0.5203993055555556 0.06396484375 0.12586805555555555
0 0.569091796875 0.7330729166666666 0.05078125 0.11458333333333333
0 0.530517578125 0.8025173611111112 0.03662109375 0.07465277777777778
0 0.489990234375 0.7209201388888888 0.029296875 0.046875
0 0.511962890625 0.8216145833333334 0.0322265625 0.07118055555555555
0 0.496337890625 0.8051215277777778 0.02294921875 0.06076388888888889
0 0.486083984375 0.7912326388888888 0.017578125 0.03993055555555555
0 0.484619140625 0.8172743055555556 0.021484375 0.046875
0 0.434326171875 0.68359375 0.01318359375 0.026909722222222224
0 0.439208984375 0.8493923611111112 0.01416015625 0.030381944444444444
0 0.441650390625 0.9040798611111112 0.0166015625 0.029513888888888888
0 0.442138671875 0.9605034722222222 0.01513671875 0.03298611111111111
0 0.468017578125 0.9578993055555556 0.02392578125 0.042534722222222224
0 0.459716796875 0.9700520833333334 0.0166015625 0.03732638888888889
0 0.464599609375 0.9240451388888888 0.0205078125 0.03993055555555555
1 0.503173828125 0.12977430555555555 0.03466796875 0.07291666666666667
1 0.491455078125 0.2738715277777778 0.02880859375 0.0625
1 0.485107421875 0.3823784722222222 0.0263671875 0.06163194444444445
1 0.425537109375 0.23828125 0.01220703125 0.024305555555555556
1 0.426025390625 0.30859375 0.01318359375 0.028645833333333332
1 0.426513671875 0.3606770833333333 0.0107421875 0.026041666666666668
1 0.424560546875 0.3997395833333333 0.0107421875 0.0234375
1 0.434326171875 0.4683159722222222 0.0146484375 0.026041666666666668
1 0.436279296875 0.5299479166666666 0.01513671875 0.028645833333333332
1 0.438232421875 0.5907118055555556 0.01513671875 0.029513888888888888
1 0.439697265625 0.6584201388888888 0.0166015625 0.028645833333333332
1 0.441162109375 0.7209201388888888 0.0146484375 0.03125
1 0.452880859375 0.7200520833333334 0.0166015625 0.036458333333333336
1 0.454345703125 0.6792534722222222 0.0166015625 0.035590277777777776
1 0.448974609375 0.8051215277777778 0.015625 0.03298611111111111
1 0.479736328125 0.5203993055555556 0.0244140625 0.04774305555555555
1 0.477783203125 0.47265625 0.0244140625 0.050347222222222224
1 0.469970703125 0.5021701388888888 0.0126953125 0.033854166666666664
1 0.464599609375 0.4813368055555556 0.01123046875 0.036458333333333336