1 0.4777432712215321 0.07642725598526703 0.03467908902691511 0.07366482504604052
1 0.4803312629399586 0.20718232044198895 0.035196687370600416 0.07550644567219153
1 0.4849896480331263 0.356353591160221 0.03571428571428571 0.070902394106814
1 0.4943064182194617 0.4880294659300184 0.03467908902691511 0.07826887661141804
1 0.5181159420289855 0.5994475138121547 0.04503105590062112 0.08195211786372007
1 0.531055900621118 0.5239410681399632 0.04606625258799172 0.09208103130755065
1 0.5429606625258799 0.39594843462246776 0.04813664596273292 0.09484346224677716
1 0.5553830227743272 0.22559852670349909 0.051759834368530024 0.10589318600368323
0 0.4616977225672878 0.503683241252302 0.030020703933747412 0.06629834254143646
0 0.4699792960662526 0.6777163904235728 0.035196687370600416 0.0718232044198895
0 0.4767080745341615 0.8710865561694291 0.033126293995859216 0.070902394106814
0 0.48007246376811596 0.9806629834254144 0.030538302277432712 0.03867403314917127
0 0.5688405797101449 0.9631675874769797 0.052795031055900624 0.07366482504604052
0 0.5910973084886129 0.8038674033149171 0.053830227743271224 0.10773480662983426
0 0.5626293995859213 0.8066298342541437 0.027950310559006212 0.09668508287292818
0 0.5781573498964804 0.7191528545119705 0.052795031055900624 0.10313075506445672
0 0.7194616977225673 0.06445672191528545 0.09006211180124224 0.1289134438305709