0 0.6954365079365079 0.1728395061728395 0.12946428571428573 0.2601410934744268
0 0.6101190476190477 0.5784832451499118 0.09722222222222222 0.2072310405643739
0 0.5515873015873016 0.7874779541446209 0.09325396825396826 0.17372134038800705
0 0.49206349206349204 0.7918871252204586 0.07242063492063493 0.1675485008818342
0 0.5146329365079365 0.9197530864197531 0.08680555555555555 0.16049382716049382
1 0.2857142857142857 0.9753086419753086 0.025297619047619048 0.015873015873015872
1 0.25992063492063494 0.8474426807760141 0.028769841269841268 0.054673721340388004
1 0.25892857142857145 0.7574955908289241 0.029265873015873016 0.0564373897707231
1 0.2569444444444444 0.6957671957671958 0.028769841269841268 0.054673721340388004
1 0.25793650793650796 0.5388007054673721 0.0248015873015873 0.05114638447971781
1 0.4603174603174603 0.021164021164021163 0.08234126984126984 0.042328042328042326
1 0.4489087301587302 0.35537918871252205 0.06746031746031746 0.13756613756613756
1 0.43700396825396826 0.25749559082892415 0.06994047619047619 0.12081128747795414
1 0.42658730158730157 0.3800705467372134 0.057539682539682536 0.12522045855379188
1 0.4087301587301587 0.445326278659612 0.06994047619047619 0.11552028218694885