0 0.6959325396825397 0.8536155202821869 0.1463293650793651 0.23015873015873015
0 0.4677579365079365 0.7019400352733686 0.11656746031746032 0.1728395061728395
0 0.3501984126984127 0.5978835978835979 0.09771825396825397 0.1657848324514991
0 0.34771825396825395 0.49206349206349204 0.09424603174603174 0.12874779541446207
0 0.2698412698412698 0.5326278659611993 0.10168650793650794 0.15432098765432098
0 0.17609126984126985 0.5105820105820106 0.09176587301587301 0.15255731922398588
1 0.08928571428571429 0.2601410934744268 0.06547619047619048 0.09523809523809523
1 0.007936507936507936 0.2566137566137566 0.015873015873015872 0.08641975308641975
1 0.017361111111111112 0.15035273368606702 0.034722222222222224 0.06437389770723104
1 0.10168650793650794 0.13668430335097 0.0441468253968254 0.0582010582010582
1 0.17708333333333334 0.13051146384479717 0.032242063492063495 0.0582010582010582
1 0.24454365079365079 0.12522045855379188 0.008928571428571428 0.04497354497354497
1 0.31646825396825395 0.07936507936507936 0.030753968253968252 0.05114638447971781
1 0.36706349206349204 0.07760141093474426 0.031746031746031744 0.05202821869488536
1 0.4017857142857143 0.07407407407407407 0.030753968253968252 0.05114638447971781
1 0.49007936507936506 0.07583774250440917 0.028769841269841268 0.04409171075837742
1 0.9717261904761905 0.47530864197530864 0.03273809523809524 0.12257495590828923
1 0.8125 0.43562610229276894 0.08630952380952381 0.14638447971781304
1 0.5932539682539683 0.41534391534391535 0.07738095238095238 0.11992945326278659
1 0.6483134920634921 0.3941798941798942 0.0679563492063492 0.12433862433862433
1 0.5793650793650794 0.37566137566137564 0.07043650793650794 0.10229276895943562
1 0.5426587301587301 0.3439153439153439 0.06498015873015874 0.12433862433862433