1 0.4253528773072747 0.016891891891891893 0.016829533116178068 0.033783783783783786
1 0.4261672095548317 0.10810810810810811 0.014657980456026058 0.029922779922779922
1 0.4234527687296417 0.17084942084942084 0.016286644951140065 0.03185328185328185
1 0.4223669923995657 0.2306949806949807 0.014115092290988056 0.023166023166023165
1 0.4381107491856677 0.24324324324324326 0.018458197611292075 0.03474903474903475
1 0.44082519001085774 0.31756756756756754 0.015743756786102063 0.03571428571428571
1 0.44245385450597174 0.38996138996138996 0.018458197611292075 0.04054054054054054
1 0.44516829533116176 0.46814671814671815 0.01737242128121607 0.04054054054054054
1 0.4788273615635179 0.3967181467181467 0.023887079261672096 0.052123552123552123
1 0.4755700325732899 0.48166023166023164 0.024429967426710098 0.05019305019305019
1 0.4500542888165038 0.527027027027027 0.019001085776330078 0.04054054054054054
1 0.46959826275787186 0.5608108108108109 0.026058631921824105 0.05115830115830116
1 0.46362649294245384 0.5888030888030888 0.02280130293159609 0.04054054054054054
0 0.43322475570032576 0.5434362934362934 0.018458197611292075 0.03571428571428571
0 0.4375678610206297 0.6351351351351351 0.02225841476655809 0.041505791505791506
0 0.44136807817589574 0.7393822393822393 0.017915309446254073 0.0444015444015444
0 0.44353963083604775 0.8079150579150579 0.02225841476655809 0.045366795366795366
0 0.44462540716612375 0.8754826254826255 0.021172638436482084 0.04247104247104247
0 0.4524972855591748 0.9826254826254827 0.025515743756786103 0.03474903474903475
0 0.48859934853420195 0.8001930501930502 0.03311617806731813 0.060810810810810814
0 0.49077090119435396 0.7152509652509652 0.02714440825190011 0.05308880308880309
0 0.502171552660152 0.7027027027027027 0.033659066232356136 0.059845559845559844
0 0.49185667752442996 0.6631274131274131 0.028773072747014114 0.05308880308880309
0 0.5629750271444083 0.3030888030888031 0.04505971769815418 0.0859073359073359
0 0.5700325732899023 0.2171814671814672 0.04505971769815418 0.0859073359073359
0 0.5646036916395223 0.13127413127413126 0.04125950054288816 0.09073359073359073
0 0.5971769815418024 0.13706563706563707 0.05374592833876222 0.10521235521235521
0 0.6476655808903365 0.025096525096525095 0.06840390879478828 0.05019305019305019