1 0.7357563850687623 0.418848167539267 0.018664047151277015 0.027050610820244327
1 0.6886051080550099 0.41972076788830714 0.015225933202357564 0.02356020942408377
1 0.656679764243615 0.41535776614310643 0.016208251473477406 0.02617801047120419
1 0.6262278978388998 0.41361256544502617 0.011787819253438114 0.02268760907504363
1 0.6198428290766208 0.4389179755671902 0.01768172888015717 0.029668411867364748
1 0.5820235756385069 0.4432809773123909 0.018172888015717092 0.02530541012216405
1 0.5451866404715128 0.44589877835951136 0.0206286836935167 0.029668411867364748
1 0.5054027504911591 0.450261780104712 0.0206286836935167 0.027923211169284468
1 0.5417485265225933 0.5043630017452007 0.026522593320235755 0.038394415357766144
1 0.49852652259332025 0.49912739965095987 0.025540275049115914 0.03926701570680628
1 0.47544204322200395 0.4581151832460733 0.0206286836935167 0.030541012216404886
1 0.4582514734774067 0.4895287958115183 0.026031434184675836 0.041884816753926704
1 0.444007858546169 0.4799301919720768 0.0206286836935167 0.03664921465968586
1 0.7794695481335953 0.5741710296684118 0.03339882121807466 0.060209424083769635
1 0.8025540275049116 0.5907504363001745 0.03781925343811395 0.05759162303664921
1 0.8143418467583498 0.6151832460732984 0.043222003929273084 0.06544502617801047
1 0.8447937131630648 0.6090750436300174 0.04076620825147348 0.06893542757417102
1 0.9518664047151277 0.6544502617801047 0.054027504911591355 0.0881326352530541
0 0.4670923379174853 0.43106457242582896 0.018172888015717092 0.029668411867364748
0 0.4204322200392927 0.43804537521815007 0.02111984282907662 0.03577661431064572
0 0.36738703339882123 0.44415357766143104 0.022593320235756387 0.028795811518324606
0 0.3325147347740668 0.4476439790575916 0.023084479371316306 0.03577661431064572
0 0.2981335952848723 0.4493891797556719 0.021611001964636542 0.034031413612565446
0 0.24017681728880158 0.462478184991274 0.02455795677799607 0.04101221640488656
0 0.33644400785854617 0.5200698080279232 0.03094302554027505 0.053228621291448515
0 0.19842829076620824 0.47033158813263526 0.023575638506876228 0.04013961605584642
0 0.1969548133595285 0.5078534031413613 0.027013752455795677 0.0462478184991274
0 0.17779960707269155 0.5008726003490401 0.025540275049115914 0.04275741710296684
0 0.16994106090373282 0.48429319371727747 0.026522593320235755 0.038394415357766144
0 0.3796660117878193 0.5235602094240838 0.027013752455795677 0.04363001745200698
0 0.38605108055009824 0.5418848167539267 0.030451866404715127 0.05410122164048865
0 0.406188605108055 0.525305410122164 0.027013752455795677 0.0462478184991274
0 0.5893909626719057 0.6396160558464223 0.043713163064833006 0.07242582897033159
0 0.6331041257367387 0.6509598603839442 0.043713163064833006 0.07242582897033159
0 0.6768172888015717 0.6422338568935427 0.04616895874263261 0.06631762652705062
0 0.6738703339882122 0.6945898778359512 0.05353634577603143 0.08638743455497382
0 0.7514734774066798 0.7757417102966842 0.06728880157170923 0.1099476439790576
0 0.8953831041257367 0.893542757417103 0.09086444007858546 0.1518324607329843