1 0.73291015625 0.417172593235039 0.0185546875 0.026886383347788378
1 0.68603515625 0.41803989592367735 0.01513671875 0.023417172593235037
1 0.654296875 0.4137033824804857 0.01611328125 0.026019080659150044
1 0.6240234375 0.411968777103209 0.01171875 0.022549869904596703
1 0.61767578125 0.4371205550737207 0.017578125 0.029488291413703384
1 0.580078125 0.4414570685169124 0.01806640625 0.02515177797051171
1 0.54345703125 0.4440589765828274 0.0205078125 0.029488291413703384
1 0.50390625 0.4483954900260191 0.0205078125 0.027753686036426712
1 0.5400390625 0.5021682567215958 0.0263671875 0.03816131830008673
1 0.4970703125 0.49696444058976585 0.025390625 0.03902862098872507
1 0.47412109375 0.4562012142237641 0.0205078125 0.030355594102341718
1 0.45703125 0.48742411101474414 0.02587890625 0.04163052905464007
1 0.44287109375 0.4778837814397225 0.0205078125 0.03642671292281006
1 0.7763671875 0.5715524718126627 0.033203125 0.0598438855160451
1 0.79931640625 0.588031222896791 0.03759765625 0.05724197745013009
1 0.81103515625 0.6123156981786644 0.04296875 0.06504770164787511
1 0.84130859375 0.606244579358196 0.04052734375 0.06851691240242845
1 0.94775390625 0.6513443191673894 0.0537109375 0.08759757155247182
0 0.4658203125 0.4293148308759757 0.01806640625 0.029488291413703384
0 0.41943359375 0.4362532523850824 0.02099609375 0.03555941023417172
0 0.36669921875 0.44232437120555074 0.0224609375 0.028620988725065046
0 0.33203125 0.4457935819601041 0.02294921875 0.03555941023417172
0 0.2978515625 0.44752818733738076 0.021484375 0.033824804856895055
0 0.240234375 0.4605377276669558 0.0244140625 0.040763226366001735
0 0.3359375 0.5177797051170858 0.03076171875 0.05290546400693842
0 0.19873046875 0.4683434518647008 0.0234375 0.0398959236773634
0 0.197265625 0.5056374674761491 0.02685546875 0.04596704249783174
0 0.17822265625 0.4986990459670425 0.025390625 0.042497831743278404
0 0.17041015625 0.4822202948829141 0.0263671875 0.03816131830008673
0 0.37890625 0.5212489158716392 0.02685546875 0.04336513443191674
0 0.38525390625 0.5394622723330442 0.0302734375 0.053772766695576756
0 0.4052734375 0.5229835212489159 0.02685546875 0.04596704249783174
0 0.58740234375 0.6366001734605378 0.04345703125 0.07198612315698179
0 0.630859375 0.6478751084128361 0.04345703125 0.07198612315698179
0 0.67431640625 0.6392020815264527 0.0458984375 0.06591500433651344
0 0.67138671875 0.6912402428447528 0.05322265625 0.08586296617519515
0 0.74853515625 0.7718993928881179 0.06689453125 0.10928013876843018
0 0.8916015625 0.8889852558542931 0.09033203125 0.15091066782307025