0 0.39842931937172776 0.654562383612663 0.07643979057591622 0.13128491620111732
0 0.4418848167539267 0.4273743016759777 0.06439790575916231 0.1191806331471136
0 0.47853403141361256 0.30726256983240224 0.05340314136125655 0.10148975791433892
0 0.5104712041884817 0.3165735567970205 0.04397905759162304 0.0893854748603352
0 0.49947643979057593 0.23743016759776536 0.04502617801047121 0.0931098696461825
0 0.5041884816753927 0.148975791433892 0.05235602094240838 0.09683426443202979
1 0.512565445026178 0.9329608938547486 0.041361256544502616 0.09124767225325885
1 0.5261780104712042 0.7579143389199255 0.041884816753926704 0.08193668528864059
1 0.5392670157068062 0.6014897579143389 0.03455497382198953 0.06797020484171322
1 0.5356020942408377 0.5521415270018621 0.0356020942408377 0.06983240223463687
1 0.5455497382198953 0.5344506517690876 0.032460732984293195 0.06424581005586592
1 0.5570680628272251 0.5065176908752328 0.030366492146596858 0.0633147113594041
1 0.6392670157068063 0.45251396648044695 0.014659685863874346 0.030726256983240222
1 0.6392670157068063 0.3687150837988827 0.01780104712041885 0.032588454376163874
1 0.6392670157068063 0.3054003724394786 0.016753926701570682 0.0335195530726257
1 0.6403141361256545 0.2579143389199255 0.015183246073298429 0.0297951582867784
1 0.6240837696335079 0.14990689013035383 0.01780104712041885 0.036312849162011177
1 0.6256544502617801 0.21787709497206703 0.015183246073298429 0.0074487895716946
1 0.6214659685863875 0.07541899441340782 0.0193717277486911 0.0446927374301676
1 0.581151832460733 0.06610800744878957 0.030890052356020943 0.05865921787709497
1 0.6154450261780104 0.0074487895716946 0.0193717277486911 0.0148975791433892