0 0.4007551240560949 0.6293103448275862 0.07874865156418555 0.13505747126436782
0 0.44552319309600863 0.3955938697318008 0.06634304207119741 0.12260536398467432
0 0.48327939590075514 0.2720306513409962 0.05501618122977346 0.10440613026819924
0 0.5161812297734628 0.28160919540229884 0.045307443365695796 0.09195402298850575
0 0.5048543689320388 0.20019157088122605 0.04638619201725998 0.09578544061302682
0 0.5097087378640777 0.10919540229885058 0.05393743257820928 0.09961685823754789
1 0.5183387270765911 0.9157088122605364 0.04261057173678533 0.09386973180076628
1 0.5323624595469255 0.735632183908046 0.043149946062567425 0.0842911877394636
1 0.5458468176914779 0.5747126436781609 0.03559870550161812 0.06992337164750957
1 0.5420711974110033 0.5239463601532567 0.036677454153182305 0.07183908045977011
1 0.552319309600863 0.5057471264367817 0.03344120819848975 0.06609195402298851
1 0.564185544768069 0.47701149425287354 0.03128371089536138 0.06513409961685823
1 0.6488673139158576 0.421455938697318 0.015102481121898598 0.031609195402298854
1 0.6488673139158576 0.33524904214559387 0.018338727076591153 0.033524904214559385
1 0.6488673139158576 0.27011494252873564 0.017259978425026967 0.034482758620689655
1 0.6499460625674218 0.22126436781609196 0.01564185544768069 0.03065134099616858
1 0.6332254584681769 0.11015325670498084 0.018338727076591153 0.03735632183908046
1 0.6348435814455232 0.18007662835249041 0.01564185544768069 0.007662835249042145
1 0.6305285868392665 0.033524904214559385 0.019956850053937433 0.04597701149425287
1 0.5887270765911543 0.02681992337164751 0.03182308522114347 0.05363984674329502