0 0.83154296875 0.8629661751951431 0.11181640625 0.18300086730268864
0 0.55517578125 0.6478751084128361 0.06884765625 0.1266261925411969
0 0.43603515625 0.5758889852558543 0.0625 0.10667823070251518
0 0.373046875 0.5151777970511708 0.05322265625 0.08846487424111014
0 0.3779296875 0.46227233304423243 0.046875 0.07285342584562012
0 0.33642578125 0.48048568950563747 0.048828125 0.0745880312228968
0 0.2900390625 0.47267996530789247 0.05078125 0.08673026886383348
0 0.1611328125 0.2688638334778838 0.0224609375 0.032090199479618386
0 0.09912109375 0.2732003469210755 0.0234375 0.03295750216825672
0 0.02734375 0.2870771899392888 0.02685546875 0.040763226366001735
0 0.0517578125 0.3954900260190807 0.0400390625 0.062445793581960105
0 0.06982421875 0.38248048568950566 0.0263671875 0.05203816131830009
0 0.03515625 0.383347788378144 0.03857421875 0.053772766695576756
1 0.96728515625 0.5134431916738942 0.05908203125 0.09193408499566348
1 0.82763671875 0.48742411101474414 0.052734375 0.08846487424111014
1 0.701171875 0.4588031222896791 0.0478515625 0.06851691240242845
1 0.609375 0.4362532523850824 0.04296875 0.06938421509106678
1 0.52734375 0.41457068516912404 0.03564453125 0.05724197745013009
1 0.50146484375 0.4206418039895924 0.03662109375 0.05897658282740677
1 0.4921875 0.404163052905464 0.03369140625 0.053772766695576756
1 0.4775390625 0.38508239375542064 0.033203125 0.05030355594102342
1 0.44921875 0.2489158716392021 0.01611328125 0.024284475281873375
1 0.4052734375 0.2489158716392021 0.01708984375 0.029488291413703384
1 0.3720703125 0.2489158716392021 0.017578125 0.027753686036426712
1 0.34716796875 0.2471812662619254 0.015625 0.02515177797051171
1 0.29052734375 0.2740676496097138 0.01904296875 0.029488291413703384
1 0.326171875 0.27146574154379877 0.00390625 0.02515177797051171
1 0.25146484375 0.27840416305290544 0.0234375 0.032090199479618386
1 0.24658203125 0.34518647007805725 0.03076171875 0.05117085862966175
1 0.20751953125 0.28794449262792715 0.02490234375 0.032090199479618386
1 0.19580078125 0.3417172593235039 0.029296875 0.04336513443191674
1 0.16943359375 0.2983521248915872 0.025390625 0.03642671292281006
1 0.150390625 0.3313096270598439 0.0322265625 0.04336513443191674
1 0.119140625 0.3183000867302689 0.0302734375 0.045099739809193407