1 0.72216796875 0.33651344319167387 0.0478515625 0.07025151777970512
1 0.61767578125 0.33564614050303554 0.05078125 0.07892454466608846
1 0.50537109375 0.3382480485689506 0.048828125 0.07111882046834345
1 0.39111328125 0.33651344319167387 0.048828125 0.07632263660017347
1 0.2822265625 0.32523850823937556 0.0498046875 0.07718993928881179
1 0.17431640625 0.32350390286209885 0.06005859375 0.08586296617519515
1 0.07275390625 0.3070251517779705 0.0478515625 0.07285342584562012
1 0.03076171875 0.3269731136166522 0.0517578125 0.08846487424111014
1 0.02587890625 0.2974848222029488 0.046875 0.053772766695576756
1 0.0146484375 0.2810060711188205 0.0283203125 0.05464006938421509
0 0.0693359375 0.5628794449262793 0.10107421875 0.1491760624457936
0 0.35302734375 0.6704249783174328 0.0947265625 0.1647875108412836
0 0.623046875 0.6539462272333044 0.0859375 0.15091066782307025
0 0.83935546875 0.614050303555941 0.08837890625 0.15871639202081528