0 0.5173611111111112 0.9497354497354498 0.03670634920634921 0.08112874779541446
0 0.5342261904761905 0.7663139329805997 0.03819444444444445 0.08112874779541446
0 0.5391865079365079 0.6111111111111112 0.04017857142857143 0.07848324514991181
0 0.5367063492063492 0.42857142857142855 0.03720238095238095 0.06790123456790123
0 0.5282738095238095 0.3712522045855379 0.030257936507936508 0.0564373897707231
0 0.5193452380952381 0.3350970017636684 0.034722222222222224 0.05114638447971781
0 0.48561507936507936 0.3959435626102293 0.029265873015873016 0.04497354497354497
0 0.4915674603174603 0.35008818342151676 0.027777777777777776 0.053791887125220456
0 0.46279761904761907 0.20987654320987653 0.022817460317460316 0.043209876543209874
0 0.4593253968253968 0.24514991181657847 0.021825396825396824 0.03439153439153439
0 0.45783730158730157 0.1490299823633157 0.019345238095238096 0.03527336860670194
0 0.45882936507936506 0.10141093474426807 0.023809523809523808 0.029982363315696647
0 0.4558531746031746 0.03791887125220458 0.017857142857142856 0.0291005291005291
0 0.4513888888888889 0.012786596119929453 0.017857142857142856 0.025573192239858905
0 0.44246031746031744 0.03880070546737213 0.015873015873015872 0.0291005291005291
1 0.47172619047619047 0.9470899470899471 0.030753968253968252 0.05291005291005291
1 0.47668650793650796 0.7292768959435626 0.031746031746031744 0.048500881834215165
1 0.47023809523809523 0.6631393298059964 0.030257936507936508 0.04673721340388007
1 0.46726190476190477 0.6111111111111112 0.026785714285714284 0.03262786596119929
1 0.46081349206349204 0.5881834215167548 0.02628968253968254 0.043209876543209874
1 0.4479166666666667 0.4620811287477954 0.022321428571428572 0.037037037037037035
1 0.4503968253968254 0.41798941798941797 0.025297619047619048 0.03439153439153439
1 0.4489087301587302 0.3527336860670194 0.018353174603174604 0.031746031746031744
1 0.44246031746031744 0.31922398589065254 0.015873015873015872 0.02292768959435626
1 0.44246031746031744 0.29188712522045857 0.017361111111111112 0.027336860670194002