0 0.016927083333333332 0.4671296296296296 0.033854166666666664 0.06574074074074074
0 0.0734375 0.4925925925925926 0.043229166666666666 0.06759259259259259
0 0.14947916666666666 0.5138888888888888 0.041666666666666664 0.06574074074074074
0 0.19583333333333333 0.5361111111111111 0.0453125 0.06759259259259259
0 0.26458333333333334 0.55 0.04791666666666667 0.06851851851851852
0 0.3729166666666667 0.5814814814814815 0.04791666666666667 0.0712962962962963
0 0.46458333333333335 0.5907407407407408 0.04635416666666667 0.075
0 0.5723958333333333 0.5861111111111111 0.04010416666666667 0.06944444444444445
0 0.60625 0.5703703703703704 0.03333333333333333 0.05648148148148148
0 0.6276041666666666 0.5537037037037037 0.030208333333333334 0.06481481481481481
0 0.5916666666666667 0.49074074074074076 0.0265625 0.05462962962962963
0 0.61875 0.5018518518518519 0.03177083333333333 0.05185185185185185
0 0.7015625 0.44814814814814813 0.025520833333333333 0.04259259259259259
0 0.6807291666666667 0.44166666666666665 0.0203125 0.040740740740740744
0 0.7375 0.4388888888888889 0.020833333333333332 0.03611111111111111
0 0.765625 0.44074074074074077 0.017708333333333333 0.044444444444444446
0 0.803125 0.4351851851851852 0.0171875 0.03333333333333333
0 0.81875 0.42685185185185187 0.016666666666666666 0.03333333333333333
0 0.8026041666666667 0.4101851851851852 0.0171875 0.02962962962962963
1 0.09479166666666666 0.4083333333333333 0.030729166666666665 0.05092592592592592
1 0.128125 0.42685185185185187 0.030208333333333334 0.05185185185185185
1 0.16510416666666666 0.44074074074074077 0.03125 0.06018518518518518
1 0.20625 0.45185185185185184 0.034895833333333334 0.06574074074074074
1 0.26614583333333336 0.4648148148148148 0.03125 0.05740740740740741
1 0.39479166666666665 0.4740740740740741 0.028645833333333332 0.05925925925925926
1 0.43385416666666665 0.462037037037037 0.027604166666666666 0.05648148148148148
1 0.46458333333333335 0.4564814814814815 0.019270833333333334 0.05
1 0.478125 0.4444444444444444 0.025520833333333333 0.049074074074074076
1 0.5526041666666667 0.4203703703703704 0.021875 0.041666666666666664
1 0.5786458333333333 0.425 0.0203125 0.04722222222222222
1 0.6171875 0.4222222222222222 0.01875 0.03425925925925926
1 0.6369791666666667 0.4101851851851852 0.013541666666666667 0.02962962962962963
1 0.653125 0.4101851851851852 0.016145833333333335 0.032407407407407406