0 0.01953125 0.4513888888888889 0.03271484375 0.06163194444444445
0 0.07275390625 0.4748263888888889 0.04052734375 0.06336805555555555
0 0.14404296875 0.4947916666666667 0.0390625 0.06163194444444445
0 0.1875 0.515625 0.04248046875 0.06336805555555555
0 0.251953125 0.5286458333333334 0.044921875 0.0642361111111111
0 0.353515625 0.5581597222222222 0.044921875 0.06684027777777778
0 0.439453125 0.5668402777777778 0.04345703125 0.0703125
0 0.54052734375 0.5625 0.03759765625 0.06510416666666667
0 0.572265625 0.5477430555555556 0.03125 0.05295138888888889
0 0.59228515625 0.5321180555555556 0.0283203125 0.06076388888888889
0 0.55859375 0.4730902777777778 0.02490234375 0.051215277777777776
0 0.583984375 0.4835069444444444 0.02978515625 0.04861111111111111
0 0.66162109375 0.4331597222222222 0.02392578125 0.03993055555555555
0 0.64208984375 0.4270833333333333 0.01904296875 0.03819444444444445
0 0.6953125 0.4244791666666667 0.01953125 0.033854166666666664
0 0.7216796875 0.4262152777777778 0.0166015625 0.041666666666666664
0 0.7568359375 0.4210069444444444 0.01611328125 0.03125
0 0.771484375 0.4131944444444444 0.015625 0.03125
0 0.75634765625 0.3975694444444444 0.01611328125 0.027777777777777776
1 0.0927734375 0.3958333333333333 0.02880859375 0.04774305555555555
1 0.1240234375 0.4131944444444444 0.0283203125 0.04861111111111111
1 0.15869140625 0.4262152777777778 0.029296875 0.05642361111111111
1 0.197265625 0.4366319444444444 0.03271484375 0.06163194444444445
1 0.25341796875 0.4487847222222222 0.029296875 0.05381944444444445
1 0.3740234375 0.4574652777777778 0.02685546875 0.05555555555555555
1 0.41064453125 0.4461805555555556 0.02587890625 0.05295138888888889
1 0.439453125 0.4409722222222222 0.01806640625 0.046875
1 0.4521484375 0.4296875 0.02392578125 0.04600694444444445
1 0.52197265625 0.4071180555555556 0.0205078125 0.0390625
1 0.54638671875 0.4114583333333333 0.01904296875 0.044270833333333336
1 0.58251953125 0.4088541666666667 0.017578125 0.03211805555555555
1 0.60107421875 0.3975694444444444 0.0126953125 0.027777777777777776
1 0.6162109375 0.3975694444444444 0.01513671875 0.030381944444444444