1 0.1255364806866953 0.24427480916030533 0.024141630901287552 0.05152671755725191
1 0.12392703862660945 0.1965648854961832 0.028969957081545063 0.03721374045801527
1 0.2628755364806867 0.24904580152671757 0.02628755364806867 0.03816793893129771
1 0.2956008583690987 0.26908396946564883 0.03111587982832618 0.05820610687022901
1 0.3310085836909871 0.28053435114503816 0.029506437768240343 0.05152671755725191
1 0.3723175965665236 0.29770992366412213 0.03111587982832618 0.05820610687022901
1 0.4281115879828326 0.30725190839694655 0.03111587982832618 0.05343511450381679
1 0.5531115879828327 0.30820610687022904 0.027896995708154508 0.05629770992366412
1 0.5928111587982833 0.2929389312977099 0.023605150214592276 0.05820610687022901
1 0.625 0.2719465648854962 0.02575107296137339 0.05152671755725191
1 0.6325107296137339 0.24713740458015268 0.023605150214592276 0.03721374045801527
1 0.7135193133047211 0.183206106870229 0.02092274678111588 0.046755725190839696
1 0.7419527896995708 0.17461832061068702 0.02092274678111588 0.046755725190839696
1 0.7612660944206009 0.17461832061068702 0.02467811158798283 0.04389312977099236
1 0.7800429184549357 0.15935114503816794 0.023605150214592276 0.04484732824427481
1 0.799892703862661 0.15171755725190839 0.024141630901287552 0.03816793893129771
1 0.8374463519313304 0.10973282442748092 0.02145922746781116 0.04389312977099236
0 0.20600858369098712 0.3520992366412214 0.0407725321888412 0.05725190839694656
0 0.2628755364806867 0.37786259541984735 0.03594420600858369 0.05534351145038168
0 0.33476394849785407 0.41030534351145037 0.03755364806866953 0.06774809160305344
0 0.38090128755364805 0.4389312977099237 0.03648068669527897 0.06965648854961833
0 0.4409871244635193 0.4532442748091603 0.039163090128755365 0.06583969465648855
0 0.5423819742489271 0.4847328244274809 0.046137339055793994 0.07729007633587787
0 0.6335836909871244 0.4933206106870229 0.05150214592274678 0.0868320610687023
0 0.740343347639485 0.47041984732824427 0.045064377682403435 0.07729007633587787
0 0.773068669527897 0.4389312977099237 0.04130901287553648 0.06679389312977099
0 0.8047210300429185 0.40935114503816794 0.03487124463519313 0.06965648854961833
0 0.7709227467811158 0.30248091603053434 0.027896995708154508 0.04389312977099236
0 0.8041845493562232 0.31583969465648853 0.029506437768240343 0.04961832061068702
0 0.7532188841201717 0.2824427480916031 0.02145922746781116 0.04103053435114504
0 0.8792918454935622 0.21183206106870228 0.02521459227467811 0.05152671755725191
0 0.8578326180257511 0.20610687022900764 0.022532188841201718 0.04961832061068702
0 0.9222103004291845 0.18893129770992367 0.02092274678111588 0.04580152671755725
0 0.9511802575107297 0.1784351145038168 0.02521459227467811 0.04866412213740458
0 0.9876609442060086 0.15696564885496184 0.02467811158798283 0.04103053435114504
0 0.9930257510729614 0.12309160305343511 0.013948497854077254 0.03816793893129771