1 0.12548828125 0.2560763888888889 0.02197265625 0.046875
1 0.1240234375 0.2126736111111111 0.0263671875 0.033854166666666664
1 0.25048828125 0.2604166666666667 0.02392578125 0.034722222222222224
1 0.2802734375 0.2786458333333333 0.0283203125 0.05295138888888889
1 0.3125 0.2890625 0.02685546875 0.046875
1 0.35009765625 0.3046875 0.0283203125 0.05295138888888889
1 0.40087890625 0.3133680555555556 0.0283203125 0.04861111111111111
1 0.5146484375 0.3142361111111111 0.025390625 0.051215277777777776
1 0.55078125 0.3003472222222222 0.021484375 0.05295138888888889
1 0.580078125 0.28125 0.0234375 0.046875
1 0.5869140625 0.2586805555555556 0.021484375 0.033854166666666664
1 0.66064453125 0.20052083333333334 0.01904296875 0.042534722222222224
1 0.6865234375 0.19270833333333334 0.01904296875 0.042534722222222224
1 0.7041015625 0.19270833333333334 0.0224609375 0.03993055555555555
1 0.72119140625 0.17881944444444445 0.021484375 0.04079861111111111
1 0.7392578125 0.171875 0.02197265625 0.034722222222222224
1 0.7734375 0.13368055555555555 0.01953125 0.03993055555555555
0 0.19873046875 0.3541666666666667 0.037109375 0.052083333333333336
0 0.25048828125 0.3776041666666667 0.03271484375 0.050347222222222224
0 0.31591796875 0.4071180555555556 0.0341796875 0.06163194444444445
0 0.35791015625 0.4331597222222222 0.033203125 0.06336805555555555
0 0.41259765625 0.4461805555555556 0.03564453125 0.059895833333333336
0 0.5048828125 0.4748263888888889 0.0419921875 0.0703125
0 0.587890625 0.4826388888888889 0.046875 0.07899305555555555
0 0.68505859375 0.4618055555555556 0.041015625 0.0703125
0 0.71484375 0.4331597222222222 0.03759765625 0.06076388888888889
0 0.74365234375 0.40625 0.03173828125 0.06336805555555555
0 0.712890625 0.3090277777777778 0.025390625 0.03993055555555555
0 0.7431640625 0.3211805555555556 0.02685546875 0.04513888888888889
0 0.69677734375 0.2907986111111111 0.01953125 0.03732638888888889
0 0.8115234375 0.2265625 0.02294921875 0.046875
0 0.7919921875 0.22135416666666666 0.0205078125 0.04513888888888889
0 0.8505859375 0.20572916666666666 0.01904296875 0.041666666666666664
0 0.876953125 0.19618055555555555 0.02294921875 0.044270833333333336
0 0.9130859375 0.17708333333333334 0.0283203125 0.03732638888888889
0 0.93310546875 0.16319444444444445 0.02099609375 0.033854166666666664
0 0.91748046875 0.14583333333333334 0.01708984375 0.034722222222222224