1 0.06948968512486428 0.2577220077220077 0.024429967426710098 0.052123552123552123
1 0.06786102062975027 0.20945945945945946 0.029315960912052116 0.037644787644787646
1 0.20846905537459284 0.2625482625482625 0.026601520086862108 0.03861003861003861
1 0.24158523344191096 0.2828185328185328 0.031487513572204126 0.05888030888030888
1 0.2774158523344191 0.2944015444015444 0.02985884907709012 0.052123552123552123
1 0.31921824104234525 0.31177606177606176 0.031487513572204126 0.05888030888030888
1 0.3756786102062975 0.32142857142857145 0.031487513572204126 0.05405405405405406
1 0.502171552660152 0.3223938223938224 0.02823018458197611 0.05694980694980695
1 0.5423452768729642 0.30694980694980695 0.023887079261672096 0.05888030888030888
1 0.5749185667752443 0.2857142857142857 0.026058631921824105 0.052123552123552123
1 0.5825190010857764 0.2606177606177606 0.023887079261672096 0.037644787644787646
1 0.6644951140065146 0.19594594594594594 0.021172638436482084 0.0472972972972973
1 0.6932681867535287 0.18725868725868725 0.021172638436482084 0.0472972972972973
1 0.7128121606948968 0.18725868725868725 0.0249728555917481 0.0444015444015444
1 0.7318132464712269 0.1718146718146718 0.023887079261672096 0.045366795366795366
1 0.751900108577633 0.1640926640926641 0.024429967426710098 0.03861003861003861
1 0.7899022801302932 0.12162162162162163 0.021715526601520086 0.0444015444015444
0 0.15092290988056462 0.3667953667953668 0.04125950054288816 0.05791505791505792
0 0.20846905537459284 0.39285714285714285 0.03637350705754615 0.055984555984555984
0 0.28121606948968514 0.42567567567567566 0.038002171552660155 0.06853281853281853
0 0.3279044516829533 0.4546332046332046 0.03691639522258415 0.07046332046332046
0 0.38870792616720956 0.4691119691119691 0.039630836047774155 0.06660231660231661
0 0.49131378935939196 0.500965250965251 0.04668838219326819 0.07818532818532818
0 0.5836047774158524 0.5096525096525096 0.05211726384364821 0.08783783783783784
0 0.6916395222584147 0.4864864864864865 0.04560260586319218 0.07818532818532818
0 0.7247557003257329 0.4546332046332046 0.041802388707926165 0.06756756756756757
0 0.756786102062975 0.4247104247104247 0.03528773072747014 0.07046332046332046
0 0.7225841476655809 0.3166023166023166 0.02823018458197611 0.0444015444015444
0 0.756243213897937 0.3301158301158301 0.02985884907709012 0.05019305019305019
0 0.7046688382193268 0.29633204633204635 0.021715526601520086 0.041505791505791506
0 0.8322475570032574 0.2249034749034749 0.025515743756786103 0.052123552123552123
0 0.8105320304017373 0.21911196911196912 0.02280130293159609 0.05019305019305019
0 0.8756786102062974 0.20173745173745175 0.021172638436482084 0.04633204633204633
0 0.9049945711183496 0.19111969111969113 0.025515743756786103 0.04922779922779923
0 0.9451682953311618 0.16988416988416988 0.031487513572204126 0.041505791505791506
0 0.9674267100977199 0.15444015444015444 0.023344191096634093 0.037644787644787646
0 0.9500542888165038 0.13513513513513514 0.019001085776330078 0.03861003861003861