0 0.5047883064516129 0.9744623655913979 0.029737903225806453 0.051075268817204304
0 0.515625 0.8835125448028673 0.03377016129032258 0.05465949820788531
0 0.5277217741935484 0.7634408602150538 0.03225806451612903 0.0528673835125448
0 0.5362903225806451 0.6810035842293907 0.037298387096774195 0.05824372759856631
0 0.5428427419354839 0.578853046594982 0.03881048387096774 0.05824372759856631
0 0.5453629032258065 0.4032258064516129 0.04435483870967742 0.07168458781362007
0 0.5463709677419355 0.24910394265232974 0.040826612903225805 0.07437275985663082
0 0.5252016129032258 0.07437275985663082 0.03881048387096774 0.06630824372759857
0 0.5047883064516129 0.025985663082437275 0.041834677419354836 0.05197132616487455
0 0.48286290322580644 0.0076164874551971325 0.03225806451612903 0.015232974910394265
0 0.4284274193548387 0.04838709677419355 0.03024193548387097 0.04390681003584229
0 0.4254032258064516 0.08602150537634409 0.02620967741935484 0.04032258064516129
1 0.4440524193548387 0.9041218637992832 0.025705645161290324 0.035842293906810034
1 0.4480846774193548 0.8422939068100358 0.023185483870967742 0.04032258064516129
1 0.45514112903225806 0.7912186379928315 0.028729838709677418 0.03942652329749104
1 0.46068548387096775 0.7123655913978495 0.03125 0.047491039426523295
1 0.4627016129032258 0.6227598566308243 0.027721774193548387 0.04659498207885305
1 0.4470766129032258 0.4157706093189964 0.02469758064516129 0.03763440860215054
1 0.43951612903225806 0.35304659498207885 0.024193548387096774 0.04032258064516129
1 0.42389112903225806 0.30824372759856633 0.023185483870967742 0.03225806451612903
1 0.40725806451612906 0.29659498207885304 0.017641129032258066 0.04390681003584229
1 0.3694556451612903 0.17652329749103943 0.01965725806451613 0.033154121863799284
1 0.3649193548387097 0.13709677419354838 0.02721774193548387 0.03136200716845878
1 0.3623991935483871 0.09408602150537634 0.02217741935483871 0.035842293906810034
1 0.34526209677419356 0.03136200716845878 0.018145161290322582 0.03046594982078853
1 0.3341733870967742 0.013888888888888888 0.023185483870967742 0.027777777777777776