0 0.244140625 0.5034722222222222 0.03466796875 0.051215277777777776
0 0.29736328125 0.5217013888888888 0.02978515625 0.058159722222222224
0 0.36279296875 0.5425347222222222 0.02880859375 0.05555555555555555
0 0.40771484375 0.5572916666666666 0.03173828125 0.0642361111111111
0 0.46337890625 0.5685763888888888 0.03173828125 0.06684027777777778
0 0.55908203125 0.5729166666666666 0.0390625 0.0763888888888889
0 0.64306640625 0.5746527777777778 0.04052734375 0.0703125
0 0.73828125 0.5381944444444444 0.0361328125 0.06684027777777778
0 0.771484375 0.5034722222222222 0.0419921875 0.0720486111111111
0 0.78662109375 0.4652777777777778 0.03271484375 0.05555555555555555
0 0.75244140625 0.3715277777777778 0.02392578125 0.052083333333333336
0 0.73193359375 0.3663194444444444 0.02197265625 0.04513888888888889
0 0.7919921875 0.3732638888888889 0.03125 0.03819444444444445
0 0.8447265625 0.2664930555555556 0.01953125 0.041666666666666664
0 0.82177734375 0.2664930555555556 0.01806640625 0.049479166666666664
0 0.869140625 0.23697916666666666 0.0263671875 0.0390625
0 0.8994140625 0.22395833333333334 0.017578125 0.041666666666666664
0 0.9365234375 0.20052083333333334 0.01953125 0.036458333333333336
0 0.951171875 0.1831597222222222 0.01806640625 0.028645833333333332
0 0.93505859375 0.1701388888888889 0.01318359375 0.022569444444444444
1 0.177734375 0.4131944444444444 0.01953125 0.044270833333333336
1 0.2861328125 0.3984375 0.01953125 0.044270833333333336
1 0.31982421875 0.4053819444444444 0.02197265625 0.03993055555555555
1 0.34765625 0.4175347222222222 0.021484375 0.049479166666666664
1 0.390625 0.4270833333333333 0.02587890625 0.05381944444444445
1 0.439453125 0.4305555555555556 0.025390625 0.04774305555555555
1 0.55224609375 0.4036458333333333 0.0205078125 0.042534722222222224
1 0.58642578125 0.390625 0.02197265625 0.041666666666666664
1 0.61083984375 0.3637152777777778 0.017578125 0.03993055555555555
1 0.6171875 0.3350694444444444 0.02392578125 0.030381944444444444
1 0.6826171875 0.2699652777777778 0.01806640625 0.033854166666666664
1 0.7041015625 0.2621527777777778 0.01708984375 0.046875
1 0.7275390625 0.2578125 0.01953125 0.03819444444444445
1 0.76171875 0.2282986111111111 0.0166015625 0.03125
1 0.7734375 0.2092013888888889 0.01953125 0.03993055555555555