0 0.4533941236068896 0.8117117117117117 0.054204660587639314 0.0945945945945946
0 0.48125633232016213 0.9864864864864865 0.04356636271529889 0.02702702702702703
0 0.4696048632218845 0.7513513513513513 0.04660587639311044 0.07117117117117117
0 0.47416413373860183 0.6855855855855856 0.054204660587639314 0.06666666666666667
1 0.5096251266464032 0.3279279279279279 0.03596757852077001 0.06936936936936937
1 0.5096251266464032 0.44054054054054054 0.040526849037487336 0.06036036036036036
1 0.5106382978723404 0.5162162162162162 0.033941236068895646 0.06666666666666667
1 0.524822695035461 0.6144144144144145 0.03343465045592705 0.054954954954954956
1 0.5314083080040527 0.7189189189189189 0.037487335359675786 0.06396396396396396
1 0.5425531914893617 0.8108108108108109 0.034447821681864235 0.062162162162162166
1 0.5547112462006079 0.8774774774774775 0.025835866261398176 0.04954954954954955
1 0.560790273556231 0.936036036036036 0.02988855116514691 0.04594594594594595
1 0.5699088145896657 0.972972972972973 0.024822695035460994 0.044144144144144144