0 0.5348953140578265 0.17198581560283688 0.05333998005982054 0.09308510638297872
0 0.5189431704885344 0.23138297872340424 0.045862412761714856 0.0700354609929078
0 0.514456630109671 0.29609929078014185 0.05333998005982054 0.06560283687943262
1 0.4795613160518445 0.6480496453900709 0.0353938185443669 0.06826241134751773
1 0.4795613160518445 0.5372340425531915 0.03988035892323031 0.05939716312056738
1 0.4785643070787637 0.4627659574468085 0.03339980059820538 0.06560283687943262
1 0.4646061814556331 0.36613475177304966 0.03290129611166501 0.054078014184397165
1 0.4581256231306082 0.2632978723404255 0.036889332003988036 0.06294326241134751
1 0.44715852442671983 0.17287234042553193 0.03389830508474576 0.061170212765957445
1 0.43519441674975073 0.10726950354609929 0.025423728813559324 0.04875886524822695
1 0.4292123629112662 0.04964539007092199 0.029411764705882353 0.04521276595744681
1 0.4199900299102692 0.017287234042553192 0.024426719840478565 0.034574468085106384