1 0.3517034068136273 0.9064171122994652 0.023547094188376753 0.04634581105169341
1 0.3637274549098196 0.9964349376114082 0.027054108216432865 0.0071301247771836
1 0.3900300601202405 0.9866310160427807 0.03256513026052104 0.026737967914438502
1 0.469438877755511 0.8921568627450981 0.04609218436873747 0.09893048128342247
1 0.46593186372745493 0.7254901960784313 0.051603206412825654 0.09090909090909091
1 0.4594188376753507 0.5365418894830659 0.04008016032064128 0.08823529411764706
1 0.45090180360721444 0.4144385026737968 0.04809619238476954 0.09536541889483066
0 0.5991983967935872 0.25935828877005346 0.07665330661322645 0.15953654188948307
0 0.5511022044088176 0.3333333333333333 0.0716432865731463 0.12566844919786097
0 0.5415831663326653 0.19607843137254902 0.06713426853707415 0.12745098039215685
0 0.5125250501002004 0.3074866310160428 0.03857715430861723 0.10249554367201426