0 0.5912263210368893 0.5638297872340425 0.05533399800598205 0.0851063829787234
0 0.4785643070787637 0.6196808510638298 0.047856430707876374 0.0797872340425532
0 0.33300099700897307 0.675531914893617 0.06031904287138584 0.09308510638297872
0 0.12662013958125623 0.6693262411347518 0.05533399800598205 0.09485815602836879
0 0.014456630109670987 0.6710992907801419 0.028913260219341975 0.08865248226950355
1 0.5179461615154536 0.3200354609929078 0.03938185443668993 0.051418439716312055
1 0.4426719840478564 0.350177304964539 0.036889332003988036 0.07358156028368794
1 0.3594217347956132 0.37145390070921985 0.0353938185443669 0.06560283687943262
1 0.27218344965104685 0.39095744680851063 0.04037886340977069 0.06826241134751773
1 0.17547357926221335 0.40868794326241137 0.03788634097706879 0.08421985815602837
1 0.09022931206380858 0.4228723404255319 0.047856430707876374 0.07446808510638298