0 0.58056640625 0.5677083333333334 0.05419921875 0.08333333333333333
0 0.47021484375 0.6223958333333334 0.046875 0.078125
0 0.32763671875 0.6770833333333334 0.05908203125 0.09114583333333333
0 0.12548828125 0.6710069444444444 0.05419921875 0.09288194444444445
0 0.01513671875 0.6727430555555556 0.02978515625 0.08680555555555555
1 0.5087890625 0.3289930555555556 0.03857421875 0.050347222222222224
1 0.43505859375 0.3585069444444444 0.0361328125 0.0720486111111111
1 0.353515625 0.3793402777777778 0.03466796875 0.0642361111111111
1 0.26806640625 0.3984375 0.03955078125 0.06684027777777778
1 0.17333984375 0.4157986111111111 0.037109375 0.08246527777777778
1 0.08984375 0.4296875 0.046875 0.07291666666666667