1 0.5071569595261599 0.015350877192982455 0.05478775913129319 0.03070175438596491
1 0.49753208292201384 0.05350877192982456 0.050345508390918066 0.07543859649122807
1 0.46890424481737414 0.5166666666666667 0.03060217176702863 0.056140350877192984
1 0.46791707798617965 0.6 0.028627838104639685 0.056140350877192984
1 0.4629812438302073 0.6596491228070176 0.025172754195459033 0.05175438596491228
1 0.4575518262586377 0.7026315789473684 0.03257650542941757 0.03859649122807018
1 0.4442250740375123 0.6052631578947368 0.023692003948667325 0.0456140350877193
1 0.4397828232971372 0.5236842105263158 0.017769002961500493 0.05087719298245614
1 0.43237907206317866 0.45789473684210524 0.019743336623889437 0.04473684210526316
1 0.42645607107601186 0.4 0.02073050345508391 0.02894736842105263
1 0.4116485686080948 0.20175438596491227 0.02171767028627838 0.03508771929824561
1 0.4106614017769003 0.17192982456140352 0.015301085883514315 0.02894736842105263
1 0.4027640671273445 0.12456140350877193 0.017275419545903257 0.034210526315789476
0 0.6090819348469891 0.11842105263157894 0.06268509378084897 0.11666666666666667
0 0.5700888450148075 0.23157894736842105 0.05380059230009872 0.0868421052631579
0 0.579466929911155 0.32105263157894737 0.059230009871668314 0.10263157894736842
0 0.5463968410661402 0.30350877192982456 0.02566633761105627 0.0780701754385965
0 0.5148075024679171 0.8552631578947368 0.039486673247778874 0.07543859649122807
0 0.5029615004935835 0.7956140350877193 0.034550839091806514 0.05789473684210526
0 0.4906219151036525 0.8614035087719298 0.012339585389930898 0.0456140350877193
0 0.45261599210266534 0.9802631578947368 0.02566633761105627 0.039473684210526314
0 0.4471865745310958 0.9035087719298246 0.02665350444225074 0.04473684210526316
0 0.44175715695952616 0.8298245614035088 0.02171767028627838 0.03859649122807018
0 0.4358341559723593 0.7271929824561404 0.022211253701875617 0.03070175438596491
0 0.428923988153998 0.6412280701754386 0.019743336623889437 0.02894736842105263