1 0.49585921325051757 0.034530386740331494 0.052795031055900624 0.06906077348066299
1 0.4658385093167702 0.5156537753222836 0.032091097308488616 0.058931860036832415
1 0.4648033126293996 0.6031307550644567 0.030020703933747412 0.058931860036832415
1 0.45962732919254656 0.6657458563535912 0.026397515527950312 0.05432780847145488
1 0.45393374741200826 0.7108655616942909 0.034161490683229816 0.040515653775322284
1 0.43995859213250516 0.6086556169429097 0.024844720496894408 0.04788213627992634
1 0.4353002070393375 0.5230202578268877 0.018633540372670808 0.053406998158379376
1 0.427536231884058 0.4539594843462247 0.020703933747412008 0.04696132596685083
1 0.42132505175983437 0.39318600368324125 0.021739130434782608 0.03038674033149171
1 0.4057971014492754 0.1850828729281768 0.022774327122153208 0.03683241252302026
1 0.40476190476190477 0.15377532228360957 0.016045548654244308 0.03038674033149171
1 0.39648033126293997 0.10405156537753223 0.018115942028985508 0.03591160220994475
0 0.6128364389233955 0.09760589318600368 0.06573498964803312 0.12246777163904236
0 0.5719461697722568 0.21639042357274402 0.05641821946169772 0.09116022099447514
0 0.5817805383022774 0.31031307550644566 0.062111801242236024 0.10773480662983426
0 0.5471014492753623 0.2918968692449355 0.026915113871635612 0.08195211786372007
0 0.5139751552795031 0.8710865561694291 0.041407867494824016 0.07918968692449356
0 0.5015527950310559 0.8084714548802947 0.036231884057971016 0.06077348066298342
0 0.4886128364389234 0.8775322283609577 0.012939958592132506 0.04788213627992634
0 0.44875776397515527 0.990791896869245 0.026915113871635612 0.01841620626151013
0 0.44306418219461696 0.921731123388582 0.027950310559006212 0.04696132596685083
0 0.43737060041407866 0.8443830570902394 0.022774327122153208 0.040515653775322284
0 0.4311594202898551 0.7366482504604052 0.023291925465838508 0.03222836095764273
0 0.42391304347826086 0.6464088397790055 0.020703933747412008 0.03038674033149171