1 0.6339103869653768 0.3858695652173913 0.048879837067209775 0.07336956521739131
1 0.5412423625254582 0.40851449275362317 0.03920570264765784 0.07065217391304347
1 0.43075356415478616 0.42028985507246375 0.04837067209775967 0.08333333333333333
1 0.32331975560081466 0.427536231884058 0.04480651731160896 0.07608695652173914
1 0.20926680244399185 0.4384057971014493 0.04124236252545825 0.06974637681159421
1 0.10488798370672098 0.4420289855072464 0.054989816700611 0.07880434782608696
1 0.008655804480651732 0.4628623188405797 0.017311608961303463 0.09057971014492754
0 0.7510183299389002 0.6159420289855072 0.07637474541751528 0.14402173913043478
0 0.5712830957230143 0.6766304347826086 0.08757637474541752 0.15307971014492755
0 0.3391038696537678 0.7001811594202898 0.0845213849287169 0.16394927536231885
0 0.04455193482688391 0.676177536231884 0.08910386965376782 0.15307971014492755