1 0.6549738219895288 0.36405959031657353 0.050261780104712044 0.07541899441340782
1 0.5596858638743456 0.38733705772811916 0.04031413612565445 0.07262569832402235
1 0.44607329842931936 0.3994413407821229 0.049738219895287955 0.0856610800744879
1 0.3356020942408377 0.4068901303538175 0.04607329842931937 0.0782122905027933
1 0.21832460732984293 0.4180633147113594 0.042408376963350786 0.07169459962756052
1 0.11099476439790576 0.42178770949720673 0.05654450261780105 0.08100558659217877
1 0.010471204188481676 0.44320297951582865 0.020942408376963352 0.0931098696461825
0 0.775392670157068 0.6005586592178771 0.07853403141361257 0.14804469273743018
0 0.5905759162303665 0.6629422718808193 0.09005235602094241 0.15735567970204842
0 0.3518324607329843 0.6871508379888268 0.08691099476439791 0.1685288640595903
0 0.04738219895287958 0.6624767225325885 0.09476439790575916 0.15735567970204842