0 0.6532738095238095 0.10934744268077601 0.06001984126984127 0.13227513227513227
0 0.5848214285714286 0.2222222222222222 0.05704365079365079 0.11375661375661375
0 0.5793650793650794 0.3350970017636684 0.052083333333333336 0.10405643738977072
0 0.5337301587301587 0.2257495590828924 0.04513888888888889 0.07054673721340388
0 0.5466269841269841 0.2839506172839506 0.037698412698412696 0.08289241622574955
0 0.4260912698412698 0.7786596119929453 0.03521825396825397 0.07142857142857142
0 0.4384920634920635 0.8985890652557319 0.033234126984126984 0.06172839506172839
0 0.4211309523809524 0.8368606701940036 0.03720238095238095 0.047619047619047616
0 0.4037698412698413 0.7768959435626103 0.010912698412698412 0.04497354497354497
0 0.314484126984127 0.9925044091710759 0.028769841269841268 0.014991181657848324
0 0.3060515873015873 0.9400352733686067 0.026785714285714284 0.05026455026455026
0 0.3005952380952381 0.8694885361552028 0.023809523809523808 0.048500881834215165
0 0.2916666666666667 0.763668430335097 0.021825396825396824 0.043209876543209874
0 0.2822420634920635 0.6746031746031746 0.020337301587301588 0.03968253968253968
1 0.26785714285714285 0.1472663139329806 0.017857142857142856 0.037037037037037035
1 0.28422619047619047 0.23809523809523808 0.01984126984126984 0.0291005291005291
1 0.2757936507936508 0.20811287477954143 0.020833333333333332 0.025573192239858905
1 0.29117063492063494 0.37389770723104054 0.019345238095238096 0.02821869488536155
1 0.29910714285714285 0.42416225749559083 0.023809523809523808 0.03527336860670194
1 0.30505952380952384 0.4858906525573192 0.021825396825396824 0.03527336860670194
1 0.3115079365079365 0.5564373897707231 0.027281746031746032 0.04144620811287478
1 0.32242063492063494 0.6208112874779541 0.025793650793650792 0.05114638447971781
1 0.34325396825396826 0.7054673721340388 0.026785714285714284 0.042328042328042326
1 0.35962301587301587 0.6622574955908289 0.03273809523809524 0.043209876543209874
1 0.37351190476190477 0.5934744268077602 0.024305555555555556 0.0582010582010582
1 0.38095238095238093 0.5079365079365079 0.029265873015873016 0.059964726631393295
1 0.45089285714285715 0.054673721340388004 0.03521825396825397 0.06701940035273368
1 0.4756944444444444 0.018518518518518517 0.0496031746031746 0.037037037037037035