0 0.6954397394136808 0.12548262548262548 0.06568946796959826 0.14478764478764478
0 0.6205211726384365 0.24903474903474904 0.06243213897937025 0.12451737451737452
0 0.6145494028230185 0.37258687258687256 0.057003257328990226 0.1138996138996139
0 0.5646036916395223 0.2528957528957529 0.0494028230184582 0.07722007722007722
0 0.5787187839305103 0.3166023166023166 0.04125950054288816 0.09073359073359073
0 0.44679695982627576 0.8581081081081081 0.03854505971769816 0.07818532818532818
0 0.4600977198697068 0.9777992277992278 0.03637350705754615 0.0444015444015444
0 0.44136807817589574 0.9218146718146718 0.04071661237785016 0.052123552123552123
0 0.4223669923995657 0.8561776061776062 0.011943539630836048 0.04922779922779923
0 0.30944625407166126 0.9575289575289575 0.026058631921824105 0.05308880308880309
0 0.2996742671009772 0.8416988416988417 0.023887079261672096 0.0472972972972973
0 0.2893593919652552 0.7442084942084942 0.02225841476655809 0.04343629343629344
1 0.2736156351791531 0.166988416988417 0.019543973941368076 0.04054054054054054
1 0.2915309446254072 0.26640926640926643 0.021715526601520086 0.03185328185328185
1 0.28230184581976114 0.2335907335907336 0.02280130293159609 0.027992277992277992
1 0.2991313789359392 0.41505791505791506 0.021172638436482084 0.03088803088803089
1 0.30781758957654726 0.4700772200772201 0.026058631921824105 0.03861003861003861
1 0.31433224755700323 0.5376447876447876 0.023887079261672096 0.03861003861003861
1 0.32138979370249726 0.6148648648648649 0.02985884907709012 0.045366795366795366
1 0.3333333333333333 0.6853281853281853 0.02823018458197611 0.055984555984555984
1 0.3561346362649294 0.777992277992278 0.029315960912052116 0.04633204633204633
1 0.3740499457111835 0.7306949806949807 0.035830618892508145 0.0472972972972973
1 0.38925081433224756 0.6554054054054054 0.026601520086862108 0.0637065637065637
1 0.3973941368078176 0.5617760617760618 0.03203040173724213 0.06563706563706563
1 0.4739413680781759 0.06563706563706563 0.03854505971769816 0.07335907335907337
1 0.501085776330076 0.023166023166023165 0.05428881650380022 0.04633204633204633