0 0.83740234375 0.9253472222222222 0.083984375 0.11805555555555555
0 0.712890625 0.7630208333333334 0.0732421875 0.10503472222222222
0 0.650390625 0.6432291666666666 0.06298828125 0.0998263888888889
0 0.587890625 0.6336805555555556 0.0576171875 0.09114583333333333
0 0.6484375 0.5538194444444444 0.0390625 0.07899305555555555
0 0.6162109375 0.5763888888888888 0.0458984375 0.06597222222222222
0 0.34228515625 0.3654513888888889 0.03955078125 0.06163194444444445
0 0.27587890625 0.3871527777777778 0.0341796875 0.058159722222222224
0 0.31005859375 0.3567708333333333 0.0263671875 0.06510416666666667
0 0.34326171875 0.3263888888888889 0.02490234375 0.019097222222222224
0 0.11572265625 0.2986111111111111 0.02880859375 0.050347222222222224
0 0.0908203125 0.2769097222222222 0.03271484375 0.06510416666666667
0 0.07861328125 0.2421875 0.02783203125 0.044270833333333336
0 0.1064453125 0.21006944444444445 0.02880859375 0.05381944444444445
0 0.1533203125 0.18836805555555555 0.03271484375 0.04774305555555555
0 0.2138671875 0.1701388888888889 0.0283203125 0.050347222222222224
0 0.2529296875 0.15538194444444445 0.02783203125 0.046875
0 0.2919921875 0.14583333333333334 0.02685546875 0.041666666666666664
0 0.3505859375 0.13020833333333334 0.02392578125 0.03819444444444445
0 0.39990234375 0.11371527777777778 0.02197265625 0.035590277777777776
1 0.69189453125 0.08854166666666667 0.0205078125 0.03125
1 0.6416015625 0.1171875 0.01611328125 0.034722222222222224
1 0.658203125 0.10243055555555555 0.01416015625 0.036458333333333336
1 0.56640625 0.1293402777777778 0.015625 0.033854166666666664
1 0.53857421875 0.14322916666666666 0.01953125 0.041666666666666664
1 0.50439453125 0.15364583333333334 0.01953125 0.03819444444444445
1 0.46533203125 0.16493055555555555 0.02294921875 0.04774305555555555
1 0.4296875 0.1840277777777778 0.0283203125 0.04513888888888889
1 0.3828125 0.2204861111111111 0.0234375 0.046875
1 0.40673828125 0.24913194444444445 0.02392578125 0.057291666666666664
1 0.44482421875 0.2734375 0.0322265625 0.042534722222222224
1 0.4921875 0.2864583333333333 0.033203125 0.051215277777777776
1 0.7431640625 0.4088541666666667 0.037109375 0.06163194444444445
1 0.77099609375 0.4522569444444444 0.03662109375 0.08680555555555555
1 0.806640625 0.4913194444444444 0.041015625 0.06770833333333333
1 0.82080078125 0.4592013888888889 0.0390625 0.0642361111111111
1 0.90380859375 0.5338541666666666 0.0439453125 0.07552083333333333