1 0.5369807497467072 0.05405405405405406 0.04559270516717325 0.08108108108108109
1 0.5714285714285714 0.01756756756756757 0.0425531914893617 0.03513513513513514
1 0.4569402228976697 0.5207207207207207 0.027862208713272545 0.054954954954954956
1 0.4513677811550152 0.6072072072072072 0.031408308004052685 0.05945945945945946
1 0.43465045592705165 0.6711711711711712 0.025835866261398176 0.04684684684684685
1 0.42350557244174264 0.7162162162162162 0.03292806484295846 0.04594594594594595
1 0.4017223910840932 0.6234234234234234 0.03090172239108409 0.04504504504504504
1 0.38855116514690985 0.5603603603603604 0.022796352583586626 0.03963963963963964
1 0.38247213779128675 0.4900900900900901 0.019756838905775075 0.043243243243243246
1 0.3779128672745694 0.4315315315315315 0.02127659574468085 0.02972972972972973
1 0.3698074974670719 0.37657657657657656 0.025835866261398176 0.03513513513513514
1 0.3617021276595745 0.23423423423423423 0.019756838905775075 0.03063063063063063
1 0.3576494427558257 0.2036036036036036 0.020263424518743668 0.024324324324324326
1 0.3495440729483283 0.14954954954954955 0.0182370820668693 0.032432432432432434
0 0.7558257345491388 0.11576576576576576 0.05065856129685917 0.109009009009009
0 0.6752786220871327 0.24144144144144145 0.04660587639311044 0.1
0 0.6798378926038501 0.3387387387387387 0.05217831813576494 0.0918918918918919
0 0.6388044579533941 0.2927927927927928 0.031408308004052685 0.08648648648648649
0 0.6276595744680851 0.23963963963963963 0.0425531914893617 0.06576576576576576
0 0.5187436676798379 0.9099099099099099 0.03850050658561297 0.07207207207207207
0 0.5106382978723404 0.7990990990990992 0.0425531914893617 0.07207207207207207
0 0.49746707193515705 0.8594594594594595 0.031408308004052685 0.05315315315315315
0 0.375886524822695 0.945045045045045 0.0243161094224924 0.04684684684684685
0 0.37537993920972645 0.8666666666666667 0.022796352583586626 0.03513513513513514
0 0.3667679837892604 0.7666666666666667 0.020263424518743668 0.03513513513513514
0 0.3606889564336373 0.6774774774774774 0.022796352583586626 0.03333333333333333