1 0.552771855010661 0.07210626185958255 0.04797441364605544 0.08538899430740038
1 0.5890191897654584 0.026091081593927895 0.04477611940298507 0.05218216318785579
1 0.4685501066098081 0.5635673624288425 0.02931769722814499 0.05787476280834915
1 0.4626865671641791 0.6546489563567363 0.03304904051172708 0.06261859582542695
1 0.4450959488272921 0.722011385199241 0.027185501066098083 0.04933586337760911
1 0.43336886993603413 0.7694497153700189 0.03464818763326226 0.04838709677419355
1 0.41044776119402987 0.6717267552182163 0.03251599147121535 0.04743833017077799
1 0.39658848614072495 0.6053130929791272 0.02398720682302772 0.04174573055028463
1 0.39019189765458423 0.5313092979127134 0.020788912579957356 0.04554079696394687
1 0.3853944562899787 0.4696394686907021 0.022388059701492536 0.031309297912713474
1 0.376865671641791 0.4117647058823529 0.027185501066098083 0.03700189753320683
1 0.3683368869936034 0.2618595825426945 0.020788912579957356 0.03225806451612903
1 0.3640724946695096 0.22960151802656548 0.021321961620469083 0.025616698292220113
1 0.35554371002132196 0.17267552182163187 0.019189765458422176 0.03415559772296015
0 0.7686567164179104 0.13709677419354838 0.024520255863539446 0.11480075901328274
0 0.6982942430703625 0.269449715370019 0.04904051172707889 0.10531309297912714
0 0.7030916844349681 0.3719165085388994 0.05490405117270789 0.0967741935483871
0 0.6599147121535182 0.3235294117647059 0.03304904051172708 0.09108159392789374
0 0.6481876332622601 0.2675521821631879 0.04477611940298507 0.06925996204933586
0 0.5335820895522388 0.967741935483871 0.04051172707889126 0.06451612903225806
0 0.5250533049040512 0.8567362428842504 0.04477611940298507 0.07590132827324478
0 0.5111940298507462 0.920303605313093 0.03304904051172708 0.055977229601518026
0 0.38326226012793174 0.9928842504743833 0.0255863539445629 0.014231499051233396
0 0.38272921108742003 0.9278937381404174 0.02398720682302772 0.03700189753320683
0 0.3736673773987207 0.8225806451612904 0.021321961620469083 0.03700189753320683
0 0.36727078891257997 0.7286527514231499 0.02398720682302772 0.03510436432637571