0 0.9036016949152542 0.5847457627118644 0.09745762711864407 0.1497175141242938
0 0.6641949152542372 0.6346516007532956 0.0926906779661017 0.1704331450094162
0 0.3808262711864407 0.667608286252354 0.09216101694915255 0.1638418079096045
0 0.06514830508474577 0.5979284369114878 0.10222457627118645 0.1704331450094162
1 0.0524364406779661 0.2542372881355932 0.057733050847457626 0.08662900188323917
1 0.15995762711864406 0.2542372881355932 0.05084745762711865 0.09133709981167608
1 0.2648305084745763 0.2514124293785311 0.05084745762711865 0.08945386064030132
1 0.388771186440678 0.2495291902071563 0.04766949152542373 0.0903954802259887
1 0.4968220338983051 0.2457627118644068 0.04608050847457627 0.09416195856873823
1 0.6197033898305084 0.2297551789077213 0.048199152542372885 0.0847457627118644
1 0.7367584745762712 0.22504708097928436 0.04766949152542373 0.0847457627118644