0 0.8513104838709677 0.6075268817204301 0.09274193548387097 0.1424731182795699
0 0.6234879032258065 0.6550179211469535 0.08820564516129033 0.16218637992831542
0 0.3538306451612903 0.6863799283154122 0.08770161290322581 0.15591397849462366
0 0.05342741935483871 0.6200716845878136 0.09727822580645161 0.16218637992831542
1 0.04133064516129032 0.29301075268817206 0.05493951612903226 0.08243727598566308
1 0.1436491935483871 0.29301075268817206 0.04838709677419355 0.08691756272401434
1 0.24344758064516128 0.2903225806451613 0.04838709677419355 0.08512544802867383
1 0.36139112903225806 0.2885304659498208 0.04536290322580645 0.08602150537634409
1 0.4642137096774194 0.2849462365591398 0.043850806451612906 0.08960573476702509
1 0.5811491935483871 0.26971326164874554 0.04586693548387097 0.08064516129032258
1 0.6925403225806451 0.26523297491039427 0.04536290322580645 0.08064516129032258