0 0.8525390625 0.5911458333333334 0.08984375 0.13802083333333334
0 0.6318359375 0.6371527777777778 0.08544921875 0.15711805555555555
0 0.37060546875 0.6675347222222222 0.0849609375 0.15104166666666666
0 0.07958984375 0.6032986111111112 0.09423828125 0.15711805555555555
1 0.06787109375 0.2864583333333333 0.05322265625 0.0798611111111111
1 0.1669921875 0.2864583333333333 0.046875 0.0842013888888889
1 0.263671875 0.2838541666666667 0.046875 0.08246527777777778
1 0.3779296875 0.2821180555555556 0.0439453125 0.08333333333333333
1 0.4775390625 0.2786458333333333 0.04248046875 0.08680555555555555
1 0.5908203125 0.2638888888888889 0.04443359375 0.078125
1 0.69873046875 0.2595486111111111 0.0439453125 0.078125