0 0.5997038499506416 0.22747252747252747 0.026159921026653505 0.051648351648351645
0 0.5518262586377097 0.11538461538461539 0.02813425468904245 0.035164835164835165
0 0.5291214215202369 0.09340659340659341 0.028627838104639685 0.03956043956043956
0 0.45557749259624875 0.06483516483516484 0.03603158933859822 0.09230769230769231
0 0.3840078973346496 0.2956043956043956 0.04837117472852912 0.1054945054945055
0 0.3790720631786772 0.46373626373626375 0.04738400789733465 0.10989010989010989
0 0.36130306021717673 0.6384615384615384 0.0508390918065153 0.11318681318681319
0 0.3625370187561698 0.9785714285714285 0.05380059230009872 0.04285714285714286
1 0.5212240868706811 0.9714285714285714 0.029615004935834157 0.05714285714285714
1 0.5236920039486673 0.843956043956044 0.028627838104639685 0.06263736263736264
1 0.5128331688055281 0.7241758241758242 0.034550839091806514 0.06593406593406594
1 0.5547877591312932 0.5538461538461539 0.029615004935834157 0.06593406593406594
1 0.577492596248766 0.5208791208791209 0.028627838104639685 0.06043956043956044
1 0.6001974333662389 0.532967032967033 0.01579466929911155 0.07252747252747253
1 0.6150049358341559 0.5527472527472528 0.014313919052319843 0.05384615384615385
1 0.6288252714708786 0.5637362637362637 0.007897334649555774 0.056043956043956046
1 0.6396841066140178 0.554945054945055 0.012833168805528134 0.046153846153846156
1 0.6688055281342546 0.5967032967032967 0.017275419545903257 0.038461538461538464