0 0.6009316770186336 0.2269585253456221 0.027432712215320912 0.05414746543778802
0 0.5507246376811594 0.10944700460829493 0.029503105590062112 0.03686635944700461
0 0.5269151138716356 0.08640552995391705 0.030020703933747412 0.041474654377880185
0 0.4497929606625259 0.056451612903225805 0.03778467908902691 0.0967741935483871
0 0.3747412008281574 0.29838709677419356 0.050724637681159424 0.11059907834101383
0 0.3695652173913043 0.47465437788018433 0.049689440993788817 0.1152073732718894
0 0.35093167701863354 0.6578341013824884 0.05331262939958592 0.11866359447004608
1 0.5186335403726708 0.988479262672811 0.031055900621118012 0.02304147465437788
1 0.5212215320910973 0.8732718894009217 0.030020703933747412 0.06566820276497695
1 0.5098343685300207 0.7476958525345622 0.036231884057971016 0.06912442396313365
1 0.5538302277432712 0.5691244239631337 0.031055900621118012 0.06912442396313365
1 0.577639751552795 0.5345622119815668 0.030020703933747412 0.06336405529953917
1 0.6014492753623188 0.5472350230414746 0.016563146997929608 0.07603686635944701
1 0.6169772256728778 0.5679723502304147 0.015010351966873706 0.056451612903225805
1 0.6314699792960663 0.5794930875576036 0.008281573498964804 0.0587557603686636
1 0.6428571428571429 0.5702764976958525 0.013457556935817806 0.04838709677419355
1 0.6733954451345756 0.6140552995391705 0.018115942028985508 0.04032258064516129