1 0.4451345755693582 0.9711981566820277 0.038302277432712216 0.0576036866359447
1 0.4332298136645963 0.8859447004608295 0.038302277432712216 0.06566820276497695
1 0.42028985507246375 0.7811059907834101 0.03467908902691511 0.05414746543778802
1 0.40942028985507245 0.6785714285714286 0.032091097308488616 0.04838709677419355
1 0.40165631469979296 0.5910138248847926 0.028985507246376812 0.04377880184331797
1 0.3944099378881988 0.49539170506912444 0.027950310559006212 0.03341013824884793
1 0.38405797101449274 0.4435483870967742 0.024844720496894408 0.04032258064516129
1 0.3747412008281574 0.3882488479262673 0.022774327122153208 0.038018433179723504
1 0.36438923395445133 0.33410138248847926 0.021221532091097308 0.038018433179723504
0 0.5269151138716356 0.8790322580645161 0.042443064182194616 0.09216589861751152
0 0.5124223602484472 0.783410138248848 0.042443064182194616 0.07258064516129033
0 0.4943064182194617 0.7027649769585254 0.042443064182194616 0.07027649769585254
0 0.4808488612836439 0.6244239631336406 0.03571428571428571 0.055299539170506916
0 0.4601449275362319 0.39746543778801846 0.037267080745341616 0.07373271889400922
0 0.4575569358178054 0.2672811059907834 0.027432712215320912 0.055299539170506916
0 0.44254658385093165 0.15552995391705068 0.029503105590062112 0.05184331797235023
0 0.4332298136645963 0.026497695852534562 0.027950310559006212 0.052995391705069124
0 0.41304347826086957 0.009792626728110598 0.019668737060041408 0.019585253456221197