1 0.01603206412825651 0.5619419642857143 0.03206412825651302 0.08816964285714286
1 0.08466933867735471 0.5066964285714286 0.039579158316633264 0.09151785714285714
1 0.1492985971943888 0.46651785714285715 0.03006012024048096 0.08705357142857142
1 0.25100200400801603 0.3984375 0.03006012024048096 0.06696428571428571
1 0.3106212424849699 0.37611607142857145 0.025050100200400802 0.08258928571428571
1 0.34769539078156314 0.35044642857142855 0.028557114228456915 0.08258928571428571
1 0.39328657314629256 0.32254464285714285 0.023547094188376753 0.07477678571428571
1 0.437875751503006 0.29910714285714285 0.021042084168336674 0.06919642857142858
1 0.4759519038076152 0.28236607142857145 0.01903807615230461 0.0625
1 0.5175350701402806 0.26674107142857145 0.014529058116232466 0.060267857142857144
1 0.5400801603206413 0.24441964285714285 0.01753507014028056 0.05357142857142857
1 0.564128256513026 0.22433035714285715 0.016533066132264528 0.049107142857142856
1 0.5876753507014028 0.20200892857142858 0.016533066132264528 0.04575892857142857
0 0.218937875751503 0.828125 0.04909819639278557 0.12946428571428573
0 0.24298597194388777 0.7276785714285714 0.04959919839679359 0.109375
0 0.27655310621242485 0.6573660714285714 0.03907815631262525 0.09821428571428571
0 0.35070140280561124 0.5524553571428571 0.04008016032064128 0.09151785714285714
0 0.39228456913827653 0.5212053571428571 0.03156312625250501 0.09151785714285714
0 0.4273547094188377 0.48214285714285715 0.030561122244488977 0.09151785714285714
0 0.46142284569138275 0.453125 0.02404809619238477 0.07700892857142858
0 0.5601202404809619 0.40848214285714285 0.03206412825651302 0.08035714285714286
0 0.6167334669338678 0.4029017857142857 0.02404809619238477 0.05915178571428571
0 0.6653306613226453 0.3705357142857143 0.022545090180360723 0.06361607142857142
0 0.7244488977955912 0.35044642857142855 0.02905811623246493 0.060267857142857144
0 0.7364729458917836 0.30691964285714285 0.02404809619238477 0.04241071428571429
0 0.746993987975952 0.27455357142857145 0.020541082164328657 0.0546875