0 0.4904661016949153 0.9905660377358491 0.026483050847457626 0.018867924528301886
0 0.5233050847457628 0.9693396226415094 0.03177966101694915 0.06132075471698113
0 0.5667372881355932 0.8820754716981132 0.0423728813559322 0.10495283018867925
0 0.6054025423728814 0.7594339622641509 0.046610169491525424 0.08490566037735849
0 0.6504237288135594 0.4964622641509434 0.05985169491525424 0.1332547169811321
0 0.6244703389830508 0.3313679245283019 0.0614406779661017 0.11674528301886793
0 0.6032838983050848 0.1615566037735849 0.05190677966101695 0.10731132075471699
1 0.3077330508474576 0.7700471698113207 0.012182203389830509 0.03419811320754717
1 0.3177966101694915 0.7653301886792453 0.006885593220338983 0.030660377358490566
1 0.3384533898305085 0.7523584905660378 0.015889830508474576 0.045990566037735846
1 0.3516949152542373 0.7334905660377359 0.011122881355932203 0.031839622641509434
1 0.3707627118644068 0.7334905660377359 0.02065677966101695 0.0294811320754717
1 0.4041313559322034 0.6662735849056604 0.026483050847457626 0.055424528301886794
1 0.4274364406779661 0.597877358490566 0.03177966101694915 0.060141509433962265
1 0.4470338983050847 0.36556603773584906 0.030190677966101694 0.05778301886792453
1 0.430614406779661 0.28537735849056606 0.034957627118644065 0.06839622641509434
1 0.4247881355932203 0.17099056603773585 0.03283898305084746 0.060141509433962265
1 0.4141949152542373 0.07665094339622641 0.030190677966101694 0.06485849056603774