0 0.27783203125 0.3116178067318133 0.0244140625 0.05211726384364821
0 0.2763671875 0.36373507057546145 0.0302734375 0.06948968512486428
0 0.27734375 0.4245385450597177 0.029296875 0.051031487513572206
0 0.2783203125 0.4831704668838219 0.033203125 0.05428881650380022
0 0.29541015625 0.5504885993485342 0.03369140625 0.06514657980456026
0 0.3359375 0.6395222584147665 0.04345703125 0.08686210640608034
0 0.38671875 0.7187839305103149 0.03515625 0.09554831704668838
0 0.49560546875 0.8110749185667753 0.05517578125 0.12269272529858849
0 0.56396484375 0.757871878393051 0.04833984375 0.1259500542888165
0 0.63427734375 0.7144408251900108 0.04443359375 0.10640608034744843
0 0.74169921875 0.6134636264929425 0.0419921875 0.0998914223669924
0 0.75927734375 0.5504885993485342 0.0400390625 0.07926167209554831
0 0.78515625 0.507057546145494 0.041015625 0.08577633007600434
0 0.85888671875 0.4516829533116178 0.03564453125 0.08794788273615635
0 0.8974609375 0.44191096634093374 0.03515625 0.07600434310532031
0 0.9443359375 0.4234527687296417 0.0341796875 0.07166123778501629
0 0.97900390625 0.41259500542888167 0.03271484375 0.07600434310532031
1 0.38232421875 0.10857763300760044 0.01416015625 0.0249728555917481
1 0.38427734375 0.12920738327904452 0.0126953125 0.014115092290988056
1 0.3896484375 0.17155266015200868 0.01904296875 0.03257328990228013
1 0.3974609375 0.1986970684039088 0.01318359375 0.02280130293159609
1 0.3974609375 0.23778501628664495 0.01220703125 0.04234527687296417
1 0.42529296875 0.30618892508143325 0.02294921875 0.05428881650380022
1 0.45361328125 0.3539630836047774 0.02490234375 0.06514657980456026
1 0.5498046875 0.3941368078175896 0.02392578125 0.06188925081433225
1 0.5830078125 0.36047774158523344 0.0283203125 0.07166123778501629
1 0.63037109375 0.3485342019543974 0.02490234375 0.06731813246471227
1 0.66943359375 0.3268186753528773 0.02685546875 0.06188925081433225
1 0.75927734375 0.30510314875135724 0.02587890625 0.06514657980456026
1 0.80859375 0.28664495114006516 0.02197265625 0.05537459283387622
1 0.85400390625 0.2779587404994571 0.02587890625 0.04017372421281216
1 0.90185546875 0.2703583061889251 0.02685546875 0.05971769815418024
1 0.94921875 0.25732899022801303 0.02783203125 0.05971769815418024
1 0.9921875 0.24647122692725298 0.01513671875 0.053203040173724216