0 0.513563829787234 0.07750472589792061 0.038829787234042554 0.062381852551984876
1 0.15585106382978722 0.9612476370510397 0.09574468085106383 0.07750472589792061
0 0.5702127659574469 0.11389413988657845 0.039361702127659576 0.06899810964083176
1 0.003457446808510638 0.12570888468809074 0.006914893617021276 0.07750472589792061
0 0.6247340425531915 0.16020793950850662 0.03723404255319149 0.07183364839319471
0 0.3558510638297872 0.008506616257088847 0.03297872340425532 0.017013232514177693
1 0.031914893617021274 0.1668241965973535 0.047872340425531915 0.06899810964083176
1 0.07686170212765958 0.21597353497164462 0.04680851063829787 0.08034026465028356
0 0.676595744680851 0.22069943289224953 0.047872340425531915 0.06899810964083176
1 0.10691489361702128 0.28071833648393196 0.052127659574468084 0.07750472589792061
0 0.7308510638297873 0.28686200378071836 0.05106382978723404 0.08034026465028356
0 0.3917553191489362 0.023629489603024575 0.03351063829787234 0.04725897920604915
1 0.1276595744680851 0.3629489603024575 0.06063829787234042 0.08506616257088846
0 0.7933510638297873 0.3676748582230624 0.054787234042553194 0.09073724007561437
0 0.8654255319148936 0.46266540642722115 0.06382978723404255 0.09546313799621928
0 0.9348404255319149 0.5652173913043478 0.06968085106382979 0.10964083175803403
1 0.13936170212765958 0.5992438563327032 0.07659574468085106 0.11531190926275993
0 0.4523936170212766 0.05103969754253308 0.03563829787234043 0.05860113421550094