0 0.5174479166666667 0.09444444444444444 0.03802083333333333 0.06111111111111111
1 0.1671875 0.9611111111111111 0.09375 0.07777777777777778
0 0.5729166666666666 0.1300925925925926 0.03854166666666667 0.06759259259259259
1 0.010677083333333334 0.14166666666666666 0.021354166666666667 0.07592592592592592
0 0.6263541666666667 0.17555555555555555 0.036458333333333336 0.07037037037037037
0 0.36302083333333335 0.017592592592592594 0.03229166666666667 0.03518518518518519
1 0.04583333333333333 0.18194444444444444 0.046875 0.06759259259259259
1 0.08989583333333333 0.22990740740740742 0.04583333333333333 0.0787037037037037
0 0.6770833333333334 0.23472222222222222 0.046875 0.06759259259259259
1 0.119375 0.29333333333333333 0.051041666666666666 0.07592592592592592
0 0.7302083333333333 0.29953703703703705 0.05 0.0787037037037037
0 0.39828125000000003 0.036018518518518526 0.0328125 0.058333333333333334
1 0.13958333333333334 0.37407407407407406 0.059375 0.08333333333333333
0 0.79140625 0.3787037037037037 0.05364583333333333 0.08888888888888889
0 0.8619791666666666 0.47175925925925927 0.0625 0.09351851851851851
0 0.9299479166666667 0.5722222222222222 0.06822916666666666 0.10740740740740741
1 0.15104166666666666 0.6055555555555555 0.075 0.11296296296296296
0 0.45755208333333336 0.06833333333333333 0.034895833333333334 0.05740740740740741