1 0.17317708333333334 0.9657407407407408 0.1015625 0.06851851851851852
1 0.016927083333333332 0.1388888888888889 0.033854166666666664 0.08148148148148149
1 0.05651041666666667 0.18009259259259258 0.0453125 0.06574074074074074
1 0.09973958333333334 0.2273148148148148 0.0484375 0.07314814814814814
1 0.13151041666666666 0.2967592592592593 0.05677083333333333 0.08981481481481482
0 0.7380208333333333 0.3101851851851852 0.05625 0.07962962962962963
1 0.14739583333333334 0.38287037037037036 0.06041666666666667 0.08796296296296297
0 0.7981770833333334 0.38796296296296295 0.0609375 0.10555555555555556
0 0.8661458333333333 0.48657407407407405 0.057291666666666664 0.12314814814814815
0 0.9369791666666667 0.5851851851851851 0.06875 0.1111111111111111
1 0.16171875 0.6060185185185185 0.07552083333333333 0.11944444444444445