0 0.6190104166666667 0.20694444444444443 0.03802083333333333 0.06944444444444445
1 0.11041666666666666 0.24259259259259258 0.04479166666666667 0.07962962962962963
0 0.67265625 0.2518518518518518 0.04114583333333333 0.07407407407407407
1 0.15026041666666667 0.2875 0.04114583333333333 0.0712962962962963
0 0.7255208333333333 0.3125 0.046875 0.07685185185185185
1 0.17994791666666668 0.3537037037037037 0.04739583333333333 0.08518518518518518
0 0.77890625 0.3837962962962963 0.05260416666666667 0.08981481481481482
1 0.19479166666666667 0.43194444444444446 0.04895833333333333 0.09351851851851851
0 0.8395833333333333 0.4699074074074074 0.05625 0.09537037037037037
0 0.9106770833333333 0.5699074074074074 0.059895833333333336 0.10462962962962963
1 0.20182291666666666 0.6615740740740741 0.06614583333333333 0.12685185185185185
0 0.9734375 0.6717592592592593 0.053125 0.12314814814814815