0 0.7157608695652173 0.8210831721470019 0.02608695652173913 0.05222437137330754
0 0.7133152173913043 0.6160541586073501 0.034239130434782605 0.05415860735009671
0 0.7114130434782608 0.9927466150870407 0.034782608695652174 0.014506769825918761
0 0.7105978260869565 0.42988394584139267 0.025543478260869567 0.039651837524177946
0 0.7103260869565218 0.5203094777562862 0.03695652173913044 0.05609284332688588
0 0.6921195652173913 0.40522243713733075 0.03315217391304348 0.04448742746615087
0 0.6769021739130435 0.4632495164410058 0.03097826086956522 0.04448742746615087
0 0.6654891304347826 0.5328820116054158 0.03967391304347826 0.05609284332688588
0 0.6489130434782608 0.6262088974854932 0.04021739130434782 0.06286266924564797
0 0.6285326086956522 0.7388781431334622 0.044021739130434785 0.06769825918762089
0 0.6048913043478261 0.8505802707930368 0.04456521739130435 0.05899419729206963
1 0.76875 0.6300773694390716 0.024456521739130436 0.043520309477756286
0 0.5809782608695652 0.9439071566731141 0.034782608695652174 0.06576402321083172
1 0.7663043478260869 0.316247582205029 0.029347826086956522 0.0425531914893617
1 0.5682065217391304 0.015957446808510637 0.03858695652173913 0.031914893617021274
1 0.7660326086956522 0.22388781431334623 0.029891304347826088 0.043520309477756286
1 0.7668478260869566 0.9376208897485493 0.025 0.033849129593810444
1 0.7663043478260869 0.46518375241779497 0.029347826086956522 0.0367504835589942
1 0.7646739130434783 0.14941972920696325 0.03260869565217391 0.04932301740812379
1 0.7649456521739131 0.7906189555125726 0.028804347826086957 0.043520309477756286
1 0.5296195652173913 0.044003868471953575 0.050543478260869565 0.08800773694390715
1 0.48695652173913045 0.06673114119922631 0.05543478260869565 0.09090909090909091
1 0.7592391304347826 0.06576402321083172 0.03260869565217391 0.04448742746615087
1 0.35081521739130433 0.07495164410058026 0.07445652173913044 0.11121856866537717