0 0.7557870370370371 0.9578189300411523 0.027777777777777776 0.05555555555555555
0 0.7531828703703703 0.7397119341563786 0.036458333333333336 0.05761316872427984
0 0.7502893518518519 0.5416666666666666 0.027199074074074073 0.04218106995884774
0 0.75 0.6378600823045267 0.03935185185185185 0.059670781893004114
0 0.7306134259259259 0.5154320987654321 0.03530092592592592 0.047325102880658436
0 0.7144097222222222 0.5771604938271605 0.03298611111111111 0.047325102880658436
0 0.7022569444444444 0.6512345679012346 0.04224537037037037 0.059670781893004114
0 0.6846064814814815 0.7505144032921811 0.04282407407407408 0.0668724279835391
0 0.6629050925925926 0.8703703703703703 0.046875 0.0720164609053498
0 0.6377314814814815 0.9789094650205762 0.047453703703703706 0.04218106995884774
1 0.6255787037037037 0.026234567901234566 0.04513888888888889 0.05246913580246913
1 0.5986689814814815 0.08179012345679013 0.041087962962962965 0.07304526748971193
1 0.5575810185185185 0.13065843621399176 0.05381944444444445 0.09465020576131687
1 0.5121527777777778 0.15534979423868311 0.059027777777777776 0.09670781893004116
1 0.7760416666666666 0.007716049382716049 0.010416666666666666 0.015432098765432098
1 0.3671875 0.1640946502057613 0.07928240740740741 0.1183127572016461