1 0.13776041666666666 0.11018518518518519 0.027604166666666666 0.07407407407407407
0 0.6901041666666666 0.1259259259259259 0.028125 0.044444444444444446
0 0.5796875 0.1300925925925926 0.029166666666666667 0.058333333333333334
1 0.12005208333333334 0.1310185185185185 0.030729166666666665 0.06018518518518518
0 0.79296875 0.13333333333333333 0.028645833333333332 0.05925925925925926
0 0.47942708333333334 0.13472222222222222 0.021354166666666667 0.04351851851851852
0 0.528125 0.13518518518518519 0.030208333333333334 0.06296296296296296
0 0.9028645833333333 0.13657407407407407 0.0265625 0.06574074074074074
1 0.10963541666666667 0.14675925925925926 0.0265625 0.049074074074074076
0 0.4661458333333333 0.16620370370370371 0.023958333333333335 0.05648148148148148
1 0.84921875 0.018518518518518517 0.028645833333333332 0.03518518518518519
1 0.109375 0.18888888888888888 0.036458333333333336 0.06481481481481481
0 0.4973958333333333 0.19212962962962962 0.023958333333333335 0.05277777777777778
0 0.5348958333333333 0.21157407407407408 0.030208333333333334 0.06759259259259259
1 0.12109375 0.2162037037037037 0.0328125 0.05092592592592592
0 0.58515625 0.23981481481481481 0.033854166666666664 0.06851851851851852
1 0.140625 0.25601851851851853 0.036458333333333336 0.06944444444444445
0 0.6458333333333334 0.274537037037037 0.036458333333333336 0.075
1 0.82890625 0.027777777777777776 0.021354166666666667 0.044444444444444446
1 0.16744791666666667 0.2902777777777778 0.03802083333333333 0.058333333333333334
0 0.7059895833333333 0.3148148148148148 0.03177083333333333 0.07592592592592592
1 0.20911458333333333 0.33425925925925926 0.0453125 0.07222222222222222
1 0.7934895833333333 0.034722222222222224 0.019270833333333334 0.04722222222222222
1 0.5872395833333334 0.03564814814814815 0.0234375 0.041666666666666664
0 0.75625 0.35555555555555557 0.035416666666666666 0.05925925925925926
1 0.41822916666666665 0.03657407407407407 0.022916666666666665 0.05648148148148148
1 0.24661458333333333 0.3773148148148148 0.03697916666666667 0.06574074074074074
1 0.3684895833333333 0.038425925925925926 0.0234375 0.05462962962962963
1 0.7528645833333333 0.03888888888888889 0.018229166666666668 0.04259259259259259
1 0.4984375 0.03981481481481482 0.019791666666666666 0.05
1 0.32838541666666665 0.040740740740740744 0.0265625 0.05925925925925926
1 0.6736979166666667 0.04212962962962963 0.0234375 0.049074074074074076
0 0.8088541666666667 0.4203703703703704 0.036458333333333336 0.07037037037037037
1 0.2713541666666667 0.44305555555555554 0.04791666666666667 0.08611111111111111
0 0.8661458333333333 0.4976851851851852 0.04375 0.08425925925925926
1 0.2838541666666667 0.5157407407407407 0.04895833333333333 0.09444444444444444
1 0.2833333333333333 0.05185185185185185 0.023958333333333335 0.05555555555555555
1 0.23984375 0.05694444444444444 0.0234375 0.05462962962962963
0 0.9283854166666666 0.5902777777777778 0.05677083333333333 0.10833333333333334
0 0.98828125 0.6819444444444445 0.0234375 0.10648148148148148
1 0.19973958333333333 0.07222222222222222 0.0265625 0.05925925925925926
1 0.28828125 0.7476851851851852 0.059895833333333336 0.12685185185185185
1 0.16614583333333333 0.08101851851851852 0.025 0.06574074074074074