1 0.25405405405405407 0.43028846153846156 0.024864864864864864 0.03942307692307692
1 0.2545945945945946 0.5783653846153847 0.025945945945945945 0.03173076923076923
1 0.25594594594594594 0.6716346153846153 0.025405405405405406 0.04519230769230769
1 0.2578378378378378 0.2764423076923077 0.024864864864864864 0.03942307692307692
1 0.2578378378378378 0.12067307692307692 0.02918918918918919 0.04326923076923077
1 0.2578378378378378 0.7423076923076923 0.032432432432432434 0.057692307692307696
1 0.25972972972972974 0.8245192307692307 0.028648648648648647 0.052884615384615384
1 0.2632432432432432 0.9052884615384615 0.03567567567567568 0.058653846153846154
1 0.2716216216216216 0.9783653846153846 0.03513513513513514 0.04326923076923077
0 0.30945945945945946 0.28846153846153844 0.027567567567567567 0.05384615384615385
0 0.30972972972972973 0.08798076923076924 0.03135135135135135 0.05096153846153846
0 0.31 0.3855769230769231 0.028648648648648647 0.051923076923076926
0 0.31270270270270273 0.47596153846153844 0.02 0.051923076923076926
0 0.3281081081081081 0.4932692307692308 0.04 0.06153846153846154
0 0.34216216216216216 0.43653846153846154 0.03567567567567568 0.05384615384615385
0 0.3543243243243243 0.3735576923076923 0.03405405405405405 0.05096153846153846
0 0.37405405405405406 0.2706730769230769 0.03027027027027027 0.05096153846153846
0 0.3916216216216216 0.16971153846153847 0.0372972972972973 0.06634615384615385
0 0.41324324324324324 0.06538461538461539 0.04054054054054054 0.07115384615384615
1 0.4208108108108108 0.9634615384615385 0.04162162162162162 0.07307692307692308
1 0.4445945945945946 0.9004807692307693 0.038378378378378375 0.0875
1 0.48486486486486485 0.8629807692307693 0.046486486486486484 0.08557692307692308
1 0.5318918918918919 0.8336538461538462 0.04756756756756757 0.09230769230769231
1 0.662972972972973 0.8221153846153846 0.06756756756756757 0.11538461538461539