1 0.52890625 0.09444444444444444 0.021354166666666667 0.04259259259259259
1 0.44869791666666664 0.09537037037037037 0.0171875 0.044444444444444446
1 0.8580729166666666 0.09768518518518518 0.0171875 0.04351851851851852
1 0.39817708333333335 0.09768518518518518 0.024479166666666666 0.04351851851851852
1 0.7802083333333333 0.09861111111111111 0.020833333333333332 0.05648148148148148
1 0.82109375 0.1 0.022395833333333334 0.04814814814814815
1 0.6122395833333333 0.10092592592592593 0.021354166666666667 0.04259259259259259
1 0.6966145833333334 0.10092592592592593 0.0234375 0.05
1 0.35989583333333336 0.10092592592592593 0.03125 0.05555555555555555
1 0.31536458333333334 0.10416666666666667 0.028645833333333332 0.049074074074074076
1 0.2716145833333333 0.11018518518518519 0.03177083333333333 0.06111111111111111
1 0.23151041666666666 0.12453703703703704 0.024479166666666666 0.06018518518518518
1 0.20078125 0.1398148148148148 0.028645833333333332 0.05925925925925926
1 0.17109375 0.15694444444444444 0.03177083333333333 0.062037037037037036
1 0.1578125 0.18101851851851852 0.029166666666666667 0.06759259259259259
0 0.6057291666666667 0.18935185185185185 0.029166666666666667 0.04722222222222222
0 0.7143229166666667 0.18981481481481483 0.027604166666666666 0.053703703703703705
0 0.553125 0.19027777777777777 0.028125 0.049074074074074076
0 0.8184895833333333 0.1912037037037037 0.027604166666666666 0.05648148148148148
0 0.5041666666666667 0.19490740740740742 0.028125 0.03425925925925926
0 0.9302083333333333 0.1986111111111111 0.026041666666666668 0.06574074074074074
1 0.1453125 0.1986111111111111 0.03229166666666667 0.06018518518518518
0 0.4947916666666667 0.2212962962962963 0.03333333333333333 0.06851851851851852
1 0.1421875 0.2324074074074074 0.03958333333333333 0.06481481481481481
0 0.5255208333333333 0.24537037037037038 0.029166666666666667 0.06111111111111111
1 0.878125 0.025 0.0125 0.03333333333333333
0 0.5596354166666667 0.2662037037037037 0.027604166666666666 0.058333333333333334
1 0.15520833333333334 0.2662037037037037 0.03125 0.058333333333333334
0 0.6153645833333333 0.3 0.027604166666666666 0.05185185185185185
1 0.175 0.3037037037037037 0.029166666666666667 0.040740740740740744
0 0.6700520833333333 0.3300925925925926 0.0359375 0.06388888888888888
1 0.20234375 0.337037037037037 0.034895833333333334 0.05185185185185185
0 0.7265625 0.36712962962962964 0.03854166666666667 0.06944444444444445
1 0.8778645833333333 0.038425925925925926 0.015104166666666667 0.028703703703703703
1 0.23880208333333333 0.3800925925925926 0.0421875 0.0712962962962963
1 0.27421875 0.42083333333333334 0.04739583333333333 0.06574074074074074
0 0.7861979166666667 0.4217592592592593 0.04010416666666667 0.06759259259259259
1 0.29453125 0.4898148148148148 0.04635416666666667 0.07962962962962963
0 0.8361979166666667 0.49675925925925923 0.04635416666666667 0.075
0 0.89609375 0.5606481481481481 0.0515625 0.08611111111111111
1 0.3104166666666667 0.5703703703703704 0.05 0.08148148148148149
1 0.8752604166666667 0.05787037037037037 0.0203125 0.030555555555555555
0 0.9604166666666667 0.6583333333333333 0.05520833333333333 0.0962962962962963
1 0.31666666666666665 0.7949074074074074 0.0625 0.11574074074074074
1 0.8776041666666666 0.08194444444444444 0.016666666666666666 0.030555555555555555