1 0.5295811518324607 0.09217877094972067 0.021465968586387434 0.04283054003724395
1 0.4489528795811518 0.0931098696461825 0.017277486910994764 0.0446927374301676
1 0.8604712041884817 0.09543761638733705 0.017277486910994764 0.043761638733705775
1 0.3981675392670157 0.09543761638733705 0.024607329842931937 0.043761638733705775
1 0.7821989528795812 0.09636871508379888 0.020942408376963352 0.056797020484171325
1 0.8232984293193717 0.09776536312849161 0.022513089005235604 0.048417132216014895
1 0.6133507853403142 0.09869646182495345 0.021465968586387434 0.04283054003724395
1 0.6981675392670157 0.09869646182495345 0.02356020942408377 0.05027932960893855
1 0.35968586387434553 0.09869646182495345 0.031413612565445025 0.055865921787709494
1 0.3149214659685864 0.10195530726256984 0.028795811518324606 0.049348230912476726
1 0.2709424083769634 0.10800744878957169 0.03193717277486911 0.061452513966480445
1 0.2306282722513089 0.12243947858472998 0.024607329842931937 0.06052141527001862
1 0.19973821989528795 0.1378026070763501 0.028795811518324606 0.0595903165735568
1 0.16989528795811518 0.15502793296089384 0.03193717277486911 0.06238361266294227
1 0.15654450261780103 0.1792364990689013 0.02931937172774869 0.06797020484171322
0 0.6068062827225131 0.18761638733705774 0.02931937172774869 0.04748603351955307
0 0.7159685863874345 0.18808193668528864 0.02774869109947644 0.054003724394785846
0 0.5539267015706806 0.18854748603351956 0.028272251308900525 0.049348230912476726
0 0.8206806282722513 0.1894785847299814 0.02774869109947644 0.056797020484171325
0 0.5047120418848168 0.19320297951582868 0.028272251308900525 0.03445065176908752
0 0.9329842931937172 0.19692737430167598 0.02617801047120419 0.06610800744878957
1 0.14397905759162305 0.19692737430167598 0.032460732984293195 0.06052141527001862
0 0.4952879581151832 0.21973929236499068 0.033507853403141365 0.06890130353817504
1 0.14083769633507853 0.2309124767225326 0.039790575916230364 0.06517690875232775
0 0.5261780104712042 0.24394785847299813 0.02931937172774869 0.061452513966480445
1 0.8806282722513089 0.0223463687150838 0.012565445026178011 0.0335195530726257
0 0.5604712041884817 0.2648975791433892 0.02774869109947644 0.05865921787709497
1 0.15392670157068064 0.2648975791433892 0.031413612565445025 0.05865921787709497
0 0.6164921465968587 0.2988826815642458 0.02774869109947644 0.0521415270018622
1 0.17382198952879582 0.3026070763500931 0.02931937172774869 0.040968342644320296
0 0.6714659685863874 0.3291433891992551 0.03612565445026178 0.06424581005586592
1 0.2013089005235602 0.3361266294227188 0.03507853403141361 0.0521415270018622
0 0.7282722513089005 0.36638733705772814 0.0387434554973822 0.06983240223463687
1 0.8803664921465969 0.03584729981378026 0.015183246073298429 0.028864059590316574
1 0.23795811518324608 0.37942271880819367 0.042408376963350786 0.07169459962756052
1 0.27356020942408377 0.420391061452514 0.04764397905759162 0.06610800744878957
0 0.7882198952879581 0.4213221601489758 0.04031413612565445 0.06797020484171322
1 0.293979057591623 0.4897579143389199 0.04659685863874346 0.08007448789571694
0 0.8384816753926702 0.4967411545623836 0.04659685863874346 0.07541899441340782
0 0.8986910994764398 0.5609869646182495 0.051832460732984295 0.08659217877094973
1 0.3099476439790576 0.5707635009310987 0.050261780104712044 0.08193668528864059
1 0.8777486910994764 0.05540037243947858 0.020418848167539267 0.030726256983240222
0 0.9633507853403142 0.659217877094972 0.05549738219895288 0.09683426443202979
1 0.3162303664921466 0.7965549348230913 0.06282722513089005 0.11638733705772812
1 0.8801047120418848 0.07960893854748603 0.016753926701570682 0.030726256983240222