1 0.2554660529344074 0.5599385245901639 0.026467203682393557 0.050204918032786885
1 0.25604142692750287 0.6536885245901639 0.031070195627157654 0.0471311475409836
1 0.2583429228998849 0.4016393442622951 0.024165707710011506 0.0389344262295082
1 0.2583429228998849 0.23616803278688525 0.024165707710011506 0.042008196721311473
1 0.25949367088607594 0.06762295081967214 0.026467203682393557 0.045081967213114756
1 0.26150747986191025 0.7284836065573771 0.03049482163406214 0.0471311475409836
1 0.262945914844649 0.8160860655737705 0.02991944764096663 0.04405737704918033
1 0.26927502876869963 0.8939549180327869 0.0379746835443038 0.05225409836065574
1 0.27531645569620256 0.9733606557377049 0.043153049482163405 0.04918032786885246
0 0.31070195627157654 0.031762295081967214 0.03682393555811277 0.055327868852459015
0 0.3155926352128884 0.2489754098360656 0.03164556962025317 0.06352459016393443
0 0.31703107019562715 0.34375 0.02991944764096663 0.04610655737704918
0 0.31904487917146146 0.4380122950819672 0.02704257767548907 0.04815573770491803
0 0.3331415420023015 0.4692622950819672 0.03567318757192175 0.05327868852459016
0 0.346662830840046 0.4042008196721312 0.03164556962025317 0.04815573770491803
0 0.36104718066743385 0.3452868852459016 0.03049482163406214 0.055327868852459015
0 0.38204833141542005 0.23565573770491804 0.02991944764096663 0.05737704918032787
0 0.4016110471806674 0.11629098360655737 0.03452243958573072 0.0625
0 0.42836593785960875 0.0194672131147541 0.03855005753739931 0.0389344262295082
1 0.43095512082853854 0.9585040983606558 0.039125431530494824 0.07889344262295082
1 0.4579976985040276 0.8934426229508197 0.047180667433831994 0.07991803278688525
1 0.4962600690448792 0.8539959016393442 0.05466052934407365 0.08299180327868852
1 0.5451668584579977 0.8212090163934426 0.053509781357882626 0.08709016393442623
1 0.6867088607594937 0.8247950819672131 0.06731875719217491 0.12090163934426229