1 0.30609896432681244 0.6285860655737705 0.026467203682393557 0.050204918032786885
1 0.3066743383199079 0.7223360655737705 0.031070195627157654 0.0471311475409836
1 0.30897583429229 0.4702868852459016 0.024165707710011506 0.0389344262295082
1 0.30897583429229 0.3048155737704918 0.024165707710011506 0.042008196721311473
1 0.310126582278481 0.1362704918032787 0.026467203682393557 0.045081967213114756
1 0.3121403912543153 0.7971311475409836 0.03049482163406214 0.0471311475409836
1 0.3135788262370541 0.8847336065573771 0.02991944764096663 0.04405737704918033
1 0.31990794016110474 0.9626024590163934 0.0379746835443038 0.05225409836065574
0 0.3613348676639816 0.10040983606557377 0.03682393555811277 0.055327868852459015
0 0.36622554660529344 0.3176229508196721 0.03164556962025317 0.06352459016393443
0 0.3676639815880322 0.41239754098360654 0.02991944764096663 0.04610655737704918
0 0.3696777905638665 0.5066598360655737 0.02704257767548907 0.04815573770491803
0 0.38377445339470656 0.5379098360655737 0.03567318757192175 0.05327868852459016
0 0.39729574223245107 0.4728483606557377 0.03164556962025317 0.04815573770491803
0 0.4116800920598389 0.4139344262295082 0.03049482163406214 0.055327868852459015
0 0.4326812428078251 0.3043032786885246 0.02991944764096663 0.05737704918032787
0 0.4522439585730725 0.18493852459016394 0.03452243958573072 0.0625
0 0.4789988492520138 0.0706967213114754 0.03855005753739931 0.07377049180327869
1 0.5086306098964327 0.9610655737704918 0.047180667433831994 0.0778688524590164
1 0.5468929804372842 0.9226434426229508 0.05466052934407365 0.08299180327868852
1 0.5957997698504027 0.8898565573770492 0.053509781357882626 0.08709016393442623
1 0.7373417721518988 0.8934426229508197 0.06731875719217491 0.12090163934426229