1 0.8877604166666667 0.10462962962962963 0.0203125 0.025925925925925925
1 0.890625 0.13703703703703704 0.01875 0.040740740740740744
1 0.4596354166666667 0.14351851851851852 0.025520833333333333 0.04259259259259259
1 0.4119791666666667 0.14444444444444443 0.023958333333333335 0.05
1 0.8705729166666667 0.14583333333333334 0.021354166666666667 0.03425925925925926
1 0.5401041666666667 0.14814814814814814 0.019791666666666666 0.03888888888888889
1 0.62421875 0.14814814814814814 0.021354166666666667 0.03888888888888889
1 0.8307291666666666 0.14814814814814814 0.025 0.03888888888888889
1 0.7098958333333333 0.15 0.022916666666666665 0.04259259259259259
1 0.7908854166666667 0.15046296296296297 0.021354166666666667 0.03796296296296296
1 0.37395833333333334 0.15324074074074073 0.023958333333333335 0.049074074074074076
1 0.3294270833333333 0.15555555555555556 0.022395833333333334 0.04814814814814815
1 0.28984375 0.16574074074074074 0.0265625 0.06111111111111111
1 0.24947916666666667 0.17546296296296296 0.025 0.06944444444444445
1 0.21640625 0.18888888888888888 0.025520833333333333 0.05925925925925926
1 0.18802083333333333 0.20694444444444443 0.03125 0.06944444444444445
1 0.17369791666666667 0.2273148148148148 0.0234375 0.049074074074074076
0 0.728125 0.2324074074074074 0.028125 0.05925925925925926
0 0.6177083333333333 0.24027777777777778 0.03229166666666667 0.05092592592592592
0 0.56953125 0.24259259259259258 0.0234375 0.04814814814814815
0 0.5216145833333333 0.24583333333333332 0.024479166666666666 0.04351851851851852
0 0.8317708333333333 0.24675925925925926 0.030208333333333334 0.05092592592592592
1 0.15989583333333332 0.24675925925925926 0.027083333333333334 0.05092592592592592
0 0.9450520833333333 0.24768518518518517 0.030729166666666665 0.05277777777777778
0 0.5057291666666667 0.26851851851851855 0.027083333333333334 0.05740740740740741
1 0.16354166666666667 0.2796296296296296 0.030208333333333334 0.05555555555555555
0 0.5388020833333333 0.2902777777777778 0.024479166666666666 0.05092592592592592
0 0.56875 0.31342592592592594 0.028125 0.049074074074074076
1 0.1734375 0.31666666666666665 0.029166666666666667 0.04814814814814815
1 0.190625 0.34675925925925927 0.029166666666666667 0.05277777777777778
0 0.6244791666666667 0.3472222222222222 0.029166666666666667 0.04814814814814815
0 0.68515625 0.3787037037037037 0.03177083333333333 0.05555555555555555
1 0.21927083333333333 0.387037037037037 0.03125 0.053703703703703705
1 0.98046875 0.041666666666666664 0.018229166666666668 0.02962962962962963
0 0.7432291666666667 0.4217592592592593 0.0375 0.062037037037037036
1 0.9190104166666667 0.04259259259259259 0.0171875 0.025925925925925925
1 0.9552083333333333 0.04259259259259259 0.016666666666666666 0.025925925925925925
1 0.25703125 0.42592592592592593 0.04010416666666667 0.06296296296296296
1 0.9369791666666667 0.04351851851851852 0.014583333333333334 0.03333333333333333
1 0.29010416666666666 0.46944444444444444 0.040625 0.07592592592592592
0 0.7966145833333333 0.47638888888888886 0.04010416666666667 0.06018518518518518
1 0.9052083333333333 0.049074074074074076 0.013541666666666667 0.025925925925925925
1 0.31015625 0.5310185185185186 0.0421875 0.08796296296296297
0 0.8533854166666667 0.5444444444444444 0.0421875 0.07777777777777778
1 0.8934895833333333 0.05462962962962963 0.015104166666666667 0.024074074074074074
1 0.3268229166666667 0.6097222222222223 0.044270833333333336 0.08611111111111111
0 0.9096354166666667 0.6203703703703703 0.04739583333333333 0.08148148148148149
0 0.9760416666666667 0.7097222222222223 0.04791666666666667 0.09351851851851851
1 0.325 0.8375 0.06145833333333333 0.10833333333333334
1 0.8877604166666667 0.08425925925925926 0.0171875 0.022222222222222223