1 0.9194915254237288 0.03118712273641851 0.01638418079096045 0.02414486921529175
1 0.9175141242937853 0.06891348088531186 0.020338983050847456 0.03319919517102616
1 0.9194915254237288 0.1006036217303823 0.024293785310734464 0.04225352112676056
1 0.8994350282485876 0.11066398390342053 0.01807909604519774 0.0482897384305835
1 0.726271186440678 0.11217303822937626 0.025423728813559324 0.05130784708249497
1 0.403954802259887 0.1141851106639839 0.021468926553672316 0.05533199195171026
1 0.5443502824858757 0.11468812877263582 0.023163841807909605 0.04426559356136821
1 0.6347457627118644 0.11468812877263582 0.01977401129943503 0.04426559356136821
1 0.457909604519774 0.11468812877263582 0.024293785310734464 0.05030181086519115
1 0.8144067796610169 0.11569416498993963 0.020903954802259886 0.04627766599597585
1 0.8548022598870056 0.11569416498993963 0.02711864406779661 0.052313883299798795
1 0.36214689265536726 0.11820925553319919 0.020338983050847456 0.05130784708249497
1 0.31412429378531076 0.12625754527162977 0.030508474576271188 0.047283702213279676
1 0.27033898305084747 0.13078470824949698 0.025423728813559324 0.056338028169014086
1 0.22768361581920904 0.14587525150905434 0.030508474576271188 0.05835010060362173
1 0.19350282485875706 0.16498993963782696 0.03333333333333333 0.06438631790744467
1 0.16497175141242937 0.1836016096579477 0.0327683615819209 0.06740442655935613
1 0.14632768361581922 0.2052313883299799 0.02937853107344633 0.06438631790744467
0 0.6279661016949153 0.20724346076458752 0.025423728813559324 0.03420523138832998
0 0.7463276836158192 0.20824949698189135 0.024858757062146894 0.04225352112676056
0 0.5714689265536723 0.20925553319919518 0.025423728813559324 0.03822937625754527
0 0.5189265536723164 0.21177062374245473 0.025423728813559324 0.03722334004024145
0 0.857909604519774 0.21428571428571427 0.03333333333333333 0.04225352112676056
0 0.9790960451977401 0.22032193158953722 0.02711864406779661 0.04024144869215292
1 0.1324858757062147 0.22535211267605634 0.0288135593220339 0.06438631790744467
0 0.5042372881355932 0.24346076458752516 0.02655367231638418 0.04627766599597585
1 0.13361581920903956 0.26106639839034207 0.03446327683615819 0.0613682092555332
0 0.53954802259887 0.2731388329979879 0.02937853107344633 0.05130784708249497
0 0.5759887005649718 0.289738430583501 0.02655367231638418 0.04426559356136821
1 0.14350282485875707 0.2942655935613682 0.03954802259887006 0.0613682092555332
0 0.6353107344632768 0.32193158953722334 0.0288135593220339 0.04225352112676056
1 0.16186440677966102 0.3319919517102616 0.031073446327683617 0.06237424547283702
0 0.6980225988700565 0.3591549295774648 0.03672316384180791 0.056338028169014086
1 0.19350282485875706 0.37424547283702214 0.03785310734463277 0.06639839034205232
0 0.7641242937853108 0.40543259557344064 0.03333333333333333 0.0482897384305835
1 0.23248587570621468 0.4170020120724346 0.04350282485875706 0.07142857142857142
0 0.8251412429378531 0.46327967806841047 0.03559322033898305 0.06338028169014084
1 0.2692090395480226 0.4678068410462777 0.0423728813559322 0.06639839034205232
0 0.8838983050847458 0.5326961770623743 0.05141242937853107 0.08148893360160966
1 0.296045197740113 0.5352112676056338 0.05084745762711865 0.08048289738430583
0 0.9454802259887005 0.6197183098591549 0.05706214689265537 0.09456740442655935
1 0.3093220338983051 0.6197183098591549 0.05028248587570622 0.08853118712273642
1 0.9514124293785311 0.007042253521126761 0.01694915254237288 0.014084507042253521
1 0.9923728813559322 0.008048289738430584 0.015254237288135594 0.01609657947686117
0 0.9951977401129943 0.716297786720322 0.0096045197740113 0.10663983903420524
1 0.9274011299435029 0.009054325955734407 0.01751412429378531 0.018108651911468814
1 0.9720338983050848 0.009054325955734407 0.012994350282485875 0.018108651911468814
1 0.3093220338983051 0.8707243460764588 0.07288135593220339 0.13380281690140844
1 0.9234463276836158 0.01609657947686117 0.012994350282485875 0.02012072434607646