1 0.6828947368421052 0.8881086142322098 0.026842105263157896 0.042134831460674156
1 0.6818421052631579 0.3539325842696629 0.02894736842105263 0.035580524344569285
1 0.6815789473684211 0.5866104868913857 0.023157894736842106 0.03838951310861423
1 0.6815789473684211 0.7364232209737828 0.023157894736842106 0.03277153558052434
1 0.6815789473684211 0.44335205992509363 0.02631578947368421 0.040262172284644196
1 0.6797368421052632 0.2846441947565543 0.026842105263157896 0.033707865168539325
1 0.6755263157894736 0.2050561797752809 0.024736842105263158 0.05056179775280899
1 0.6731578947368421 0.13249063670411984 0.029473684210526315 0.042134831460674156
1 0.6652631578947369 0.06179775280898876 0.030526315789473683 0.05056179775280899
1 0.6552631578947369 0.01638576779026217 0.03368421052631579 0.03277153558052434
0 0.6331578947368421 0.725187265917603 0.017894736842105262 0.042134831460674156
0 0.6326315789473684 0.9213483146067416 0.022105263157894735 0.04119850187265917
0 0.6321052631578947 0.6315543071161048 0.02 0.042134831460674156
0 0.6307894736842106 0.5444756554307116 0.019473684210526317 0.042134831460674156
0 0.6142105263157894 0.5201310861423221 0.024210526315789474 0.04400749063670412
0 0.5986842105263158 0.5786516853932584 0.026842105263157896 0.04868913857677903
0 0.59 0.6390449438202247 0.023157894736842106 0.04400749063670412
0 0.5731578947368421 0.7373595505617978 0.022105263157894735 0.047752808988764044
0 0.5536842105263158 0.8412921348314607 0.029473684210526315 0.060861423220973786
1 0.5457894736842105 0.018258426966292134 0.034736842105263156 0.03651685393258427
0 0.5294736842105263 0.9508426966292135 0.02526315789473684 0.0552434456928839
1 0.5234210526315789 0.06975655430711611 0.03736842105263158 0.07209737827715355
1 0.4968421052631579 0.1306179775280899 0.034736842105263156 0.0702247191011236
1 0.46157894736842103 0.1750936329588015 0.042105263157894736 0.08426966292134831
1 0.41736842105263156 0.19709737827715357 0.04631578947368421 0.08333333333333333
1 0.2860526315789474 0.19709737827715357 0.07 0.12078651685393259