1 0.8703125 0.18796296296296297 0.020833333333333332 0.03148148148148148
1 0.41692708333333334 0.18796296296296297 0.028645833333333332 0.046296296296296294
1 0.83203125 0.1884259259259259 0.022395833333333334 0.041666666666666664
1 0.7903645833333334 0.18888888888888888 0.025520833333333333 0.03888888888888889
1 0.7078125 0.18981481481481483 0.021875 0.03518518518518519
1 0.37604166666666666 0.18981481481481483 0.030208333333333334 0.05
1 0.46536458333333336 0.18981481481481483 0.0359375 0.05
1 0.6252604166666667 0.1925925925925926 0.025520833333333333 0.040740740740740744
1 0.5450520833333333 0.1935185185185185 0.030729166666666665 0.03888888888888889
1 0.33098958333333334 0.20324074074074075 0.033854166666666664 0.05277777777777778
1 0.290625 0.20879629629629629 0.034375 0.06388888888888888
1 0.25078125 0.22268518518518518 0.03697916666666667 0.05462962962962963
1 0.2171875 0.2361111111111111 0.04791666666666667 0.053703703703703705
1 0.19427083333333334 0.25277777777777777 0.03125 0.05
1 0.17864583333333334 0.2759259259259259 0.03125 0.05555555555555555
0 0.8322916666666667 0.27870370370370373 0.03125 0.046296296296296294
0 0.6192708333333333 0.28055555555555556 0.029166666666666667 0.05
0 0.7270833333333333 0.28055555555555556 0.036458333333333336 0.05
0 0.56875 0.2814814814814815 0.03229166666666667 0.05185185185185185
0 0.9432291666666667 0.2865740740740741 0.03125 0.049074074074074076
0 0.5221354166666666 0.2875 0.025520833333333333 0.05092592592592592
1 0.16458333333333333 0.2986111111111111 0.036458333333333336 0.058333333333333334
0 0.5059895833333333 0.31157407407407406 0.0265625 0.04722222222222222
1 0.1640625 0.33101851851851855 0.04375 0.049074074074074076
0 0.5372395833333333 0.3388888888888889 0.03697916666666667 0.05555555555555555
0 0.5744791666666667 0.3625 0.036458333333333336 0.05277777777777778
1 0.17578125 0.36712962962962964 0.0328125 0.04722222222222222
0 0.62578125 0.3907407407407407 0.03697916666666667 0.06296296296296296
1 0.19036458333333334 0.3990740740740741 0.059895833333333336 0.046296296296296294
0 0.6861979166666666 0.42268518518518516 0.043229166666666666 0.08055555555555556
1 0.21822916666666667 0.4361111111111111 0.0375 0.06481481481481481
0 0.7440104166666667 0.4587962962962963 0.044270833333333336 0.09722222222222222
1 0.25625 0.475 0.040625 0.06481481481481481
0 0.79921875 0.5138888888888888 0.04010416666666667 0.06851851851851852
1 0.2921875 0.5199074074074074 0.05 0.08981481481481482
0 0.853125 0.575 0.059375 0.10185185185185185
1 0.31276041666666665 0.5842592592592593 0.0671875 0.07962962962962963
0 0.9166666666666666 0.6592592592592592 0.05416666666666667 0.1037037037037037
1 0.3268229166666667 0.6601851851851852 0.0640625 0.10185185185185185
0 0.9755208333333333 0.7541666666666667 0.04895833333333333 0.11388888888888889
1 0.32395833333333335 0.8865740740740741 0.08229166666666667 0.13240740740740742