1 0.33111111111111113 0.6912055335968379 0.027777777777777776 0.05434782608695652
1 0.3322222222222222 0.13932806324110672 0.021111111111111112 0.041501976284584984
1 0.3322222222222222 0.7687747035573123 0.03 0.05731225296442688
1 0.3322222222222222 0.599308300395257 0.03 0.06818181818181818
1 0.3338888888888889 0.2959486166007905 0.024444444444444446 0.04841897233201581
1 0.33444444444444443 0.4481225296442688 0.023333333333333334 0.058300395256917
1 0.3402777777777778 0.8542490118577075 0.03166666666666667 0.06422924901185771
1 0.3436111111111111 0.9308300395256917 0.03833333333333333 0.06521739130434782
1 0.35194444444444445 0.9856719367588933 0.03277777777777778 0.02865612648221344
0 0.38666666666666666 0.3073122529644269 0.03 0.05533596837944664
0 0.38666666666666666 0.10276679841897234 0.03 0.0691699604743083
0 0.38722222222222225 0.4031620553359684 0.03111111111111111 0.06126482213438735
0 0.3908333333333333 0.491600790513834 0.030555555555555555 0.04841897233201581
0 0.4052777777777778 0.5222332015810277 0.028333333333333332 0.05039525691699605
0 0.4216666666666667 0.46294466403162055 0.03333333333333333 0.07015810276679842
0 0.43583333333333335 0.3922924901185771 0.03166666666666667 0.0691699604743083
0 0.4527777777777778 0.2949604743083004 0.03777777777777778 0.07015810276679842
0 0.47194444444444444 0.18033596837944665 0.04833333333333333 0.08201581027667984
0 0.4936111111111111 0.07065217391304347 0.058333333333333334 0.08399209486166008
1 0.5033333333333333 0.9787549407114624 0.03888888888888889 0.042490118577075096
1 0.5302777777777777 0.9278656126482213 0.05388888888888889 0.09486166007905138
1 0.5688888888888889 0.8888339920948617 0.04777777777777778 0.1274703557312253
1 0.6144444444444445 0.8621541501976284 0.06111111111111111 0.12154150197628459
1 0.7458333333333333 0.8675889328063241 0.07055555555555555 0.15612648221343872