1 0.3247311827956989 0.6276290630975143 0.026881720430107527 0.052581261950286805
1 0.3258064516129032 0.09369024856596558 0.02043010752688172 0.040152963671128104
1 0.3258064516129032 0.7026768642447419 0.02903225806451613 0.055449330783938815
1 0.3258064516129032 0.5387189292543021 0.02903225806451613 0.06596558317399617
1 0.32741935483870965 0.24521988527724664 0.023655913978494623 0.04684512428298279
1 0.3279569892473118 0.3924474187380497 0.02258064516129032 0.05640535372848948
1 0.3336021505376344 0.7853728489483748 0.03064516129032258 0.0621414913957935
1 0.33682795698924733 0.8594646271510517 0.037096774193548385 0.06309751434034416
1 0.3448924731182796 0.9326003824091779 0.031720430107526884 0.06787762906309751
1 0.35268817204301073 0.9751434034416826 0.03118279569892473 0.0497131931166348
0 0.37849462365591396 0.25621414913957935 0.02903225806451613 0.05353728489483748
0 0.37849462365591396 0.058317399617590825 0.02903225806451613 0.06692160611854685
0 0.3790322580645161 0.3489483747609943 0.030107526881720432 0.05927342256214149
0 0.3825268817204301 0.4345124282982792 0.02956989247311828 0.04684512428298279
0 0.396505376344086 0.4641491395793499 0.027419354838709678 0.04875717017208413
0 0.41236559139784945 0.40678776290630975 0.03225806451612903 0.06787762906309751
0 0.4260752688172043 0.3384321223709369 0.03064516129032258 0.06692160611854685
0 0.44247311827956987 0.24426386233269598 0.03655913978494624 0.06787762906309751
0 0.46102150537634407 0.13336520076481836 0.0467741935483871 0.07934990439770555
1 0.46881720430107526 0.9789674952198852 0.03763440860215054 0.04206500956022945
0 0.48198924731182796 0.033938814531548754 0.056451612903225805 0.06787762906309751
1 0.4913978494623656 0.9225621414913958 0.03763440860215054 0.0745697896749522
1 0.5174731182795699 0.8565965583173997 0.0521505376344086 0.09177820267686425
1 0.5548387096774193 0.8188336520076482 0.046236559139784944 0.12332695984703633
1 0.5989247311827957 0.7930210325047801 0.05913978494623656 0.11759082217973231
1 0.7303763440860215 0.7982791586998088 0.07688172043010753 0.15105162523900573