1 0.9196132596685083 0.15078585461689586 0.022651933701657457 0.03831041257367387
1 0.8969613259668509 0.15717092337917485 0.023756906077348067 0.03732809430255403
1 0.8571823204419889 0.1581532416502947 0.022651933701657457 0.03929273084479371
1 0.7284530386740331 0.16011787819253437 0.029281767955801105 0.043222003929273084
1 0.4696132596685083 0.16110019646365423 0.03314917127071823 0.04518664047151277
1 0.8151933701657459 0.16159135559921414 0.029281767955801105 0.036345776031434185
1 0.6408839779005525 0.162573673870334 0.022099447513812154 0.03831041257367387
1 0.55 0.16355599214145383 0.023756906077348067 0.04027504911591356
1 0.41685082872928175 0.16453831041257366 0.03370165745856354 0.04616895874263261
1 0.3748618784530387 0.16895874263261296 0.03149171270718232 0.03732809430255403
1 0.3298342541436464 0.17239685658153242 0.036464088397790057 0.036345776031434185
1 0.28259668508287294 0.18369351669941061 0.0281767955801105 0.043222003929273084
1 0.2425414364640884 0.1925343811394892 0.036464088397790057 0.04911591355599214
1 0.21132596685082872 0.22151277013752455 0.03591160220994475 0.0756385068762279
1 0.18480662983425414 0.23772102161100198 0.03370165745856354 0.05304518664047151
1 0.16574585635359115 0.2549115913555992 0.03314917127071823 0.0481335952848723
0 0.744475138121547 0.2554027504911591 0.03591160220994475 0.05697445972495088
0 0.8577348066298343 0.2568762278978389 0.03038674033149171 0.05009823182711198
0 0.5790055248618785 0.25736738703339884 0.030939226519337018 0.0412573673870334
0 0.6339779005524862 0.25736738703339884 0.024861878453038673 0.04518664047151277
0 0.9748618784530386 0.26129666011787817 0.03259668508287293 0.05304518664047151
0 0.5303867403314917 0.27013752455795675 0.03314917127071823 0.05108055009823183
1 0.1477900552486188 0.28045186640471514 0.03591160220994475 0.05795677799607073
0 0.512707182320442 0.28536345776031435 0.030939226519337018 0.06777996070726916
1 0.1477900552486188 0.31286836935166995 0.03591160220994475 0.06385068762278978
0 0.5458563535911602 0.3163064833005894 0.039779005524861875 0.060903732809430254
0 0.5823204419889503 0.3388998035363458 0.04088397790055249 0.05108055009823183
1 0.16270718232044198 0.3423379174852652 0.04364640883977901 0.0481335952848723
0 0.6414364640883978 0.3796660117878193 0.03425414364640884 0.06385068762278978
1 0.1776243093922652 0.3831041257367387 0.05138121546961326 0.05697445972495088
0 0.7016574585635359 0.4066797642436149 0.036464088397790057 0.06483300589390963
1 0.20552486187845304 0.4223968565815324 0.04640883977900553 0.07662082514734773
0 0.7643646408839779 0.449901768172888 0.042541436464088395 0.07269155206286837
1 0.2483425414364641 0.4592337917485265 0.049171270718232046 0.0756385068762279
0 0.824585635359116 0.49754420432220037 0.05580110497237569 0.07367387033398821
1 0.28480662983425414 0.5166994106090373 0.06464088397790055 0.0825147347740668
0 0.8831491712707182 0.5707269155206287 0.05138121546961326 0.07858546168958742
1 0.30662983425414364 0.5780943025540275 0.06077348066298342 0.07760314341846758
0 0.9483425414364641 0.6444007858546169 0.0569060773480663 0.10805500982318271
1 0.32209944751381214 0.662573673870334 0.05856353591160221 0.0893909626719057
0 0.9917127071823204 0.7666994106090373 0.016574585635359115 0.11886051080550099
1 0.3229281767955801 0.9115913555992141 0.07458563535911603 0.14538310412573674