1 0.8830729166666667 0.19490740740740742 0.021354166666666667 0.03611111111111111
1 0.86171875 0.20092592592592592 0.022395833333333334 0.03518518518518519
1 0.82421875 0.20185185185185187 0.021354166666666667 0.037037037037037035
1 0.7028645833333333 0.2037037037037037 0.027604166666666666 0.040740740740740744
1 0.4588541666666667 0.20462962962962963 0.03125 0.04259259259259259
1 0.7846354166666667 0.2050925925925926 0.027604166666666666 0.03425925925925926
1 0.6203125 0.20601851851851852 0.020833333333333332 0.03611111111111111
1 0.5346354166666667 0.20694444444444443 0.022395833333333334 0.03796296296296296
1 0.40911458333333334 0.20787037037037037 0.03177083333333333 0.04351851851851852
1 0.36953125 0.21203703703703702 0.0296875 0.03518518518518519
1 0.32708333333333334 0.2152777777777778 0.034375 0.03425925925925926
1 0.2825520833333333 0.22592592592592592 0.0265625 0.040740740740740744
1 0.24479166666666666 0.23425925925925925 0.034375 0.046296296296296294
1 0.21536458333333333 0.26157407407407407 0.033854166666666664 0.0712962962962963
1 0.19036458333333334 0.27685185185185185 0.03177083333333333 0.05
1 0.17239583333333333 0.29305555555555557 0.03125 0.04537037037037037
0 0.71796875 0.2935185185185185 0.033854166666666664 0.053703703703703705
0 0.8247395833333333 0.2949074074074074 0.028645833333333332 0.04722222222222222
0 0.5619791666666667 0.2953703703703704 0.029166666666666667 0.03888888888888889
0 0.6138020833333333 0.2953703703703704 0.0234375 0.04259259259259259
0 0.93515625 0.29907407407407405 0.030729166666666665 0.05
0 0.5161458333333333 0.3074074074074074 0.03125 0.04814814814814815
1 0.15546875 0.31712962962962965 0.033854166666666664 0.05462962962962963
0 0.49947916666666664 0.32175925925925924 0.029166666666666667 0.06388888888888888
1 0.15546875 0.3476851851851852 0.033854166666666664 0.06018518518518518
0 0.5307291666666667 0.3509259259259259 0.0375 0.05740740740740741
0 0.5651041666666666 0.37222222222222223 0.03854166666666667 0.04814814814814815
1 0.16953125 0.37546296296296294 0.04114583333333333 0.04537037037037037
0 0.6208333333333333 0.41064814814814815 0.03229166666666667 0.06018518518518518
1 0.18359375 0.41388888888888886 0.0484375 0.053703703703703705
0 0.6776041666666667 0.4361111111111111 0.034375 0.06111111111111111
1 0.20989583333333334 0.45092592592592595 0.04375 0.07222222222222222
0 0.73671875 0.47685185185185186 0.04010416666666667 0.06851851851851852
1 0.25026041666666665 0.48564814814814816 0.04635416666666667 0.0712962962962963
0 0.7934895833333333 0.5217592592592593 0.05260416666666667 0.06944444444444445
1 0.28463541666666664 0.5398148148148149 0.0609375 0.07777777777777778
0 0.8486979166666667 0.5907407407407408 0.0484375 0.07407407407407407
1 0.30520833333333336 0.5976851851851852 0.057291666666666664 0.07314814814814814
0 0.91015625 0.6601851851851852 0.05364583333333333 0.10185185185185185
1 0.31979166666666664 0.6773148148148148 0.05520833333333333 0.08425925925925926
0 0.9716145833333333 0.7754629629629629 0.05677083333333333 0.11203703703703703
1 0.32057291666666665 0.9120370370370371 0.0703125 0.13703703703703704