1 0.8871052631578947 0.18867041198501872 0.02157894736842105 0.03651685393258427
1 0.8655263157894737 0.1947565543071161 0.022631578947368423 0.035580524344569285
1 0.8276315789473684 0.1956928838951311 0.02157894736842105 0.03745318352059925
1 0.705 0.19756554307116106 0.027894736842105264 0.04119850187265917
1 0.45842105263157895 0.19850187265917604 0.031578947368421054 0.04307116104868914
1 0.7876315789473685 0.1989700374531835 0.027894736842105264 0.03464419475655431
1 0.621578947368421 0.1999063670411985 0.021052631578947368 0.03651685393258427
1 0.535 0.20084269662921347 0.022631578947368423 0.03838951310861423
1 0.4081578947368421 0.20177902621722846 0.032105263157894734 0.04400749063670412
1 0.36815789473684213 0.20599250936329588 0.03 0.035580524344569285
1 0.32526315789473687 0.20926966292134833 0.034736842105263156 0.03464419475655431
1 0.2802631578947368 0.2200374531835206 0.026842105263157896 0.04119850187265917
1 0.24210526315789474 0.22846441947565543 0.034736842105263156 0.04681647940074907
1 0.21236842105263157 0.25608614232209737 0.034210526315789476 0.07209737827715355
1 0.18710526315789475 0.27153558052434457 0.032105263157894734 0.05056179775280899
1 0.16894736842105262 0.28792134831460675 0.031578947368421054 0.04588014981273408
0 0.7202631578947368 0.2883895131086142 0.034210526315789476 0.054307116104868915
0 0.8281578947368421 0.2897940074906367 0.02894736842105263 0.047752808988764044
0 0.5626315789473684 0.2902621722846442 0.029473684210526315 0.03932584269662921
0 0.615 0.2902621722846442 0.02368421052631579 0.04307116104868914
0 0.9397368421052632 0.2940074906367041 0.03105263157894737 0.05056179775280899
0 0.5163157894736842 0.30243445692883897 0.031578947368421054 0.04868913857677903
1 0.1518421052631579 0.31226591760299627 0.034210526315789476 0.0552434456928839
0 0.4994736842105263 0.3169475655430712 0.029473684210526315 0.06460674157303371
1 0.1518421052631579 0.3431647940074906 0.034210526315789476 0.060861423220973786
0 0.5310526315789473 0.3464419475655431 0.037894736842105266 0.05805243445692884
0 0.5657894736842105 0.36797752808988765 0.03894736842105263 0.04868913857677903
1 0.16605263157894737 0.37125468164794007 0.041578947368421056 0.04588014981273408
0 0.6221052631578947 0.4068352059925094 0.03263157894736842 0.060861423220973786
1 0.18026315789473685 0.4101123595505618 0.04894736842105263 0.054307116104868915
0 0.6794736842105263 0.43258426966292135 0.034736842105263156 0.06179775280898876
1 0.20684210526315788 0.44756554307116103 0.04421052631578947 0.07303370786516854
0 0.7392105263157894 0.4737827715355805 0.04052631578947368 0.06928838951310862
1 0.24763157894736842 0.48267790262172283 0.04684210526315789 0.07209737827715355
0 0.796578947368421 0.5191947565543071 0.053157894736842105 0.0702247191011236
1 0.2823684210526316 0.5374531835205992 0.06157894736842105 0.07865168539325842
0 0.8523684210526316 0.5889513108614233 0.04894736842105263 0.0749063670411985
1 0.3031578947368421 0.5959737827715356 0.05789473684210526 0.07397003745318352
0 0.9144736842105263 0.6591760299625468 0.05421052631578947 0.10299625468164794
1 0.3178947368421053 0.6764981273408239 0.05578947368421053 0.0852059925093633
0 0.9739473684210527 0.775749063670412 0.05210526315789474 0.11329588014981273
1 0.3186842105263158 0.9138576779026217 0.07105263157894737 0.13857677902621723