1 0.2874331550802139 0.9420152091254753 0.07005347593582888 0.11596958174904944
1 0.42807486631016045 0.20912547528517111 0.021925133689839574 0.04752851711026616
1 0.8374331550802139 0.20960076045627377 0.022459893048128343 0.04277566539923954
1 0.8018716577540107 0.2105513307984791 0.02085561497326203 0.0408745247148289
1 0.6820855614973262 0.21102661596958175 0.016577540106951873 0.03231939163498099
1 0.7636363636363637 0.21435361216730037 0.027807486631016044 0.03326996197718631
1 0.5981283422459893 0.21482889733840305 0.022994652406417113 0.043726235741444866
1 0.3799465240641711 0.21577946768060838 0.021925133689839574 0.04182509505703422
1 0.510427807486631 0.21815589353612166 0.02406417112299465 0.0370722433460076
1 0.34037433155080216 0.2224334600760456 0.028342245989304814 0.03612167300380228
1 0.2943850267379679 0.2267110266159696 0.022994652406417113 0.03897338403041825
1 0.2505347593582888 0.23479087452471484 0.022994652406417113 0.04182509505703422
1 0.21336898395721926 0.2423954372623574 0.038502673796791446 0.057034220532319393
1 0.17459893048128342 0.25522813688212925 0.039037433155080216 0.05798479087452472
1 0.15026737967914439 0.28564638783269963 0.027807486631016044 0.05418250950570342
0 0.8066844919786096 0.30085551330798477 0.033689839572192515 0.05038022813688213
0 0.9184491978609626 0.30275665399239543 0.034759358288770054 0.05798479087452472
0 0.5911764705882353 0.3046577946768061 0.026203208556149733 0.03897338403041825
0 0.6991978609625669 0.3051330798479088 0.034759358288770054 0.049429657794676805
0 0.5417112299465241 0.30750950570342206 0.03636363636363636 0.04467680608365019
1 0.13155080213903744 0.30846007604562736 0.033155080213903745 0.0655893536121673
0 0.4927807486631016 0.3127376425855513 0.03048128342245989 0.049429657794676805
1 0.12032085561497326 0.33365019011406843 0.029946524064171122 0.053231939163498096
0 0.4754010695187166 0.33745247148288976 0.025668449197860963 0.057034220532319393
1 0.1160427807486631 0.35551330798479086 0.044919786096256686 0.055133079847908745
0 0.5106951871657754 0.3650190114068441 0.03208556149732621 0.055133079847908745
0 0.5459893048128343 0.3897338403041825 0.03636363636363636 0.051330798479087454
1 0.12807486631016043 0.3973384030418251 0.04224598930481283 0.06273764258555133
0 0.598663101604278 0.41730038022813687 0.034759358288770054 0.06463878326996197
1 0.1481283422459893 0.43298479087452474 0.044919786096256686 0.06749049429657794
0 0.6561497326203208 0.45104562737642584 0.0374331550802139 0.0655893536121673
1 0.1748663101604278 0.47338403041825095 0.0427807486631016 0.06273764258555133
0 0.7157754010695188 0.48574144486692017 0.04438502673796792 0.06273764258555133
1 0.21470588235294116 0.5080798479087453 0.04438502673796792 0.0655893536121673
0 0.7751336898395722 0.5423003802281369 0.04224598930481283 0.07699619771863118
1 0.24812834224598931 0.561787072243346 0.06096256684491978 0.06844106463878327
0 0.8275401069518716 0.598384030418251 0.06149732620320856 0.094106463878327
1 0.2745989304812834 0.625 0.046524064171122995 0.0655893536121673
0 0.8919786096256684 0.6791825095057035 0.059893048128342244 0.10361216730038023
1 0.28609625668449196 0.7034220532319392 0.06203208556149733 0.08555133079847908
0 0.9633689839572193 0.7775665399239544 0.06577540106951872 0.10076045627376426