1 0.7505494505494505 0.92822265625 0.06153846153846154 0.1279296875
1 0.32967032967032966 0.67138671875 0.027472527472527472 0.0400390625
1 0.3304945054945055 0.00390625 0.023626373626373626 0.0078125
1 0.33076923076923076 0.20751953125 0.01868131868131868 0.0302734375
1 0.3326923076923077 0.05859375 0.019230769230769232 0.05078125
1 0.33296703296703295 0.36083984375 0.025274725274725275 0.0419921875
1 0.3335164835164835 0.75927734375 0.024175824175824177 0.0400390625
1 0.33489010989010987 0.52099609375 0.02142857142857143 0.0439453125
1 0.3373626373626374 0.83154296875 0.020879120879120878 0.0517578125
1 0.33983516483516485 0.91552734375 0.022527472527472527 0.0419921875
1 0.3445054945054945 0.9873046875 0.024175824175824177 0.025390625
0 0.3848901098901099 0.37353515625 0.022527472527472527 0.0478515625
0 0.3851648351648352 0.17626953125 0.02857142857142857 0.0634765625
0 0.38653846153846155 0.4638671875 0.025824175824175823 0.06640625
0 0.38956043956043956 0.55322265625 0.02857142857142857 0.0556640625
0 0.40384615384615385 0.5849609375 0.03296703296703297 0.046875
0 0.4197802197802198 0.5205078125 0.031868131868131866 0.05859375
0 0.4340659340659341 0.4560546875 0.02967032967032967 0.06640625
0 0.45 0.35986328125 0.03736263736263736 0.0634765625
0 0.4695054945054945 0.2548828125 0.03791208791208791 0.068359375
0 0.48956043956043954 0.14599609375 0.03626373626373627 0.0810546875
0 0.5222527472527473 0.0380859375 0.04450549450549451 0.076171875
1 0.5335164835164835 0.97216796875 0.03956043956043956 0.0556640625
1 0.570054945054945 0.95166015625 0.03791208791208791 0.0849609375
1 0.6153846153846154 0.9306640625 0.04945054945054945 0.11328125