1 0.3502659574468085 0.22873345935727787 0.01648936170212766 0.03780718336483932
1 0.350531914893617 0.3553875236294896 0.02021276595744681 0.026465028355387523
1 0.35079787234042553 0.29158790170132326 0.015425531914893617 0.0444234404536862
1 0.35212765957446807 0.4919659735349716 0.023404255319148935 0.04064272211720227
1 0.3582446808510638 0.7906427221172023 0.021808510638297873 0.0444234404536862
1 0.35877659574468085 0.6356332703213611 0.022872340425531913 0.0330812854442344
1 0.3606382978723404 0.9437618147448015 0.019148936170212766 0.0444234404536862
0 0.39787234042553193 0.10633270321361059 0.02127659574468085 0.04253308128544423
0 0.39893617021276595 0.2840264650283554 0.02127659574468085 0.04064272211720227
0 0.40372340425531916 0.4546313799621928 0.022340425531914895 0.04914933837429111
0 0.4085106382978723 0.6403591682419659 0.029787234042553193 0.04253308128544423
0 0.41143617021276596 0.7367674858223062 0.021808510638297873 0.038752362948960305
0 0.4199468085106383 0.8213610586011342 0.028191489361702127 0.06805293005671077
0 0.43111702127659574 0.8553875236294896 0.027127659574468086 0.06049149338374291
0 0.4430851063829787 0.7887523629489603 0.035106382978723406 0.05198487712665406
0 0.4545212765957447 0.7254253308128544 0.03351063829787234 0.06521739130434782
0 0.4718085106382979 0.6228733459357277 0.02872340425531915 0.06805293005671077
0 0.4821808510638298 0.5226843100189036 0.040957446808510635 0.07939508506616257
0 0.5042553191489362 0.416351606805293 0.04042553191489362 0.07844990548204159
0 0.5276595744680851 0.31994328922495274 0.04148936170212766 0.06332703213610585
0 0.5569148936170213 0.23771266540642721 0.05 0.08223062381852551
0 0.5962765957446808 0.1271266540642722 0.05425531914893617 0.09546313799621928
0 0.6428191489361702 0.0330812854442344 0.04627659574468085 0.0661625708884688