0 0.927247191011236 0.983 0.07584269662921349 0.034
1 0.6365168539325843 0.2565 0.02247191011235955 0.031
1 0.5612359550561797 0.257 0.015730337078651686 0.038
1 0.5991573033707865 0.2575 0.026404494382022473 0.029
1 0.4800561797752809 0.26 0.024157303370786518 0.044
1 0.30252808988764046 0.2715 0.026404494382022473 0.041
1 0.3946629213483146 0.2725 0.019662921348314606 0.043
1 0.21151685393258426 0.276 0.026404494382022473 0.036
1 0.15337078651685393 0.281 0.028089887640449437 0.05
1 0.1098314606741573 0.2835 0.025280898876404494 0.065
1 0.054213483146067415 0.3005 0.03539325842696629 0.059
1 0.009550561797752809 0.3095 0.019101123595505618 0.057
0 0.8115168539325842 0.3405 0.024157303370786518 0.039
0 0.9120786516853933 0.3425 0.026404494382022473 0.043
0 0.9626404494382023 0.3445 0.023033707865168538 0.043
0 0.7092696629213483 0.346 0.025280898876404494 0.04
0 0.6036516853932584 0.348 0.024157303370786518 0.04
0 0.5022471910112359 0.357 0.029213483146067417 0.042
0 0.39185393258426965 0.366 0.025280898876404494 0.056
0 0.33455056179775283 0.3715 0.023033707865168538 0.041
0 0.2842696629213483 0.3875 0.04044943820224719 0.053
0 0.2640449438202247 0.4085 0.035955056179775284 0.051
0 0.30365168539325843 0.431 0.03089887640449438 0.066
0 0.34129213483146065 0.4525 0.03876404494382023 0.063
0 0.40224719101123596 0.485 0.04044943820224719 0.054
0 0.46179775280898877 0.5045 0.04719101123595506 0.077
0 0.525 0.546 0.04662921348314607 0.076
0 0.5823033707865168 0.59 0.037640449438202245 0.078
0 0.6311797752808989 0.645 0.04887640449438202 0.094
1 0.019101123595505618 0.682 0.038202247191011236 0.088
0 0.6969101123595506 0.719 0.056741573033707866 0.102
1 0.040168539325842696 0.7495 0.06573033707865168 0.093
0 0.7634831460674157 0.8065 0.060674157303370786 0.087
1 0.058146067415730335 0.837 0.06797752808988763 0.11
0 0.8435393258426966 0.909 0.06910112359550562 0.116