0 0.9236979166666667 0.9518518518518518 0.0703125 0.0962962962962963
1 0.6541666666666667 0.24675925925925926 0.020833333333333332 0.028703703703703703
1 0.584375 0.24722222222222223 0.014583333333333334 0.03518518518518519
1 0.61953125 0.24768518518518517 0.024479166666666666 0.026851851851851852
1 0.5091145833333334 0.25 0.022395833333333334 0.040740740740740744
1 0.34453125 0.26064814814814813 0.024479166666666666 0.03796296296296296
1 0.42994791666666665 0.26157407407407407 0.018229166666666668 0.03981481481481482
1 0.26015625 0.26481481481481484 0.024479166666666666 0.03333333333333333
1 0.20625 0.26944444444444443 0.026041666666666668 0.046296296296296294
1 0.16588541666666667 0.27175925925925926 0.0234375 0.06018518518518518
1 0.11432291666666666 0.2875 0.0328125 0.05462962962962963
1 0.06848958333333334 0.29583333333333334 0.0265625 0.05277777777777778
1 0.02265625 0.31342592592592594 0.028645833333333332 0.06574074074074074
0 0.81640625 0.324537037037037 0.022395833333333334 0.03611111111111111
0 0.9096354166666667 0.3263888888888889 0.024479166666666666 0.03981481481481482
0 0.9565104166666667 0.3282407407407407 0.021354166666666667 0.03981481481481482
0 0.7216145833333333 0.3296296296296296 0.0234375 0.037037037037037035
0 0.6236979166666666 0.3314814814814815 0.022395833333333334 0.037037037037037035
0 0.5296875 0.3398148148148148 0.027083333333333334 0.03888888888888889
0 0.42734375 0.34814814814814815 0.0234375 0.05185185185185185
0 0.37421875 0.35324074074074074 0.021354166666666667 0.03796296296296296
0 0.32760416666666664 0.3680555555555556 0.0375 0.049074074074074076
0 0.30885416666666665 0.3875 0.03333333333333333 0.04722222222222222
0 0.3455729166666667 0.4083333333333333 0.028645833333333332 0.06111111111111111
0 0.38046875 0.42824074074074076 0.0359375 0.058333333333333334
0 0.43697916666666664 0.4583333333333333 0.0375 0.05
0 0.4921875 0.47638888888888886 0.04375 0.0712962962962963
0 0.55078125 0.5148148148148148 0.043229166666666666 0.07037037037037037
0 0.60390625 0.5555555555555556 0.034895833333333334 0.07222222222222222
1 0.030208333333333334 0.5958333333333333 0.04895833333333333 0.075
0 0.64921875 0.6064814814814815 0.0453125 0.08703703703703704
1 0.07265625 0.6407407407407407 0.05364583333333333 0.08148148148148149
0 0.71015625 0.675 0.05260416666666667 0.09444444444444444
1 0.10130208333333333 0.7032407407407407 0.0609375 0.08611111111111111
0 0.771875 0.7560185185185185 0.05625 0.08055555555555556
1 0.11796875 0.7842592592592592 0.06302083333333333 0.10185185185185185
0 0.84609375 0.850925925925926 0.0640625 0.10740740740740741