0 0.8520833333333333 0.9310185185185185 0.06041666666666667 0.11018518518518519
0 0.7786458333333334 0.21296296296296297 0.017708333333333333 0.025925925925925925
0 0.8122395833333333 0.22314814814814815 0.0171875 0.027777777777777776
1 0.60546875 0.2361111111111111 0.024479166666666666 0.024074074074074074
0 0.84765625 0.2462962962962963 0.022395833333333334 0.03333333333333333
1 0.58984375 0.24814814814814815 0.0171875 0.037037037037037035
1 0.5549479166666667 0.24861111111111112 0.018229166666666668 0.032407407407407406
1 0.5200520833333333 0.25277777777777777 0.0234375 0.027777777777777776
1 0.44557291666666665 0.2587962962962963 0.0203125 0.030555555555555555
0 0.8924479166666667 0.26296296296296295 0.028645833333333332 0.02962962962962963
1 0.36380208333333336 0.2638888888888889 0.021354166666666667 0.03148148148148148
1 0.18984375 0.27175925925925926 0.0296875 0.041666666666666664
1 0.2794270833333333 0.2740740740740741 0.03177083333333333 0.037037037037037035
1 0.13463541666666667 0.27824074074074073 0.0234375 0.05092592592592592
0 0.9388020833333334 0.2861111111111111 0.030729166666666665 0.03888888888888889
1 0.08854166666666667 0.2865740740740741 0.028125 0.05277777777777778
1 0.033854166666666664 0.2916666666666667 0.035416666666666666 0.05
0 0.9533854166666667 0.30833333333333335 0.0265625 0.04259259259259259
0 0.9203125 0.3125 0.030208333333333334 0.04537037037037037
0 0.8809895833333333 0.31666666666666665 0.0265625 0.044444444444444446
0 0.8364583333333333 0.31805555555555554 0.029166666666666667 0.041666666666666664
0 0.74453125 0.32083333333333336 0.024479166666666666 0.04722222222222222
0 0.65546875 0.32916666666666666 0.0234375 0.04537037037037037
0 0.5614583333333333 0.33240740740740743 0.026041666666666668 0.03888888888888889
0 0.4674479166666667 0.3421296296296296 0.030729166666666665 0.03425925925925926
0 0.3611979166666667 0.35462962962962963 0.0265625 0.046296296296296294
0 0.30859375 0.35555555555555557 0.027604166666666666 0.04814814814814815
0 0.25677083333333334 0.37037037037037035 0.03125 0.044444444444444446
0 0.24270833333333333 0.40046296296296297 0.034375 0.05462962962962963
0 0.2794270833333333 0.4203703703703704 0.0421875 0.04814814814814815
0 0.31640625 0.43842592592592594 0.030729166666666665 0.06018518518518518
0 0.37213541666666666 0.4648148148148148 0.04010416666666667 0.06296296296296296
0 0.4283854166666667 0.48703703703703705 0.03802083333333333 0.07037037037037037
0 0.48854166666666665 0.5180555555555556 0.03854166666666667 0.062037037037037036
0 0.53984375 0.5560185185185185 0.0421875 0.06388888888888888
0 0.5895833333333333 0.6092592592592593 0.04583333333333333 0.06851851851851852
1 0.011197916666666667 0.6546296296296297 0.022395833333333334 0.07222222222222222
0 0.646875 0.6768518518518518 0.04583333333333333 0.07962962962962963
1 0.026302083333333334 0.725925925925926 0.05260416666666667 0.08703703703703704
0 0.7033854166666667 0.749537037037037 0.05677083333333333 0.08611111111111111
1 0.04739583333333333 0.8185185185185185 0.08541666666666667 0.1
0 0.7778645833333333 0.8347222222222223 0.06302083333333333 0.10277777777777777