1 0.6418764302059496 0.6960285132382892 0.014874141876430207 0.04786150712830957
1 0.6344393592677345 0.6654786150712831 0.02288329519450801 0.03360488798370672
1 0.6341533180778032 0.5972505091649695 0.02002288329519451 0.035641547861507125
1 0.631578947368421 0.5290224032586558 0.017162471395881007 0.045824847250509164
1 0.6278604118993135 0.3834012219959267 0.01887871853546911 0.03971486761710794
1 0.6247139588100686 0.2235234215885947 0.019450800915331808 0.04175152749490835
1 0.618421052631579 0.05855397148676171 0.02288329519450801 0.062118126272912425
0 0.5895308924485125 0.9679226069246436 0.02917620137299771 0.04786150712830957
0 0.5843821510297483 0.7937881873727087 0.02803203661327231 0.045824847250509164
0 0.5823798627002288 0.609979633401222 0.02402745995423341 0.05091649694501019
0 0.5763729977116705 0.42617107942973526 0.02116704805491991 0.06008146639511202
0 0.568649885583524 0.21843177189409368 0.028604118993135013 0.051934826883910386
0 0.5680778032036613 0.11558044806517312 0.029748283752860413 0.0539714867617108
0 0.5589244851258581 0.02240325865580448 0.02745995423340961 0.04480651731160896
0 0.5403318077803204 0.010183299389002037 0.033752860411899316 0.020366598778004074
0 0.5280320366132724 0.05855397148676171 0.029748283752860413 0.0824847250509165
0 0.5168764302059496 0.13085539714867617 0.03718535469107551 0.06008146639511202
0 0.5005720823798627 0.23981670061099797 0.038901601830663615 0.07841140529531568
0 0.4868421052631579 0.34979633401221993 0.043478260869565216 0.07433808553971487
0 0.4676773455377574 0.46741344195519346 0.03832951945080092 0.07535641547861507
0 0.44422196796338675 0.5677189409368636 0.039473684210526314 0.0824847250509165
0 0.41132723112128144 0.664969450101833 0.04233409610983982 0.08961303462321792
0 0.3695652173913043 0.7769857433808554 0.04919908466819222 0.08961303462321792
0 0.3246567505720824 0.8874745417515275 0.05320366132723112 0.1109979633401222
0 0.27202517162471396 0.9857433808553971 0.06350114416475973 0.028513238289205704