0 0.689419795221843 0.9878542510121457 0.015927189988623434 0.024291497975708502
1 0.6751990898748578 0.6563765182186235 0.01478953356086462 0.04757085020242915
1 0.6678043230944255 0.6260121457489879 0.022753128555176336 0.03340080971659919
1 0.6675199089874858 0.5581983805668016 0.019908987485779295 0.0354251012145749
1 0.6649601820250285 0.49038461538461536 0.017064846416382253 0.04554655870445344
1 0.6612627986348123 0.3456477732793522 0.01877133105802048 0.039473684210526314
1 0.6581342434584755 0.1867408906882591 0.019340159271899887 0.04149797570850203
1 0.6518771331058021 0.026821862348178137 0.022753128555176336 0.053643724696356275
0 0.623151308304892 0.9266194331983806 0.02901023890784983 0.04757085020242915
0 0.6180318543799772 0.7535425101214575 0.027872582480091012 0.04554655870445344
0 0.6160409556313993 0.5708502024291497 0.023890784982935155 0.05060728744939271
0 0.6100682593856656 0.3881578947368421 0.02104664391353811 0.0597165991902834
0 0.6023890784982935 0.18168016194331985 0.02844141069397042 0.05161943319838057
0 0.6018202502844141 0.07945344129554656 0.02957906712172924 0.053643724696356275
0 0.5620022753128555 0.03188259109311741 0.02957906712172924 0.06376518218623482
0 0.550910125142207 0.09463562753036438 0.036973833902161544 0.0597165991902834
0 0.534698521046644 0.2029352226720648 0.038680318543799774 0.07793522267206478
0 0.5210466439135382 0.31224696356275305 0.04323094425483504 0.07388663967611336
0 0.5019908987485779 0.4291497975708502 0.03811149032992037 0.07489878542510121
0 0.4786689419795222 0.5288461538461539 0.03924914675767918 0.08198380566801619
0 0.4459613196814562 0.6255060728744939 0.04209328782707622 0.08906882591093117
0 0.4044368600682594 0.7368421052631579 0.048919226393629126 0.08906882591093117
0 0.3597838452787258 0.84665991902834 0.052901023890784986 0.11032388663967611
0 0.30745164960182025 0.965080971659919 0.06313993174061433 0.06983805668016195