0 0.7625 0.9351851851851852 0.06458333333333334 0.10740740740740741
0 0.7130208333333333 0.24074074074074073 0.015625 0.020370370370370372
1 0.5197916666666667 0.262037037037037 0.015625 0.024074074074074074
0 0.7489583333333333 0.2625 0.01875 0.023148148148148147
1 0.46953125 0.27037037037037037 0.016145833333333335 0.025925925925925925
1 0.503125 0.27037037037037037 0.013541666666666667 0.044444444444444446
0 0.79375 0.27685185185185185 0.017708333333333333 0.02962962962962963
1 0.43359375 0.27685185185185185 0.0171875 0.024074074074074074
1 0.35625 0.28379629629629627 0.023958333333333335 0.025
1 0.27682291666666664 0.2949074074074074 0.016145833333333335 0.032407407407407406
0 0.8369791666666667 0.30092592592592593 0.021875 0.03148148148148148
1 0.18151041666666667 0.3055555555555556 0.0234375 0.040740740740740744
1 0.08984375 0.3074074074074074 0.027604166666666666 0.044444444444444446
1 0.02578125 0.31157407407407406 0.024479166666666666 0.04351851851851852
0 0.8455729166666667 0.3162037037037037 0.0203125 0.032407407407407406
0 0.8177083333333334 0.32592592592592595 0.021875 0.03333333333333333
0 0.78046875 0.3314814814814815 0.0234375 0.03333333333333333
0 0.7401041666666667 0.33611111111111114 0.021875 0.027777777777777776
0 0.65546875 0.34120370370370373 0.0234375 0.028703703703703703
0 0.5671875 0.3490740740740741 0.026041666666666668 0.03888888888888889
0 0.4752604166666667 0.3592592592592593 0.0265625 0.03518518518518519
0 0.3807291666666667 0.3726851851851852 0.027083333333333334 0.041666666666666664
0 0.27109375 0.3861111111111111 0.03177083333333333 0.04259259259259259
0 0.21484375 0.39351851851851855 0.028645833333333332 0.05185185185185185
0 0.16197916666666667 0.4101851851851852 0.028125 0.05
0 0.14192708333333334 0.43425925925925923 0.0359375 0.053703703703703705
0 0.18411458333333333 0.45740740740740743 0.034895833333333334 0.05740740740740741
0 0.22265625 0.4759259259259259 0.0359375 0.05
0 0.28411458333333334 0.49444444444444446 0.043229166666666666 0.05185185185185185
0 0.34322916666666664 0.5143518518518518 0.03333333333333333 0.05277777777777778
0 0.40390625 0.5449074074074074 0.0484375 0.06018518518518518
0 0.45625 0.5851851851851851 0.04479166666666667 0.06296296296296296
0 0.5059895833333333 0.6375 0.043229166666666666 0.0787037037037037
0 0.5614583333333333 0.6930555555555555 0.04791666666666667 0.0824074074074074
0 0.6229166666666667 0.7550925925925925 0.051041666666666666 0.08796296296296297
0 0.6890625 0.8425925925925926 0.06979166666666667 0.08888888888888889