0 0.7508196721311475 0.05533980582524272 0.06120218579234973 0.11067961165048544
0 0.34207650273224044 0.14271844660194175 0.012021857923497269 0.02912621359223301
1 0.3546448087431694 0.5029126213592233 0.014207650273224045 0.02912621359223301
0 0.3549180327868853 0.07572815533980583 0.01366120218579235 0.03495145631067961
1 0.35956284153005463 0.5966019417475729 0.015300546448087432 0.030097087378640777
1 0.35956284153005463 0.5339805825242718 0.02622950819672131 0.02524271844660194
0 0.3633879781420765 0.004368932038834952 0.017486338797814208 0.008737864077669903
1 0.3633879781420765 0.6635922330097087 0.014207650273224045 0.03203883495145631
1 0.3674863387978142 0.8077669902912621 0.014754098360655738 0.04466019417475728
1 0.37404371584699453 0.9558252427184466 0.01912568306010929 0.030097087378640777
0 0.39562841530054643 0.019417475728155338 0.019672131147540985 0.038834951456310676
0 0.3983606557377049 0.09223300970873786 0.01639344262295082 0.040776699029126215
0 0.40136612021857926 0.25 0.016939890710382512 0.043689320388349516
0 0.4060109289617486 0.4145631067961165 0.022950819672131147 0.04854368932038835
0 0.41202185792349727 0.5859223300970874 0.020765027322404372 0.04951456310679612
0 0.4199453551912568 0.7621359223300971 0.02459016393442623 0.05048543689320388
0 0.4278688524590164 0.9665048543689321 0.025136612021857924 0.059223300970873784
0 0.4918032786885246 0.9422330097087379 0.030601092896174863 0.08058252427184466
0 0.503551912568306 0.8320388349514564 0.03114754098360656 0.062135922330097085
0 0.5215846994535519 0.7189320388349515 0.03551912568306011 0.09029126213592233
0 0.5453551912568306 0.6213592233009708 0.03715846994535519 0.08349514563106795
0 0.5762295081967214 0.5286407766990291 0.04644808743169399 0.08058252427184466
0 0.6090163934426229 0.42524271844660194 0.048633879781420766 0.08932038834951456
0 0.6456284153005465 0.3106796116504854 0.05191256830601093 0.09514563106796116
0 0.6972677595628415 0.18737864077669902 0.05245901639344262 0.13009708737864079