0 0.7796791443850267 0.9500950570342205 0.06631016042780749 0.09980988593155894
0 0.7288770053475936 0.2423954372623574 0.016042780748663103 0.02091254752851711
1 0.5304812834224599 0.26425855513307983 0.016042780748663103 0.024714828897338403
0 0.7657754010695187 0.2647338403041825 0.019251336898395723 0.02376425855513308
1 0.4788770053475936 0.27281368821292773 0.016577540106951873 0.026615969581749048
1 0.5133689839572193 0.27281368821292773 0.013903743315508022 0.045627376425855515
0 0.8117647058823529 0.279467680608365 0.01818181818181818 0.030418250950570342
1 0.44197860962566843 0.279467680608365 0.01764705882352941 0.024714828897338403
1 0.3625668449197861 0.28659695817490494 0.02459893048128342 0.025665399239543727
1 0.28101604278074865 0.2980038022813688 0.016577540106951873 0.03326996197718631
0 0.8561497326203209 0.3041825095057034 0.022459893048128343 0.03231939163498099
1 0.18315508021390375 0.30893536121673004 0.02406417112299465 0.04182509505703422
1 0.08903743315508021 0.3108365019011407 0.028342245989304814 0.045627376425855515
1 0.023262032085561497 0.31511406844106465 0.025133689839572194 0.04467680608365019
0 0.8649732620320856 0.3198669201520912 0.02085561497326203 0.03326996197718631
0 0.8363636363636363 0.32984790874524716 0.022459893048128343 0.034220532319391636
0 0.7981283422459893 0.3355513307984791 0.02406417112299465 0.034220532319391636
0 0.7566844919786097 0.3403041825095057 0.022459893048128343 0.028517110266159697
0 0.6697860962566845 0.345532319391635 0.02406417112299465 0.029467680608365018
0 0.5791443850267379 0.35361216730038025 0.026737967914438502 0.039923954372623575
0 0.48475935828877004 0.36406844106463876 0.02727272727272727 0.03612167300380228
0 0.3877005347593583 0.37785171102661597 0.027807486631016044 0.04277566539923954
0 0.2751336898395722 0.3916349809885932 0.032620320855614976 0.043726235741444866
0 0.21737967914438502 0.39923954372623577 0.029411764705882353 0.053231939163498096
0 0.16310160427807488 0.41634980988593157 0.028877005347593583 0.051330798479087454
0 0.14251336898395722 0.44106463878326996 0.03689839572192513 0.055133079847908745
0 0.1858288770053476 0.46482889733840305 0.03582887700534759 0.058935361216730035
0 0.22540106951871658 0.4838403041825095 0.03689839572192513 0.051330798479087454
0 0.28850267379679145 0.502851711026616 0.04438502673796792 0.053231939163498096
0 0.34919786096256683 0.5232889733840305 0.034224598930481284 0.05418250950570342
0 0.41149732620320856 0.5546577946768061 0.04973262032085562 0.06178707224334601
0 0.46524064171123 0.5960076045627376 0.045989304812834225 0.06463878326996197
0 0.5163101604278075 0.6497148288973384 0.04438502673796792 0.08079847908745247
0 0.5732620320855615 0.7067490494296578 0.04919786096256684 0.08460076045627377
0 0.6363636363636364 0.7704372623574145 0.052406417112299465 0.0903041825095057
0 0.7042780748663101 0.8602661596958175 0.07165775401069518 0.09125475285171103