0 0.65 0.8818525519848771 0.01276595744680851 0.034026465028355386
0 0.638563829787234 0.9475425330812854 0.013297872340425532 0.03497164461247637
1 0.638031914893617 0.52882797731569 0.01648936170212766 0.0330812854442344
1 0.6321808510638298 0.5004725897920604 0.015425531914893617 0.02930056710775047
1 0.6308510638297873 0.44045368620037806 0.015957446808510637 0.035916824196597356
1 0.6287234042553191 0.3766540642722117 0.014893617021276596 0.036862003780718335
1 0.622872340425532 0.24054820415879016 0.015957446808510637 0.04064272211720227
1 0.6180851063829788 0.08506616257088846 0.015957446808510637 0.03969754253308128
0 0.5986702127659574 0.9910207939508506 0.019680851063829788 0.017958412098298678
0 0.5973404255319149 0.9328922495274102 0.015957446808510637 0.035916824196597356
0 0.5912234042553192 0.7764650283553876 0.019680851063829788 0.04253308128544423
0 0.586968085106383 0.6186200378071833 0.022872340425531913 0.03497164461247637
0 0.5835106382978723 0.45226843100189035 0.02021276595744681 0.04064272211720227
0 0.5742021276595745 0.27551984877126656 0.02074468085106383 0.048204158790170135
0 0.5648936170212766 0.07986767485822306 0.02446808510638298 0.057655954631379965
0 0.511436170212766 0.00945179584120983 0.03351063829787234 0.01890359168241966
0 0.5015957446808511 0.10066162570888469 0.039361702127659576 0.06143667296786389
0 0.4875 0.2112476370510397 0.025 0.06899810964083176
0 0.474468085106383 0.31568998109640833 0.04042553191489362 0.06427221172022685
0 0.4521276595744681 0.41351606805293006 0.036170212765957444 0.07088846880907372
0 0.4223404255319149 0.5051984877126654 0.04148936170212766 0.08034026465028356
0 0.39095744680851063 0.6030245746691871 0.039361702127659576 0.09829867674858223
0 0.3523936170212766 0.7206994328922496 0.05372340425531915 0.10491493383742911
0 0.3071808510638298 0.8449905482041588 0.05159574468085106 0.10396975425330812
0 0.2579787234042553 0.9484877126654064 0.0627659574468085 0.10302457466918714