0 0.7083333333333334 0.24074074074074073 0.01875 0.022222222222222223
0 0.74453125 0.26064814814814813 0.019270833333333334 0.023148148148148147
1 0.5138020833333333 0.26157407407407407 0.018229166666666668 0.028703703703703703
1 0.4981770833333333 0.27175925925925926 0.016145833333333335 0.026851851851851852
1 0.46510416666666665 0.2740740740740741 0.019791666666666666 0.027777777777777776
0 0.7890625 0.2773148148148148 0.021875 0.030555555555555555
1 0.42994791666666665 0.2777777777777778 0.0203125 0.025925925925925925
1 0.35494791666666664 0.287962962962963 0.022395833333333334 0.027777777777777776
1 0.26927083333333335 0.2962962962962963 0.021875 0.027777777777777776
0 0.8338541666666667 0.3 0.021875 0.025925925925925925
1 0.17838541666666666 0.30694444444444446 0.025520833333333333 0.028703703703703703
1 0.08151041666666667 0.3138888888888889 0.0296875 0.02962962962962963
0 0.84140625 0.3189814814814815 0.025520833333333333 0.032407407407407406
0 0.8138020833333334 0.32407407407407407 0.024479166666666666 0.037037037037037035
1 0.022718750000000003 0.3243425925925926 0.027604166666666666 0.03518518518518519
0 0.7752604166666667 0.3300925925925926 0.0234375 0.03425925925925926
0 0.7364583333333333 0.33240740740740743 0.019791666666666666 0.027777777777777776
0 0.6502604166666667 0.34305555555555556 0.0234375 0.03425925925925926
0 0.56328125 0.350462962962963 0.019270833333333334 0.03981481481481482
0 0.47161458333333334 0.35648148148148145 0.022395833333333334 0.03518518518518519
0 0.37421875 0.3726851851851852 0.0265625 0.03611111111111111
0 0.26640625 0.3888888888888889 0.03177083333333333 0.04259259259259259
0 0.20885416666666667 0.3958333333333333 0.026041666666666668 0.04351851851851852
0 0.15520833333333334 0.4134259259259259 0.03333333333333333 0.03796296296296296
0 0.13932291666666666 0.4449074074074074 0.033854166666666664 0.049074074074074076
0 0.17708333333333334 0.4634259259259259 0.03333333333333333 0.05462962962962963
0 0.2171875 0.48194444444444445 0.03125 0.058333333333333334
0 0.27786458333333336 0.49907407407407406 0.033854166666666664 0.06851851851851852
0 0.33880208333333334 0.5236111111111111 0.03802083333333333 0.04351851851851852
0 0.3963541666666667 0.5462962962962963 0.035416666666666666 0.07037037037037037
0 0.45026041666666666 0.5851851851851851 0.0390625 0.06296296296296296
0 0.50078125 0.6370370370370371 0.044270833333333336 0.07222222222222222
0 0.5546875 0.6916666666666667 0.05416666666666667 0.06851851851851852
0 0.61953125 0.7587962962962963 0.0578125 0.09351851851851851
0 0.6880208333333333 0.8375 0.057291666666666664 0.08981481481481482
0 0.7549479166666667 0.9231481481481482 0.0765625 0.10925925925925926