0 0.3545945945945946 0.14615384615384616 0.012972972972972972 0.03461538461538462
0 0.3662162162162162 0.07932692307692307 0.013513513513513514 0.035576923076923075
1 0.36675675675675673 0.5052884615384615 0.016756756756756756 0.03365384615384615
1 0.3727027027027027 0.5341346153846154 0.015675675675675675 0.02980769230769231
1 0.37405405405405406 0.5951923076923077 0.016216216216216217 0.03653846153846154
0 0.37594594594594594 0.008653846153846154 0.01783783783783784 0.01730769230769231
1 0.3762162162162162 0.6600961538461538 0.015135135135135135 0.0375
1 0.38216216216216214 0.7985576923076924 0.016216216216216217 0.041346153846153845
1 0.387027027027027 0.9567307692307693 0.016216216216216217 0.04038461538461539
0 0.40675675675675677 0.022596153846153846 0.02 0.04326923076923077
0 0.4081081081081081 0.09423076923076923 0.016216216216216217 0.03653846153846154
0 0.4143243243243243 0.2533653846153846 0.02 0.04326923076923077
0 0.41864864864864865 0.41394230769230766 0.023243243243243242 0.035576923076923075
0 0.4221621621621622 0.583173076923077 0.02054054054054054 0.041346153846153845
0 0.4316216216216216 0.7629807692307692 0.02108108108108108 0.04903846153846154
0 0.4410810810810811 0.9620192307692308 0.024864864864864864 0.058653846153846154
0 0.5054054054054054 0.9408653846153846 0.04 0.0625
0 0.5197297297297298 0.8283653846153847 0.025405405405405406 0.07019230769230769
0 0.532972972972973 0.7221153846153846 0.04108108108108108 0.06538461538461539
0 0.5556756756756757 0.6225961538461539 0.036756756756756756 0.07211538461538461
0 0.585945945945946 0.5293269230769231 0.04216216216216216 0.08173076923076923
0 0.6178378378378379 0.42980769230769234 0.04 0.1
0 0.657027027027027 0.31009615384615385 0.05459459459459459 0.10673076923076923
0 0.702972972972973 0.18365384615384617 0.05243243243243243 0.10576923076923077
0 0.7510810810810811 0.06538461538461539 0.06 0.13076923076923078