0 0.7084745762711865 0.954225352112676 0.07570621468926554 0.09154929577464789
0 0.68954802259887 0.23843058350100604 0.022033898305084745 0.026156941649899398
1 0.4440677966101695 0.24748490945674045 0.023728813559322035 0.028169014084507043
1 0.42598870056497173 0.25704225352112675 0.023728813559322035 0.02716297786720322
0 0.7347457627118644 0.25855130784708247 0.025423728813559324 0.030181086519114688
1 0.39011299435028246 0.2625754527162978 0.01864406779661017 0.030181086519114688
1 0.35112994350282484 0.2681086519114688 0.020903954802259886 0.035211267605633804
0 0.7796610169491526 0.27716297786720323 0.024858757062146894 0.029175050301810865
1 0.2649717514124294 0.27867203219315895 0.02598870056497175 0.03219315895372234
1 0.16836158192090395 0.29577464788732394 0.02598870056497175 0.03219315895372234
0 0.788135593220339 0.29678068410462777 0.02937853107344633 0.030181086519114688
0 0.7596045197740113 0.3023138832997988 0.024293785310734464 0.03319919517102616
0 0.7217514124293786 0.3118712273641851 0.023163841807909605 0.03420523138832998
1 0.061581920903954805 0.31287726358148893 0.024858757062146894 0.04426559356136821
0 0.6802259887005649 0.317907444668008 0.022598870056497175 0.03219315895372234
0 0.5918079096045198 0.3274647887323944 0.023163841807909605 0.035211267605633804
0 0.4977401129943503 0.3375251509054326 0.02711864406779661 0.04929577464788732
0 0.39519774011299436 0.3516096579476861 0.0288135593220339 0.047283702213279676
0 0.28757062146892653 0.3722334004024145 0.0327683615819209 0.04627766599597585
0 0.16468926553672317 0.3998993963782696 0.0423728813559322 0.05533199195171026
0 0.09661016949152543 0.4134808853118712 0.03615819209039548 0.04627766599597585
0 0.03220338983050847 0.432092555331992 0.03728813559322034 0.04929577464788732
0 0.01638418079096045 0.4647887323943662 0.0327683615819209 0.05432595573440644
0 0.06073446327683616 0.482897384305835 0.03898305084745763 0.05835010060362173
0 0.10762711864406779 0.5030181086519114 0.03898305084745763 0.060362173038229376
0 0.17598870056497176 0.5221327967806841 0.04124293785310734 0.05835010060362173
0 0.2457627118644068 0.5422535211267606 0.04745762711864407 0.07243460764587525
0 0.3112994350282486 0.5669014084507042 0.03502824858757062 0.05533199195171026
0 0.3757062146892655 0.6061368209255533 0.04406779661016949 0.06338028169014084
0 0.434180790960452 0.6599597585513078 0.0423728813559322 0.07243460764587525
0 0.4909604519774011 0.7072434607645876 0.04858757062146893 0.09054325955734406
0 0.5556497175141243 0.7892354124748491 0.059322033898305086 0.079476861167002
0 0.631638418079096 0.8707243460764588 0.06327683615819209 0.08953722334004025