0 0.7549450549450549 0.1884765625 0.05274725274725275 0.130859375
0 0.3626373626373626 0.22119140625 0.014285714285714285 0.0380859375
1 0.3675824175824176 0.6455078125 0.015384615384615385 0.041015625
1 0.3728021978021978 0.6767578125 0.014835164835164835 0.041015625
0 0.37362637362637363 0.14306640625 0.016483516483516484 0.0439453125
1 0.3758241758241758 0.73876953125 0.016483516483516484 0.0322265625
1 0.37884615384615383 0.80615234375 0.019230769230769232 0.0361328125
0 0.3837912087912088 0.0654296875 0.015934065934065933 0.04296875
1 0.38461538461538464 0.955078125 0.017582417582417582 0.044921875
0 0.3945054945054945 0.05078125 0.016483516483516484 0.05078125
0 0.3975274725274725 0.10009765625 0.018131868131868133 0.0419921875
0 0.40274725274725276 0.16552734375 0.01868131868131868 0.0400390625
0 0.40604395604395604 0.2373046875 0.017582417582417582 0.0390625
0 0.41126373626373625 0.39013671875 0.019230769230769232 0.0400390625
0 0.4167582417582418 0.552734375 0.026923076923076925 0.046875
0 0.42445054945054944 0.72998046875 0.025824175824175823 0.0498046875
0 0.4357142857142857 0.916015625 0.025274725274725275 0.056640625
0 0.5285714285714286 0.9736328125 0.03956043956043956 0.052734375
0 0.542032967032967 0.875 0.03021978021978022 0.060546875
0 0.5634615384615385 0.763671875 0.03461538461538462 0.076171875
0 0.5928571428571429 0.66259765625 0.03956043956043956 0.0732421875
0 0.6186813186813187 0.564453125 0.04945054945054945 0.083984375
0 0.6634615384615384 0.45263671875 0.043406593406593405 0.1025390625
0 0.707967032967033 0.3212890625 0.0489010989010989 0.109375