0 0.7593085106382979 0.20226843100189035 0.04414893617021277 0.10964083175803403
1 0.3805851063829787 0.6535916824196597 0.014361702127659574 0.04064272211720227
0 0.38430851063829785 0.23724007561436672 0.014361702127659574 0.02835538752362949
1 0.3893617021276596 0.6455576559546313 0.01276595744680851 0.030245746691871456
0 0.39361702127659576 0.16304347826086957 0.014893617021276596 0.03497164461247637
1 0.39441489361702126 0.6772211720226843 0.015425531914893617 0.02930056710775047
1 0.3973404255319149 0.7381852551984878 0.01702127659574468 0.03780718336483932
1 0.400531914893617 0.803875236294896 0.015957446808510637 0.04064272211720227
0 0.40452127659574466 0.08695652173913043 0.01648936170212766 0.034026465028355386
1 0.40585106382978725 0.9489603024574669 0.02021276595744681 0.04158790170132325
0 0.4162234042553192 0.07041587901701324 0.01648936170212766 0.0444234404536862
0 0.4194148936170213 0.11956521739130435 0.018617021276595744 0.03497164461247637
0 0.4220744680851064 0.1833648393194707 0.01648936170212766 0.03969754253308128
0 0.425531914893617 0.2533081285444234 0.015957446808510637 0.03969754253308128
0 0.4321808510638298 0.40217391304347827 0.023936170212765957 0.036862003780718335
0 0.4398936170212766 0.554820415879017 0.026595744680851064 0.034026465028355386
0 0.4441489361702128 0.7282608695652174 0.022340425531914895 0.046313799621928164
0 0.45611702127659576 0.9092627599243857 0.022872340425531913 0.052930056710775046
0 0.5462765957446809 0.9706994328922496 0.03404255319148936 0.05860113421550094
0 0.5601063829787234 0.8709829867674859 0.036170212765957444 0.07088846880907372
0 0.5843085106382979 0.7670132325141777 0.034574468085106384 0.07466918714555766
0 0.6101063829787234 0.6691871455576559 0.04042553191489362 0.08128544423440454
0 0.6382978723404256 0.5680529300567108 0.036170212765957444 0.07939508506616257
0 0.6781914893617021 0.45746691871455575 0.04893617021276596 0.08695652173913043
0 0.7204787234042553 0.333648393194707 0.056914893617021275 0.10586011342155009