0 0.685 0.974802371541502 0.06444444444444444 0.05039525691699605
1 0.4197222222222222 0.28705533596837945 0.02388888888888889 0.0266798418972332
0 0.6644444444444444 0.2939723320158103 0.016666666666666666 0.0266798418972332
1 0.42444444444444446 0.30335968379446643 0.017777777777777778 0.023715415019762844
0 0.7080555555555555 0.31126482213438733 0.020555555555555556 0.02766798418972332
1 0.4058333333333333 0.31274703557312256 0.017222222222222222 0.02865612648221344
1 0.37 0.3181818181818182 0.022222222222222223 0.03162055335968379
1 0.3313888888888889 0.3241106719367589 0.02388888888888889 0.029644268774703556
0 0.7527777777777778 0.33152173913043476 0.02 0.030632411067193676
1 0.2461111111111111 0.3339920948616601 0.024444444444444446 0.037549407114624504
1 0.1502777777777778 0.34881422924901184 0.02722222222222222 0.03162055335968379
0 0.7625 0.3532608695652174 0.026111111111111113 0.030632411067193676
0 0.7336111111111111 0.3591897233201581 0.020555555555555556 0.03458498023715415
0 0.6961111111111111 0.3641304347826087 0.023333333333333334 0.030632411067193676
1 0.042777777777777776 0.36561264822134387 0.023333333333333334 0.03359683794466403
0 0.655 0.3705533596837945 0.023333333333333334 0.029644268774703556
0 0.5675 0.38290513833992096 0.021666666666666667 0.044466403162055336
0 0.4777777777777778 0.39723320158102765 0.02 0.04940711462450593
0 0.37583333333333335 0.4051383399209486 0.02722222222222222 0.041501976284584984
0 0.26944444444444443 0.42737154150197626 0.03111111111111111 0.042490118577075096
0 0.14833333333333334 0.45454545454545453 0.034444444444444444 0.05138339920948617
0 0.08222222222222222 0.4609683794466403 0.03 0.05434782608695652
0 0.01888888888888889 0.4827075098814229 0.03666666666666667 0.05237154150197629
0 0.009722222222222222 0.5222332015810277 0.019444444444444445 0.05434782608695652
0 0.04527777777777778 0.5400197628458498 0.03611111111111111 0.05039525691699605
0 0.08861111111111111 0.5587944664031621 0.03388888888888889 0.05039525691699605
0 0.15666666666666668 0.5825098814229249 0.044444444444444446 0.06422924901185771
0 0.2263888888888889 0.5948616600790514 0.04833333333333333 0.06324110671936758
0 0.29194444444444445 0.6205533596837944 0.041666666666666664 0.06719367588932806
0 0.35305555555555557 0.6655138339920948 0.04388888888888889 0.06422924901185771
0 0.41055555555555556 0.7134387351778656 0.04777777777777778 0.07509881422924901
0 0.47 0.7658102766798419 0.04666666666666667 0.06719367588932806
0 0.535 0.8399209486166008 0.051111111111111114 0.09090909090909091
0 0.6077777777777778 0.9184782608695652 0.06222222222222222 0.10573122529644269