0 0.6413978494623656 0.9660611854684512 0.06451612903225806 0.06787762906309751
1 0.3903225806451613 0.28680688336520077 0.024731182795698924 0.028680688336520075
0 0.6266129032258064 0.2954110898661568 0.01989247311827957 0.028680688336520075
1 0.3932795698924731 0.30736137667304014 0.020967741935483872 0.027724665391969407
0 0.6693548387096774 0.31166347992351817 0.017204301075268817 0.028680688336520075
1 0.37768817204301075 0.3140535372848948 0.01881720430107527 0.0372848948374761
1 0.3424731182795699 0.3193116634799235 0.02043010752688172 0.03824091778202677
1 0.30349462365591395 0.32504780114722753 0.01881720430107527 0.03441682600382409
0 0.7126344086021505 0.3303059273422562 0.01881720430107527 0.027724665391969407
1 0.2196236559139785 0.3350860420650096 0.01989247311827957 0.033460803059273424
0 0.7196236559139785 0.3513384321223709 0.027419354838709678 0.03154875717017208
1 0.12688172043010754 0.3513384321223709 0.025806451612903226 0.03537284894837476
0 0.6919354838709677 0.3580305927342256 0.02258064516129032 0.03537284894837476
0 0.657258064516129 0.36663479923518166 0.024193548387096774 0.03537284894837476
1 0.022311827956989248 0.36950286806883365 0.02849462365591398 0.04110898661567878
0 0.6174731182795699 0.369980879541109 0.025268817204301075 0.036328871892925434
0 0.5338709677419354 0.380019120458891 0.024731182795698924 0.0372848948374761
0 0.44623655913978494 0.39579349904397704 0.02795698924731183 0.036328871892925434
0 0.3481182795698925 0.4077437858508604 0.027419354838709678 0.044933078393881457
0 0.24247311827956988 0.42638623326959846 0.03870967741935484 0.040152963671128104
0 0.1228494623655914 0.4483747609942639 0.043548387096774194 0.05353728489483748
0 0.05725806451612903 0.4684512428298279 0.032795698924731186 0.05736137667304015
0 0.0064516129032258064 0.4837476099426386 0.012903225806451613 0.055449330783938815
0 0.01989247311827957 0.5420650095602294 0.03978494623655914 0.06118546845124283
0 0.06586021505376344 0.5468451242829828 0.03924731182795699 0.05927342256214149
0 0.1338709677419355 0.5740917782026769 0.04086021505376344 0.06022944550669216
0 0.20053763440860214 0.5908221797323135 0.04946236559139785 0.06309751434034416
0 0.26586021505376345 0.6161567877629063 0.05 0.06596558317399617
0 0.3260752688172043 0.6472275334608031 0.0478494623655914 0.06692160611854685
0 0.3793010752688172 0.6969407265774379 0.0489247311827957 0.07265774378585087
0 0.43548387096774194 0.7547801147227533 0.05806451612903226 0.08891013384321224
0 0.4989247311827957 0.8197896749521989 0.05161290322580645 0.09082217973231357
0 0.5696236559139785 0.9010516252390057 0.05860215053763441 0.09082217973231357