0 0.6416666666666667 0.9606481481481481 0.0625 0.0787037037037037
1 0.3984375 0.2962962962962963 0.023958333333333335 0.027777777777777776
0 0.62734375 0.30462962962962964 0.019270833333333334 0.027777777777777776
1 0.40130208333333334 0.3162037037037037 0.0203125 0.026851851851851852
0 0.66875 0.32037037037037036 0.016666666666666666 0.027777777777777776
1 0.38619791666666664 0.3226851851851852 0.018229166666666668 0.03611111111111111
1 0.35208333333333336 0.3277777777777778 0.019791666666666666 0.037037037037037035
1 0.3143229166666667 0.3333333333333333 0.018229166666666668 0.03333333333333333
0 0.7106770833333333 0.3384259259259259 0.018229166666666668 0.026851851851851852
1 0.23307291666666666 0.34305555555555556 0.019270833333333334 0.032407407407407406
0 0.7174479166666666 0.3587962962962963 0.0265625 0.030555555555555555
1 0.14322916666666666 0.3587962962962963 0.025 0.03425925925925926
0 0.690625 0.36527777777777776 0.021875 0.03425925925925926
0 0.65703125 0.3736111111111111 0.0234375 0.03425925925925926
1 0.04192708333333333 0.3763888888888889 0.027604166666666666 0.03981481481481482
0 0.6184895833333334 0.3768518518518518 0.024479166666666666 0.03518518518518519
0 0.5375 0.38657407407407407 0.023958333333333335 0.03611111111111111
0 0.45260416666666664 0.40185185185185185 0.027083333333333334 0.03518518518518519
0 0.3575520833333333 0.4134259259259259 0.0265625 0.04351851851851852
0 0.2552083333333333 0.43148148148148147 0.0375 0.03888888888888889
0 0.13932291666666666 0.4527777777777778 0.0421875 0.05185185185185185
0 0.07578125 0.4722222222222222 0.03177083333333333 0.05555555555555555
0 0.016666666666666666 0.48703703703703705 0.03229166666666667 0.053703703703703705
0 0.008333333333333333 0.5194444444444445 0.016666666666666666 0.044444444444444446
0 0.03958333333333333 0.5435185185185185 0.03854166666666667 0.05925925925925926
0 0.08411458333333334 0.5481481481481482 0.03802083333333333 0.05740740740740741
0 0.15 0.5745370370370371 0.03958333333333333 0.058333333333333334
0 0.21458333333333332 0.5907407407407408 0.04791666666666667 0.06111111111111111
0 0.27786458333333336 0.6152777777777778 0.0484375 0.06388888888888888
0 0.33619791666666665 0.6453703703703704 0.04635416666666667 0.06481481481481481
0 0.38776041666666666 0.6935185185185185 0.04739583333333333 0.07037037037037037
0 0.4421875 0.749537037037037 0.05625 0.08611111111111111
0 0.5036458333333333 0.8125 0.05 0.08796296296296297
0 0.5721354166666667 0.8912037037037037 0.05677083333333333 0.08796296296296297