0 0.5733146067415731 0.6005 0.010674157303370787 0.025
0 0.5654494382022472 0.6545 0.011797752808988765 0.025
0 0.5547752808988764 0.7205 0.010674157303370787 0.025
0 0.5469101123595506 0.795 0.011797752808988765 0.02
1 0.5424157303370787 0.2565 0.012921348314606741 0.029
1 0.5370786516853933 0.1895 0.015730337078651686 0.029
1 0.5342696629213484 0.12 0.014606741573033709 0.03
0 0.5286516853932585 0.8815 0.017977528089887642 0.033
0 0.5191011235955056 0.844 0.014606741573033709 0.032
0 0.5160112359550562 0.777 0.012921348314606741 0.03
0 0.5117977528089888 0.705 0.014606741573033709 0.034
0 0.5053370786516854 0.552 0.016292134831460674 0.034
0 0.49550561797752807 0.3895 0.016853932584269662 0.029
0 0.4887640449438202 0.206 0.015730337078651686 0.036
0 0.47415730337078654 0.014 0.014606741573033709 0.028
0 0.3603932584269663 0.051 0.025280898876404494 0.058
0 0.3398876404494382 0.1625 0.028089887640449437 0.069
0 0.30786516853932583 0.266 0.035955056179775284 0.068
0 0.2747191011235955 0.375 0.03932584269662921 0.08
0 0.23792134831460673 0.4965 0.037640449438202245 0.083