0 0.5199453551912568 0.3713592233009709 0.01366120218579235 0.018446601941747572
0 0.5494535519125683 0.3849514563106796 0.01366120218579235 0.020388349514563107
0 0.5855191256830601 0.4033980582524272 0.01366120218579235 0.018446601941747572
0 0.6262295081967213 0.41699029126213594 0.01092896174863388 0.020388349514563107
1 0.3319672131147541 0.42475728155339804 0.015846994535519125 0.02233009708737864
1 0.2953551912568306 0.43398058252427185 0.015846994535519125 0.027184466019417475
1 0.2573770491803279 0.4388349514563107 0.01639344262295082 0.02524271844660194
0 0.6734972677595629 0.44854368932038835 0.018032786885245903 0.031067961165048542
1 0.17131147540983607 0.4533980582524272 0.015846994535519125 0.027184466019417475
0 0.6530054644808743 0.4650485436893204 0.017486338797814208 0.02524271844660194
0 0.6163934426229508 0.4703883495145631 0.01639344262295082 0.02233009708737864
1 0.076775956284153 0.4728155339805825 0.015846994535519125 0.027184466019417475
0 0.5770491803278689 0.47766990291262135 0.018579234972677595 0.02524271844660194
0 0.4934426229508197 0.4888349514563107 0.018579234972677595 0.02815533980582524
0 0.4046448087431694 0.5058252427184466 0.015846994535519125 0.02912621359223301
0 0.3043715846994536 0.5174757281553398 0.019672131147540985 0.027184466019417475
0 0.19617486338797815 0.5427184466019418 0.02185792349726776 0.02524271844660194
0 0.0685792349726776 0.570873786407767 0.02896174863387978 0.036893203883495145
0 0.007103825136612022 0.5898058252427184 0.014207650273224045 0.04174757281553398
0 0.012568306010928962 0.6771844660194175 0.025136612021857924 0.035922330097087375
0 0.08196721311475409 0.691747572815534 0.033879781420765025 0.03203883495145631
0 0.15273224043715847 0.7131067961165048 0.03333333333333333 0.04174757281553398
0 0.21967213114754097 0.7393203883495145 0.03169398907103825 0.043689320388349516
0 0.28060109289617485 0.7747572815533981 0.03770491803278689 0.04854368932038835
0 0.3371584699453552 0.8300970873786407 0.03715846994535519 0.062135922330097085
0 0.39672131147540984 0.887378640776699 0.04371584699453552 0.06796116504854369
0 0.46311475409836067 0.9577669902912621 0.0453551912568306 0.07864077669902912