0 0.44895833333333335 0.9523148148148148 0.05 0.075
1 0.71796875 0.32314814814814813 0.009895833333333333 0.014814814814814815
1 0.684375 0.3236111111111111 0.010416666666666666 0.012037037037037037
1 0.7546875 0.32592592592592595 0.009375 0.012962962962962963
1 0.6510416666666666 0.3263888888888889 0.010416666666666666 0.013888888888888888
1 0.6169270833333333 0.3282407407407407 0.008854166666666666 0.013888888888888888
1 0.5825520833333333 0.33194444444444443 0.009895833333333333 0.013888888888888888
1 0.5453125 0.33287037037037037 0.009375 0.01574074074074074
1 0.46796875 0.33564814814814814 0.011979166666666667 0.01574074074074074
1 0.50703125 0.33564814814814814 0.008854166666666666 0.01574074074074074
1 0.4075520833333333 0.3384259259259259 0.011979166666666667 0.01574074074074074
1 0.42630208333333336 0.33935185185185185 0.011979166666666667 0.017592592592592594
1 0.38776041666666666 0.34074074074074073 0.011979166666666667 0.016666666666666666
1 0.3731770833333333 0.3425925925925926 0.011979166666666667 0.016666666666666666
0 0.8143229166666667 0.3435185185185185 0.009895833333333333 0.016666666666666666
0 0.77109375 0.34675925925925927 0.011979166666666667 0.01574074074074074
0 0.7356770833333334 0.3472222222222222 0.011979166666666667 0.016666666666666666
1 0.35833333333333334 0.3472222222222222 0.011458333333333333 0.016666666666666666
0 0.7005208333333334 0.3486111111111111 0.0125 0.019444444444444445
0 0.6604166666666667 0.350462962962963 0.0125 0.01574074074074074
1 0.3453125 0.35138888888888886 0.010416666666666666 0.01574074074074074
0 0.62109375 0.3537037037037037 0.009895833333333333 0.022222222222222223
0 0.5794270833333334 0.35648148148148145 0.0140625 0.020370370370370372
0 0.5143229166666666 0.35833333333333334 0.011979166666666667 0.018518518518518517
0 0.5385416666666667 0.3597222222222222 0.0125 0.019444444444444445
0 0.4953125 0.362962962962963 0.010416666666666666 0.018518518518518517
0 0.4786458333333333 0.36435185185185187 0.010416666666666666 0.01574074074074074
1 0.33671875 0.3675925925925926 0.009895833333333333 0.018518518518518517
0 0.4752604166666667 0.3736111111111111 0.011979166666666667 0.017592592592592594
0 0.4796875 0.37916666666666665 0.010416666666666666 0.01574074074074074
1 0.33567708333333335 0.38101851851851853 0.013020833333333334 0.017592592592592594
0 0.48463541666666665 0.3819444444444444 0.008854166666666666 0.017592592592592594
0 0.49375 0.38935185185185184 0.011458333333333333 0.019444444444444445
1 0.33567708333333335 0.3921296296296296 0.011979166666666667 0.017592592592592594
0 0.5052083333333334 0.39444444444444443 0.0125 0.024074074074074074
0 0.5322916666666667 0.4050925925925926 0.016666666666666666 0.021296296296296296
1 0.33671875 0.4078703703703704 0.0171875 0.019444444444444445
0 0.565625 0.42453703703703705 0.015625 0.021296296296296296
1 0.34010416666666665 0.4263888888888889 0.015625 0.021296296296296296
1 0.33932291666666664 0.4361111111111111 0.018229166666666668 0.024074074074074074
0 0.60625 0.43842592592592594 0.016666666666666666 0.025
1 0.32317708333333334 0.4462962962962963 0.016145833333333335 0.024074074074074074
1 0.28880208333333335 0.4527777777777778 0.0203125 0.03148148148148148
0 0.6453125 0.4583333333333333 0.016666666666666666 0.027777777777777776
1 0.25 0.46064814814814814 0.021875 0.026851851851851852
0 0.6528645833333333 0.47314814814814815 0.018229166666666668 0.027777777777777776
1 0.16614583333333333 0.4736111111111111 0.022916666666666665 0.030555555555555555
0 0.6296875 0.4791666666666667 0.017708333333333333 0.025
0 0.5950520833333334 0.487962962962963 0.0203125 0.027777777777777776
1 0.07265625 0.4930555555555556 0.0234375 0.032407407407407406
0 0.55859375 0.49444444444444446 0.0171875 0.025925925925925925
0 0.47942708333333334 0.5064814814814815 0.0234375 0.02962962962962963
0 0.39114583333333336 0.5254629629629629 0.022916666666666665 0.03796296296296296
0 0.29348958333333336 0.5402777777777777 0.024479166666666666 0.032407407407407406
0 0.18984375 0.562962962962963 0.0265625 0.03518518518518519
0 0.06692708333333333 0.5953703703703703 0.033854166666666664 0.05
0 0.07708333333333334 0.7208333333333333 0.04375 0.06018518518518518
0 0.14609375 0.7333333333333333 0.04114583333333333 0.06296296296296296
0 0.21171875 0.7555555555555555 0.04010416666666667 0.06111111111111111
0 0.2721354166666667 0.7907407407407407 0.04114583333333333 0.06666666666666667
0 0.32760416666666664 0.8375 0.04583333333333333 0.06944444444444445
0 0.3854166666666667 0.8898148148148148 0.04791666666666667 0.07037037037037037