0 0.7571808510638298 0.6039697542533081 0.04308510638297872 0.09073724007561437
1 0.39574468085106385 0.11578449905482041 0.00851063829787234 0.017958412098298678
1 0.39601063829787236 0.1767485822306238 0.006914893617021276 0.01890359168241966
1 0.3973404255319149 0.04914933837429111 0.007446808510638298 0.017013232514177693
1 0.3976063829787234 0.23724007561436672 0.007978723404255319 0.01890359168241966
1 0.39867021276595743 0.29914933837429114 0.007978723404255319 0.01606805293005671
1 0.4007978723404255 0.361531190926276 0.007978723404255319 0.017958412098298678
1 0.40132978723404256 0.42911153119092627 0.009042553191489361 0.017013232514177693
1 0.4029255319148936 0.5694706994328923 0.009042553191489361 0.021739130434782608
1 0.4029255319148936 0.4985822306238185 0.009042553191489361 0.01606805293005671
1 0.40452127659574466 0.6791115311909263 0.009042553191489361 0.021739130434782608
1 0.4050531914893617 0.6450850661625709 0.010106382978723405 0.021739130434782608
1 0.40585106382978725 0.7150283553875236 0.009574468085106383 0.021739130434782608
1 0.40691489361702127 0.7414933837429112 0.009574468085106383 0.021739130434782608
0 0.4093085106382979 0.019376181474480152 0.009042553191489361 0.021739130434782608
0 0.4095744680851064 0.08364839319470699 0.009574468085106383 0.021739130434782608
1 0.4095744680851064 0.7684310018903592 0.009574468085106383 0.020793950850661626
0 0.4103723404255319 0.14744801512287334 0.011170212765957447 0.022684310018903593
0 0.41143617021276596 0.22022684310018903 0.009042553191489361 0.022684310018903593
1 0.411968085106383 0.7920604914933838 0.009042553191489361 0.01890359168241966
0 0.41329787234042553 0.29158790170132326 0.01276595744680851 0.017958412098298678
0 0.4148936170212766 0.3672022684310019 0.011702127659574468 0.02551984877126654
0 0.41595744680851066 0.4853497164461248 0.010638297872340425 0.021739130434782608
0 0.41675531914893615 0.44139886578449905 0.011170212765957447 0.022684310018903593
0 0.4186170212765957 0.5198487712665406 0.010638297872340425 0.01890359168241966
0 0.4194148936170213 0.5500945179584121 0.009042553191489361 0.01890359168241966
1 0.42127659574468085 0.80765595463138 0.010638297872340425 0.017958412098298678
0 0.42473404255319147 0.5562381852551985 0.010106382978723405 0.021739130434782608
0 0.42792553191489363 0.5482041587901701 0.009042553191489361 0.01890359168241966
1 0.42898936170212765 0.8095463137996219 0.010106382978723405 0.023629489603024575
0 0.4295212765957447 0.5392249527410208 0.010106382978723405 0.01606805293005671
0 0.43377659574468086 0.5226843100189036 0.011170212765957447 0.020793950850661626
1 0.4353723404255319 0.8095463137996219 0.010106382978723405 0.021739130434782608
0 0.43670212765957445 0.501890359168242 0.013829787234042552 0.022684310018903593
0 0.4428191489361702 0.45274102079395084 0.01223404255319149 0.030245746691871456
1 0.4444148936170213 0.80765595463138 0.011170212765957447 0.031190926275992438
0 0.45398936170212767 0.39224952741020797 0.01223404255319149 0.02835538752362949
1 0.4550531914893617 0.8015122873345936 0.01223404255319149 0.02835538752362949
1 0.46063829787234045 0.802930056710775 0.013829787234042552 0.0330812854442344
0 0.461968085106383 0.31852551984877125 0.014361702127659574 0.030245746691871456
1 0.4664893617021277 0.8322306238185255 0.013829787234042552 0.02930056710775047
1 0.4702127659574468 0.8946124763705104 0.018085106382978722 0.036862003780718335
0 0.4734042553191489 0.24763705103969755 0.015957446808510637 0.030245746691871456
1 0.4747340425531915 0.9650283553875236 0.015425531914893617 0.03969754253308128
0 0.4819148936170213 0.2339319470699433 0.015957446808510637 0.0330812854442344
0 0.4853723404255319 0.27599243856332706 0.014361702127659574 0.03213610586011342
0 0.49042553191489363 0.3388468809073724 0.015957446808510637 0.036862003780718335
0 0.49414893617021277 0.4050094517958412 0.014893617021276596 0.031190926275992438
0 0.5010638297872341 0.5486767485822306 0.01702127659574468 0.04253308128544423
0 0.511968085106383 0.7088846880907372 0.021808510638297873 0.04158790170132325
0 0.5204787234042553 0.8861058601134215 0.018617021276595744 0.0444234404536862
0 0.6643617021276595 0.9248582230623819 0.03829787234042553 0.07466918714555766
0 0.6912234042553191 0.8241965973534972 0.0398936170212766 0.0831758034026465
0 0.7212765957446808 0.719281663516068 0.04042553191489362 0.08695652173913043