0 0.24296875 0.3638888888888889 0.04114583333333333 0.08148148148148149
1 0.5890625 0.4 0.007291666666666667 0.016666666666666666
1 0.58828125 0.32546296296296295 0.0067708333333333336 0.019444444444444445
1 0.5872395833333334 0.29259259259259257 0.0067708333333333336 0.016666666666666666
1 0.5861979166666667 0.25601851851851853 0.009895833333333333 0.021296296296296296
1 0.5846354166666666 0.23055555555555557 0.008854166666666666 0.020370370370370372
1 0.5828125 0.20416666666666666 0.008333333333333333 0.019444444444444445
1 0.58046875 0.18009259259259258 0.0078125 0.01574074074074074
1 0.57109375 0.16435185185185186 0.0078125 0.017592592592592594
1 0.5640625 0.16064814814814815 0.009375 0.019444444444444445
0 0.5635416666666667 0.42824074074074076 0.007291666666666667 0.01574074074074074
0 0.559375 0.44537037037037036 0.008333333333333333 0.016666666666666666
1 0.5565104166666667 0.16111111111111112 0.009895833333333333 0.022222222222222223
0 0.55625 0.46435185185185185 0.008333333333333333 0.017592592592592594
0 0.5510416666666667 0.5125 0.008333333333333333 0.021296296296296296
1 0.54765625 0.16064814814814815 0.009895833333333333 0.021296296296296296
0 0.54140625 0.5745370370370371 0.008854166666666666 0.025
1 0.5395833333333333 0.16666666666666666 0.009375 0.022222222222222223
1 0.5330729166666667 0.17037037037037037 0.013020833333333334 0.025925925925925925
0 0.5325520833333334 0.6444444444444445 0.011979166666666667 0.025925925925925925
1 0.52734375 0.14074074074074075 0.0109375 0.027777777777777776
1 0.52421875 0.07824074074074074 0.013020833333333334 0.03611111111111111
0 0.5205729166666667 0.7148148148148148 0.013020833333333334 0.025925925925925925
1 0.5190104166666667 0.013425925925925926 0.013020833333333334 0.026851851851851852
0 0.51328125 0.7277777777777777 0.0140625 0.03148148148148148
0 0.5091145833333334 0.687037037037037 0.0140625 0.03148148148148148
0 0.5041666666666667 0.6287037037037037 0.013541666666666667 0.03333333333333333
0 0.5010416666666667 0.562037037037037 0.0125 0.03333333333333333
0 0.4934895833333333 0.41898148148148145 0.0140625 0.032407407407407406
0 0.48463541666666665 0.26481481481481484 0.015104166666666667 0.037037037037037035
0 0.475 0.08796296296296297 0.017708333333333333 0.040740740740740744
0 0.33255208333333336 0.04953703703703704 0.03177083333333333 0.06944444444444445
0 0.3065104166666667 0.14907407407407408 0.033854166666666664 0.07407407407407407
0 0.27682291666666664 0.2523148148148148 0.0359375 0.08055555555555556