0 0.7619565217391304 0.6518375241779497 0.03804347826086957 0.0851063829787234
1 0.4032608695652174 0.6141199226305609 0.007608695652173913 0.017408123791102514
1 0.40407608695652175 0.691972920696325 0.007065217391304348 0.020309477756286266
1 0.4051630434782609 0.7263056092843327 0.007065217391304348 0.017408123791102514
1 0.40625 0.7645067698259188 0.010326086956521738 0.022243713733075435
1 0.4078804347826087 0.7911025145067698 0.00923913043478261 0.02127659574468085
1 0.4097826086956522 0.8186653771760155 0.008695652173913044 0.020309477756286266
1 0.4122282608695652 0.8438104448742747 0.008152173913043478 0.01644100580270793
1 0.4220108695652174 0.8602514506769826 0.008152173913043478 0.0183752417794971
1 0.42934782608695654 0.8641199226305609 0.009782608695652175 0.020309477756286266
0 0.4298913043478261 0.5846228239845261 0.007608695652173913 0.01644100580270793
0 0.4342391304347826 0.5667311411992263 0.008695652173913044 0.017408123791102514
1 0.43722826086956523 0.8636363636363636 0.010326086956521738 0.02321083172147002
0 0.4375 0.5469052224371374 0.008695652173913044 0.0183752417794971
0 0.4429347826086957 0.49661508704061896 0.008695652173913044 0.022243713733075435
1 0.4464673913043478 0.8641199226305609 0.010326086956521738 0.022243713733075435
0 0.4529891304347826 0.4318181818181818 0.00923913043478261 0.02611218568665377
1 0.4548913043478261 0.8578336557059961 0.009782608695652175 0.02321083172147002
1 0.46168478260869567 0.8539651837524178 0.01358695652173913 0.027079303675048357
0 0.4622282608695652 0.35880077369439073 0.0125 0.027079303675048357
1 0.4676630434782609 0.8849129593810445 0.01141304347826087 0.029013539651837523
1 0.47092391304347825 0.9501934235976789 0.01358695652173913 0.037717601547388784
0 0.4747282608695652 0.2852998065764023 0.01358695652173913 0.027079303675048357
0 0.48233695652173914 0.27176015473887816 0.014673913043478261 0.03288201160541586
0 0.48668478260869563 0.31431334622823986 0.014673913043478261 0.03288201160541586
0 0.49184782608695654 0.37524177949709864 0.014130434782608696 0.03481624758220503
0 0.4951086956521739 0.4448742746615087 0.013043478260869565 0.03481624758220503
0 0.5029891304347827 0.594294003868472 0.014673913043478261 0.033849129593810444
0 0.5122282608695652 0.7553191489361702 0.01576086956521739 0.03868471953578337
0 0.5222826086956521 0.9400386847195358 0.01847826086956522 0.0425531914893617
0 0.6709239130434783 0.971953578336557 0.03315217391304348 0.05609284332688588
0 0.6980978260869565 0.8762088974854932 0.035326086956521736 0.07736943907156674
0 0.7290760869565217 0.7683752417794971 0.0375 0.08413926499032882