0 0.4234375 0.9569444444444445 0.04583333333333333 0.07314814814814814
1 0.44375 0.3416666666666667 0.009375 0.012962962962962963
1 0.40182291666666664 0.34305555555555556 0.0109375 0.012037037037037037
1 0.38333333333333336 0.3449074074074074 0.009375 0.012037037037037037
1 0.36276041666666664 0.34675925925925927 0.011979166666666667 0.017592592592592594
1 0.3484375 0.34953703703703703 0.011458333333333333 0.01574074074074074
1 0.33359375 0.3527777777777778 0.0109375 0.014814814814814815
1 0.32005208333333335 0.35694444444444445 0.008854166666666666 0.013888888888888888
1 0.3111979166666667 0.3736111111111111 0.009895833333333333 0.013888888888888888
1 0.30911458333333336 0.3861111111111111 0.0109375 0.016666666666666666
0 0.4596354166666667 0.387037037037037 0.008854166666666666 0.012962962962962963
0 0.46927083333333336 0.39444444444444443 0.009375 0.014814814814814815
1 0.309375 0.399537037037037 0.0125 0.017592592592592594
0 0.47994791666666664 0.4 0.009895833333333333 0.014814814814814815
0 0.50703125 0.40925925925925927 0.011979166666666667 0.014814814814814815
1 0.30911458333333336 0.4152777777777778 0.011979166666666667 0.017592592592592594
0 0.5419270833333333 0.4263888888888889 0.0140625 0.01574074074074074
1 0.3125 0.42962962962962964 0.0125 0.016666666666666666
1 0.3145833333333333 0.4412037037037037 0.014583333333333334 0.023148148148148147
0 0.58125 0.44212962962962965 0.014583333333333334 0.021296296296296296
1 0.29791666666666666 0.4513888888888889 0.015625 0.019444444444444445
1 0.26276041666666666 0.45694444444444443 0.0203125 0.023148148148148147
0 0.6208333333333333 0.4634259259259259 0.014583333333333334 0.023148148148148147
1 0.22395833333333334 0.46620370370370373 0.019791666666666666 0.023148148148148147
0 0.628125 0.47638888888888886 0.017708333333333333 0.025
1 0.1390625 0.47962962962962963 0.019791666666666666 0.022222222222222223
0 0.6052083333333333 0.4837962962962963 0.017708333333333333 0.025
0 0.5723958333333333 0.4925925925925926 0.01875 0.024074074074074074
0 0.5348958333333333 0.4981481481481482 0.01875 0.022222222222222223
1 0.04140625 0.4981481481481482 0.021354166666666667 0.025925925925925925
0 0.4544270833333333 0.5115740740740741 0.018229166666666668 0.025
0 0.36770833333333336 0.5273148148148148 0.020833333333333332 0.026851851851851852
0 0.2682291666666667 0.5444444444444444 0.022916666666666665 0.03148148148148148
0 0.16145833333333334 0.5726851851851852 0.029166666666666667 0.030555555555555555
0 0.03567708333333333 0.6055555555555555 0.027604166666666666 0.037037037037037035
0 0.046875 0.7291666666666666 0.03854166666666667 0.05092592592592592
0 0.11770833333333333 0.7425925925925926 0.03958333333333333 0.05185185185185185
0 0.18541666666666667 0.7648148148148148 0.0375 0.05185185185185185
0 0.24661458333333333 0.7976851851851852 0.0390625 0.05648148148148148
0 0.3026041666666667 0.8439814814814814 0.041666666666666664 0.06018518518518518
0 0.3606770833333333 0.8967592592592593 0.0453125 0.06388888888888888