0 0.40182291666666664 0.9611111111111111 0.05572916666666667 0.07407407407407407
1 0.6359375 0.3300925925925926 0.008333333333333333 0.010185185185185186
1 0.6682291666666667 0.33101851851851855 0.008333333333333333 0.008333333333333333
1 0.7028645833333333 0.33101851851851855 0.008854166666666666 0.008333333333333333
1 0.6033854166666667 0.3333333333333333 0.008854166666666666 0.011111111111111112
1 0.5703125 0.3351851851851852 0.009375 0.011111111111111112
1 0.5356770833333333 0.3375 0.008854166666666666 0.012037037037037037
1 0.49895833333333334 0.3388888888888889 0.008333333333333333 0.011111111111111112
1 0.46041666666666664 0.3402777777777778 0.009375 0.012037037037037037
1 0.42161458333333335 0.3435185185185185 0.009895833333333333 0.011111111111111112
1 0.35963541666666665 0.3453703703703704 0.0109375 0.011111111111111112
0 0.7614583333333333 0.3458333333333333 0.008333333333333333 0.008333333333333333
1 0.37864583333333335 0.3458333333333333 0.009375 0.012037037037037037
1 0.33984375 0.34814814814814815 0.0109375 0.011111111111111112
0 0.7213541666666666 0.3490740740740741 0.010416666666666666 0.011111111111111112
0 0.6861979166666666 0.35 0.009895833333333333 0.011111111111111112
0 0.6520833333333333 0.35138888888888886 0.010416666666666666 0.012037037037037037
1 0.325 0.35185185185185186 0.010416666666666666 0.012962962962962963
0 0.6119791666666666 0.35324074074074074 0.009375 0.012037037037037037
1 0.3098958333333333 0.35324074074074074 0.011458333333333333 0.012037037037037037
0 0.5734375 0.35648148148148145 0.010416666666666666 0.011111111111111112
1 0.29661458333333335 0.3592592592592593 0.009895833333333333 0.014814814814814815
0 0.5325520833333334 0.36018518518518516 0.009895833333333333 0.011111111111111112
0 0.48984375 0.3638888888888889 0.011979166666666667 0.011111111111111112
0 0.46875 0.36435185185185187 0.010416666666666666 0.012037037037037037
1 0.28958333333333336 0.3648148148148148 0.011458333333333333 0.016666666666666666
0 0.44947916666666665 0.36574074074074076 0.010416666666666666 0.011111111111111112
1 0.28828125 0.36898148148148147 0.0109375 0.012037037037037037
0 0.43203125 0.3699074074074074 0.0109375 0.012037037037037037
1 0.2875 0.37592592592592594 0.010416666666666666 0.011111111111111112
0 0.4276041666666667 0.3768518518518518 0.010416666666666666 0.012962962962962963
0 0.4317708333333333 0.38287037037037036 0.009375 0.012037037037037037
1 0.28489583333333335 0.3861111111111111 0.014583333333333334 0.012962962962962963
0 0.43723958333333335 0.3875 0.009895833333333333 0.013888888888888888
0 0.4473958333333333 0.39444444444444443 0.0125 0.011111111111111112
0 0.45755208333333336 0.3990740740740741 0.013020833333333334 0.014814814814814815
1 0.2864583333333333 0.4 0.013541666666666667 0.014814814814814815
0 0.48489583333333336 0.41064814814814815 0.015625 0.017592592592592594
1 0.2859375 0.4166666666666667 0.014583333333333334 0.014814814814814815
0 0.5184895833333333 0.425462962962963 0.016145833333333335 0.013888888888888888
1 0.2890625 0.43287037037037035 0.013541666666666667 0.019444444444444445
1 0.2911458333333333 0.44351851851851853 0.014583333333333334 0.018518518518518517
0 0.5591145833333333 0.4449074074074074 0.015104166666666667 0.021296296296296296
1 0.2734375 0.4532407407407407 0.014583333333333334 0.017592592592592594
1 0.23828125 0.4601851851851852 0.021354166666666667 0.024074074074074074
0 0.5984375 0.46296296296296297 0.016666666666666666 0.020370370370370372
1 0.19895833333333332 0.4675925925925926 0.019791666666666666 0.018518518518518517
0 0.60546875 0.47453703703703703 0.018229166666666668 0.021296296296296296
0 0.5828125 0.48194444444444445 0.016666666666666666 0.021296296296296296
1 0.11197916666666667 0.4837962962962963 0.022916666666666665 0.023148148148148147
0 0.54921875 0.4925925925925926 0.0203125 0.022222222222222223
0 0.5122395833333333 0.4986111111111111 0.019270833333333334 0.021296296296296296
1 0.012760416666666666 0.5046296296296297 0.022395833333333334 0.024074074074074074
0 0.43255208333333334 0.5125 0.018229166666666668 0.023148148148148147
0 0.34296875 0.5314814814814814 0.0234375 0.025925925925925925
0 0.24401041666666667 0.549537037037037 0.027604166666666666 0.032407407407407406
0 0.13489583333333333 0.575462962962963 0.028125 0.032407407407407406
0 0.01171875 0.6111111111111112 0.0234375 0.03518518518518519
0 0.0203125 0.736574074074074 0.040625 0.049074074074074076
0 0.09114583333333333 0.7472222222222222 0.03854166666666667 0.05
0 0.159375 0.7680555555555556 0.042708333333333334 0.049074074074074076
0 0.22239583333333332 0.8027777777777778 0.03958333333333333 0.05555555555555555
0 0.2791666666666667 0.8453703703703703 0.040625 0.05185185185185185
0 0.3377604166666667 0.9009259259259259 0.04739583333333333 0.06296296296296296