0 0.40347593582887703 0.9619771863117871 0.0572192513368984 0.07604562737642585
1 0.6438502673796791 0.3141634980988593 0.008556149732620321 0.010456273764258554
1 0.6770053475935829 0.31511406844106465 0.008556149732620321 0.008555133079847909
1 0.7125668449197861 0.31511406844106465 0.00909090909090909 0.008555133079847909
1 0.6104278074866311 0.31749049429657794 0.00909090909090909 0.011406844106463879
1 0.5764705882352941 0.3193916349809886 0.009625668449197862 0.011406844106463879
1 0.5409090909090909 0.3217680608365019 0.00909090909090909 0.012357414448669201
1 0.5032085561497326 0.3231939163498099 0.008556149732620321 0.011406844106463879
1 0.4636363636363636 0.32461977186311786 0.009625668449197862 0.012357414448669201
1 0.42379679144385024 0.3279467680608365 0.010160427807486631 0.011406844106463879
1 0.36016042780748664 0.32984790874524716 0.011229946524064172 0.011406844106463879
0 0.7727272727272727 0.3303231939163498 0.008556149732620321 0.008555133079847909
1 0.37967914438502676 0.3303231939163498 0.009625668449197862 0.012357414448669201
1 0.3398395721925134 0.33269961977186313 0.011229946524064172 0.011406844106463879
0 0.7315508021390374 0.33365019011406843 0.0106951871657754 0.011406844106463879
0 0.6954545454545454 0.33460076045627374 0.010160427807486631 0.011406844106463879
0 0.660427807486631 0.3360266159695818 0.0106951871657754 0.012357414448669201
1 0.3245989304812834 0.3365019011406844 0.0106951871657754 0.013307984790874524
0 0.6192513368983957 0.3379277566539924 0.009625668449197862 0.012357414448669201
1 0.3090909090909091 0.3379277566539924 0.011764705882352941 0.012357414448669201
0 0.5796791443850268 0.34125475285171103 0.0106951871657754 0.011406844106463879
1 0.29545454545454547 0.344106463878327 0.010160427807486631 0.015209125475285171
0 0.5377005347593583 0.3450570342205323 0.010160427807486631 0.011406844106463879
0 0.49385026737967913 0.3488593155893536 0.01229946524064171 0.011406844106463879
0 0.47219251336898393 0.34933460076045625 0.0106951871657754 0.012357414448669201
1 0.28823529411764703 0.34980988593155893 0.011764705882352941 0.017110266159695818
0 0.45240641711229945 0.35076045627376423 0.0106951871657754 0.011406844106463879
1 0.28689839572192516 0.3540874524714829 0.011229946524064172 0.012357414448669201
0 0.4344919786096257 0.35503802281368824 0.011229946524064172 0.012357414448669201
1 0.28609625668449196 0.3612167300380228 0.0106951871657754 0.011406844106463879
0 0.4299465240641711 0.36216730038022815 0.0106951871657754 0.013307984790874524
0 0.43422459893048126 0.36834600760456276 0.009625668449197862 0.012357414448669201
1 0.28342245989304815 0.37167300380228135 0.014973262032085561 0.013307984790874524
0 0.43983957219251335 0.37309885931558934 0.010160427807486631 0.014258555133079848
0 0.4502673796791444 0.38022813688212925 0.012834224598930482 0.011406844106463879
0 0.4606951871657754 0.3849809885931559 0.013368983957219251 0.015209125475285171
1 0.28502673796791445 0.38593155893536124 0.013903743315508022 0.015209125475285171
0 0.48877005347593583 0.3968631178707224 0.016042780748663103 0.01806083650190114
1 0.28449197860962566 0.40304182509505704 0.014973262032085561 0.015209125475285171
0 0.5232620320855615 0.4120722433460076 0.016577540106951873 0.014258555133079848
1 0.2877005347593583 0.4196768060836502 0.013903743315508022 0.019961977186311788
1 0.2898395721925134 0.4306083650190114 0.014973262032085561 0.019011406844106463
0 0.5649732620320855 0.4320342205323194 0.015508021390374332 0.021863117870722433
1 0.2716577540106952 0.4405893536121673 0.014973262032085561 0.01806083650190114
1 0.2355614973262032 0.44771863117870725 0.021925133689839574 0.024714828897338403
0 0.6053475935828877 0.4505703422053232 0.017112299465240642 0.02091254752851711
1 0.19518716577540107 0.4553231939163498 0.020320855614973262 0.019011406844106463
0 0.6125668449197861 0.46245247148288976 0.01871657754010695 0.021863117870722433
0 0.5893048128342246 0.4700570342205323 0.017112299465240642 0.021863117870722433
1 0.10588235294117647 0.47195817490494296 0.023529411764705882 0.02376425855513308
0 0.5548128342245989 0.48098859315589354 0.02085561497326203 0.022813688212927757
0 0.5168449197860963 0.48716730038022815 0.019786096256684493 0.021863117870722433
1 0.007754010695187166 0.49334600760456276 0.015508021390374332 0.024714828897338403
0 0.4350267379679144 0.501425855513308 0.01871657754010695 0.02376425855513308
0 0.343048128342246 0.5209125475285171 0.02406417112299465 0.026615969581749048
0 0.2414438502673797 0.5394486692015209 0.028342245989304814 0.03326996197718631
0 0.12941176470588237 0.56606463878327 0.028877005347593583 0.03326996197718631
0 0.0074866310160427805 0.6026615969581749 0.014973262032085561 0.03612167300380228
0 0.016310160427807488 0.7314638783269962 0.032620320855614976 0.05038022813688213
0 0.08449197860962566 0.7423954372623575 0.039572192513368985 0.051330798479087454
0 0.15454545454545454 0.7637832699619772 0.04385026737967915 0.05038022813688213
0 0.2192513368983957 0.7994296577946768 0.040641711229946524 0.057034220532319393
0 0.27754010695187165 0.8431558935361216 0.04171122994652406 0.053231939163498096
0 0.3377005347593583 0.9001901140684411 0.04866310160427807 0.06463878326996197