0 0.3955026455026455 0.96939736346516 0.056613756613756616 0.06120527306967985
1 0.6333333333333333 0.3347457627118644 0.008465608465608466 0.010357815442561206
1 0.6661375661375661 0.3356873822975518 0.008465608465608466 0.00847457627118644
1 0.7013227513227513 0.3356873822975518 0.008994708994708995 0.00847457627118644
1 0.6002645502645503 0.3380414312617702 0.008994708994708995 0.011299435028248588
1 0.5666666666666667 0.339924670433145 0.009523809523809525 0.011299435028248588
1 0.5314814814814814 0.3422787193973635 0.008994708994708995 0.01224105461393597
1 0.49417989417989416 0.3436911487758945 0.008465608465608466 0.011299435028248588
1 0.455026455026455 0.3451035781544256 0.009523809523809525 0.01224105461393597
1 0.4156084656084656 0.3483992467043315 0.010052910052910053 0.011299435028248588
1 0.35264550264550265 0.3502824858757062 0.011111111111111112 0.011299435028248588
0 0.7608465608465609 0.3507532956685499 0.008465608465608466 0.00847457627118644
1 0.37195767195767193 0.3507532956685499 0.009523809523809525 0.01224105461393597
1 0.3325396825396825 0.3531073446327684 0.011111111111111112 0.011299435028248588
0 0.7201058201058201 0.3540489642184557 0.010582010582010581 0.011299435028248588
0 0.6843915343915344 0.3549905838041431 0.010052910052910053 0.011299435028248588
0 0.6497354497354497 0.3564030131826742 0.010582010582010581 0.01224105461393597
1 0.31746031746031744 0.3568738229755179 0.010582010582010581 0.013182674199623353
0 0.608994708994709 0.358286252354049 0.009523809523809525 0.01224105461393597
1 0.3021164021164021 0.358286252354049 0.01164021164021164 0.01224105461393597
0 0.5698412698412698 0.3615819209039548 0.010582010582010581 0.011299435028248588
1 0.2886243386243386 0.3644067796610169 0.010052910052910053 0.015065913370998116
0 0.5283068783068783 0.3653483992467043 0.010052910052910053 0.011299435028248588
0 0.4849206349206349 0.3691148775894539 0.01216931216931217 0.011299435028248588
0 0.4634920634920635 0.3695856873822976 0.010582010582010581 0.01224105461393597
1 0.2814814814814815 0.3700564971751412 0.01164021164021164 0.01694915254237288
0 0.44391534391534393 0.3709981167608286 0.010582010582010581 0.011299435028248588
1 0.28015873015873016 0.3742937853107345 0.011111111111111112 0.01224105461393597
0 0.4261904761904762 0.3752354048964218 0.011111111111111112 0.01224105461393597
1 0.27936507936507937 0.3813559322033898 0.010582010582010581 0.011299435028248588
0 0.4216931216931217 0.3822975517890772 0.010582010582010581 0.013182674199623353
0 0.42592592592592593 0.3884180790960452 0.009523809523809525 0.01224105461393597
1 0.2767195767195767 0.391713747645951 0.014814814814814815 0.013182674199623353
0 0.43148148148148147 0.3931261770244821 0.010052910052910053 0.014124293785310734
0 0.4417989417989418 0.4001883239171375 0.012698412698412698 0.011299435028248588
0 0.45211640211640214 0.4048964218455744 0.013227513227513227 0.015065913370998116
1 0.2783068783068783 0.4058380414312618 0.013756613756613757 0.015065913370998116
0 0.4798941798941799 0.4166666666666667 0.015873015873015872 0.017890772128060263
1 0.2777777777777778 0.4227871939736347 0.014814814814814815 0.015065913370998116
0 0.514021164021164 0.4317325800376648 0.0164021164021164 0.014124293785310734
1 0.28095238095238095 0.4392655367231638 0.013756613756613757 0.01977401129943503
1 0.2830687830687831 0.4500941619585687 0.014814814814814815 0.018832391713747645
0 0.5552910052910053 0.4515065913370998 0.015343915343915344 0.021657250470809793
1 0.2650793650793651 0.4599811676082863 0.014814814814814815 0.017890772128060263
1 0.22936507936507936 0.4670433145009416 0.021693121693121695 0.02448210922787194
0 0.5952380952380952 0.4698681732580038 0.016931216931216932 0.02071563088512241
1 0.18941798941798943 0.4745762711864407 0.020105820105820106 0.018832391713747645
0 0.6023809523809524 0.481638418079096 0.018518518518518517 0.021657250470809793
0 0.5793650793650794 0.4891713747645951 0.016931216931216932 0.021657250470809793
1 0.10105820105820106 0.4910546139359699 0.02328042328042328 0.023540489642184557
0 0.5452380952380952 0.5 0.020634920634920634 0.022598870056497175
0 0.5076719576719577 0.506120527306968 0.019576719576719578 0.021657250470809793
1 0.00582010582010582 0.512241054613936 0.01164021164021164 0.02448210922787194
0 0.4267195767195767 0.5202448210922788 0.018518518518518517 0.023540489642184557
0 0.3357142857142857 0.53954802259887 0.023809523809523808 0.026365348399246705
0 0.2351851851851852 0.557909604519774 0.028042328042328042 0.03295668549905838
0 0.12433862433862433 0.5842749529190208 0.02857142857142857 0.03295668549905838
0 0.005555555555555556 0.620527306967985 0.011111111111111112 0.035781544256120526
0 0.014285714285714285 0.7481167608286252 0.02857142857142857 0.04990583804143126
0 0.07989417989417989 0.7589453860640302 0.039153439153439155 0.05084745762711865
0 0.1492063492063492 0.7801318267419962 0.04338624338624339 0.04990583804143126
0 0.21322751322751324 0.815442561205273 0.04021164021164021 0.05649717514124294
0 0.2708994708994709 0.8587570621468926 0.04126984126984127 0.05273069679849341
0 0.3304232804232804 0.9152542372881356 0.04814814814814815 0.064030131826742