0 0.5836021505376344 0.6453154875717018 0.025268817204301075 0.04397705544933078
0 0.581989247311828 0.7184512428298279 0.026344086021505377 0.0372848948374761
0 0.5798387096774194 0.5592734225621415 0.03064516129032258 0.03441682600382409
0 0.5790322580645161 0.4698852772466539 0.023655913978494623 0.0372848948374761
0 0.5758064516129032 0.3704588910133843 0.01935483870967742 0.05449330783938815
0 0.5755376344086022 0.2777246653919694 0.025268817204301075 0.03537284894837476
0 0.5704301075268817 0.1849904397705545 0.02258064516129032 0.04684512428298279
0 0.5672043010752689 0.08508604206500955 0.023655913978494623 0.05162523900573614
0 0.5615591397849462 0.005258126195028681 0.026344086021505377 0.010516252390057362
1 0.5083333333333333 0.9082217973231358 0.03064516129032258 0.05353728489483748
1 0.5069892473118279 0.6548757170172084 0.02795698924731183 0.06309751434034416
1 0.5056451612903226 0.39961759082217974 0.03064516129032258 0.0497131931166348
1 0.4970430107526882 0.27246653919694075 0.026344086021505377 0.0497131931166348
1 0.49112903225806454 0.13145315487571702 0.03602150537634408 0.05449330783938815
1 0.47419354838709676 0.011472275334608031 0.03978494623655914 0.022944550669216062