0 0.22379679144385026 0.2804182509505703 0.019786096256684493 0.03231939163498099
0 0.18636363636363637 0.3060836501901141 0.019786096256684493 0.03231939163498099
0 0.14331550802139037 0.3269961977186312 0.027807486631016044 0.049429657794676805
0 0.10106951871657754 0.3578897338403042 0.023529411764705882 0.04467680608365019
0 0.6077540106951872 0.3597908745247148 0.02085561497326203 0.03517110266159696
0 0.6497326203208557 0.3597908745247148 0.019251336898395723 0.04467680608365019
0 0.5577540106951872 0.3616920152091255 0.022459893048128343 0.03897338403041825
0 0.5058823529411764 0.3650190114068441 0.022459893048128343 0.039923954372623575
0 0.4561497326203209 0.3678707224334601 0.017112299465240642 0.04182509505703422
0 0.4032085561497326 0.3745247148288973 0.01818181818181818 0.030418250950570342
0 0.3532085561497326 0.37785171102661597 0.025133689839572194 0.0370722433460076
0 0.29759358288770055 0.38450570342205326 0.026203208556149733 0.0370722433460076
0 0.05374331550802139 0.3883079847908745 0.025133689839572194 0.05418250950570342
0 0.24411764705882352 0.4054182509505703 0.026203208556149733 0.05418250950570342
0 0.03048128342245989 0.41064638783269963 0.028877005347593583 0.051330798479087454
0 0.1754010695187166 0.4130228136882129 0.022459893048128343 0.0370722433460076
0 0.12219251336898396 0.4244296577946768 0.025133689839572194 0.05418250950570342
0 0.015775401069518715 0.43346007604562736 0.026203208556149733 0.049429657794676805
0 0.05668449197860963 0.436787072243346 0.027807486631016044 0.05608365019011407
1 0.7620320855614974 0.4914448669201521 0.03529411764705882 0.060836501901140684
1 0.6176470588235294 0.49334600760456276 0.029946524064171122 0.058935361216730035
1 0.4737967914438503 0.49809885931558934 0.027807486631016044 0.049429657794676805
1 0.3975935828877005 0.5147338403041825 0.03048128342245989 0.05418250950570342
1 0.325668449197861 0.5171102661596958 0.028877005347593583 0.058935361216730035
1 0.25026737967914436 0.5356463878326996 0.033155080213903745 0.06368821292775666
1 0.16470588235294117 0.5655893536121673 0.04385026737967915 0.07034220532319392
1 0.07914438502673797 0.594106463878327 0.04919786096256684 0.08935361216730038