0 0.2321808510638298 0.27977315689981097 0.019680851063829788 0.03213610586011342
0 0.1949468085106383 0.3052930056710775 0.019680851063829788 0.03213610586011342
0 0.15212765957446808 0.32608695652173914 0.027659574468085105 0.04914933837429111
0 0.11010638297872341 0.3568052930056711 0.023404255319148935 0.0444234404536862
0 0.614095744680851 0.358695652173913 0.02074468085106383 0.03497164461247637
0 0.6558510638297872 0.358695652173913 0.019148936170212766 0.0444234404536862
0 0.5643617021276596 0.360586011342155 0.022340425531914895 0.038752362948960305
0 0.5127659574468085 0.3638941398865784 0.022340425531914895 0.03969754253308128
0 0.4632978723404255 0.3667296786389414 0.01702127659574468 0.04158790170132325
0 0.4106382978723404 0.3733459357277883 0.018085106382978722 0.030245746691871456
0 0.36090425531914894 0.3766540642722117 0.025 0.036862003780718335
0 0.3055851063829787 0.3832703213610586 0.026063829787234042 0.036862003780718335
0 0.06303191489361702 0.3870510396975425 0.025 0.05387523629489603
0 0.2523936170212766 0.40406427221172025 0.026063829787234042 0.05387523629489603
0 0.0398936170212766 0.40926275992438566 0.02872340425531915 0.05103969754253308
0 0.18404255319148935 0.4116257088846881 0.022340425531914895 0.036862003780718335
0 0.13111702127659575 0.4229678638941399 0.025 0.05387523629489603
0 0.02526595744680851 0.43194706994328924 0.026063829787234042 0.04914933837429111
0 0.06595744680851064 0.43525519848771266 0.027659574468085105 0.055765595463137994
1 0.7675531914893617 0.4896030245746692 0.035106382978723406 0.06049149338374291
1 0.6239361702127659 0.4914933837429111 0.029787234042553193 0.05860113421550094
1 0.4808510638297872 0.4962192816635161 0.027659574468085105 0.04914933837429111
1 0.4050531914893617 0.5127599243856332 0.03031914893617021 0.05387523629489603
1 0.33351063829787236 0.5151228733459358 0.02872340425531915 0.05860113421550094
1 0.25851063829787235 0.5335538752362949 0.03297872340425532 0.06332703213610585
1 0.17340425531914894 0.5633270321361059 0.043617021276595745 0.06994328922495274
1 0.08829787234042553 0.5916824196597353 0.04893617021276596 0.0888468809073724