0 0.37418478260869564 0.8312379110251451 0.02010869565217391 0.037717601547388784
0 0.38668478260869565 0.8936170212765957 0.026630434782608695 0.0425531914893617
0 0.39755434782608695 0.9743713733075435 0.021195652173913043 0.035783365570599614
0 0.42282608695652174 0.14410058027079303 0.02826086956521739 0.05222437137330754
0 0.4230978260869565 0.07640232108317214 0.025543478260869567 0.0425531914893617
0 0.4236413043478261 0.2432301740812379 0.024456521739130436 0.047388781431334626
0 0.4247282608695652 0.3346228239845261 0.021195652173913043 0.03481624758220503
0 0.4260869565217391 0.5203094777562862 0.02391304347826087 0.04061895551257253
0 0.42744565217391306 0.4274661508704062 0.021195652173913043 0.0425531914893617
0 0.4285326086956522 0.6126692456479691 0.025543478260869567 0.045454545454545456
0 0.43369565217391304 0.7059961315280464 0.02282608695652174 0.04061895551257253
0 0.43831521739130436 0.7983558994197292 0.021195652173913043 0.045454545454545456
0 0.44782608695652176 0.9119922630560928 0.02391304347826087 0.04061895551257253
0 0.45407608695652174 0.9879110251450677 0.025543478260869567 0.024177949709864602
1 0.4953804347826087 0.12717601547388782 0.03206521739130435 0.05705996131528046
1 0.49972826086956523 0.390715667311412 0.0375 0.05222437137330754
1 0.5073369565217392 0.5270793036750484 0.025543478260869567 0.04061895551257253
1 0.5089673913043479 0.6610251450676983 0.026630434782608695 0.0551257253384913
1 0.5222826086956521 0.7877176015473888 0.02826086956521739 0.05705996131528046
1 0.5423913043478261 0.9274661508704062 0.0391304347826087 0.061895551257253385