0 0.6134615384615385 0.34375 0.02142857142857143 0.04296875
0 0.6016483516483516 0.2744140625 0.023076923076923078 0.05078125
0 0.5906593406593407 0.20458984375 0.017582417582417582 0.0380859375
0 0.5766483516483516 0.818359375 0.025824175824175823 0.044921875
0 0.575 0.1337890625 0.02142857142857143 0.04296875
0 0.5736263736263736 0.91552734375 0.024175824175824177 0.0498046875
0 0.5736263736263736 0.99169921875 0.02967032967032967 0.0166015625
0 0.573076923076923 0.62548828125 0.02857142857142857 0.0400390625
0 0.5708791208791208 0.72265625 0.035164835164835165 0.03515625
0 0.5686813186813187 0.5263671875 0.03406593406593406 0.052734375
0 0.5623626373626374 0.1005859375 0.026923076923076925 0.041015625
0 0.5612637362637363 0.4375 0.02142857142857143 0.060546875
0 0.5582417582417583 0.32666015625 0.02967032967032967 0.0380859375
0 0.5532967032967033 0.0712890625 0.023076923076923078 0.041015625
0 0.5527472527472528 0.24365234375 0.02967032967032967 0.0478515625
0 0.5475274725274726 0.1376953125 0.026923076923076925 0.05078125
1 0.4945054945054945 0.849609375 0.045054945054945054 0.0546875
1 0.493956043956044 0.712890625 0.046153846153846156 0.0546875
1 0.4912087912087912 0.587890625 0.04065934065934066 0.0625
1 0.4804945054945055 0.4521484375 0.036813186813186814 0.060546875
1 0.47335164835164834 0.31298828125 0.03791208791208791 0.0556640625
1 0.4585164835164835 0.1796875 0.036813186813186814 0.0625
1 0.4552197802197802 0.025390625 0.03791208791208791 0.05078125