0 0.3815508021390374 0.6825095057034221 0.02085561497326203 0.04182509505703422
0 0.393048128342246 0.75 0.022459893048128343 0.049429657794676805
0 0.4037433155080214 0.8179657794676806 0.017112299465240642 0.0370722433460076
0 0.417379679144385 0.22053231939163498 0.025133689839572194 0.043726235741444866
0 0.41898395721925136 0.8868821292775665 0.02085561497326203 0.04182509505703422
0 0.4203208556149733 0.12595057034220533 0.023529411764705882 0.04847908745247148
0 0.4203208556149733 0.030893536121673004 0.028877005347593583 0.05798479087452472
0 0.420855614973262 0.4082699619771863 0.027807486631016044 0.03897338403041825
0 0.4229946524064171 0.31368821292775667 0.034224598930481284 0.034220532319391636
0 0.42513368983957217 0.5047528517110266 0.033155080213903745 0.051330798479087454
0 0.43128342245989304 0.9192015209125475 0.026203208556149733 0.039923954372623575
0 0.4323529411764706 0.591254752851711 0.02085561497326203 0.058935361216730035
0 0.43529411764705883 0.6991444866920152 0.028877005347593583 0.0370722433460076
0 0.44010695187165777 0.9477186311787072 0.022459893048128343 0.039923954372623575
0 0.4406417112299465 0.7799429657794676 0.028877005347593583 0.04657794676806084
0 0.44572192513368986 0.8830798479087453 0.026203208556149733 0.049429657794676805
1 0.49732620320855614 0.19011406844106463 0.04385026737967915 0.053231939163498096
1 0.4978609625668449 0.3231939163498099 0.044919786096256686 0.053231939163498096
1 0.5005347593582887 0.4448669201520912 0.039572192513368985 0.060836501901140684
1 0.5109625668449198 0.5769961977186312 0.03582887700534759 0.058935361216730035
1 0.5179144385026738 0.7124524714828897 0.03689839572192513 0.05418250950570342
1 0.5323529411764706 0.8422053231939164 0.03582887700534759 0.060836501901140684
1 0.5355614973262032 0.9838403041825095 0.03689839572192513 0.03231939163498099