0 0.5408854166666667 0.29768518518518516 0.0109375 0.026851851851851852
1 0.31927083333333334 0.3037037037037037 0.022916666666666665 0.03888888888888889
0 0.5065104166666666 0.3087962962962963 0.015104166666666667 0.025
1 0.27109375 0.32314814814814813 0.015104166666666667 0.03148148148148148
0 0.4700520833333333 0.337037037037037 0.0203125 0.03148148148148148
1 0.21484375 0.3490740740740741 0.0203125 0.03148148148148148
0 0.43333333333333335 0.3560185185185185 0.019791666666666666 0.026851851851851852
0 0.41432291666666665 0.36944444444444446 0.025520833333333333 0.040740740740740744
1 0.153125 0.37083333333333335 0.027083333333333334 0.04351851851851852
0 0.6966145833333334 0.37407407407407406 0.0203125 0.040740740740740744
0 0.75078125 0.37546296296296294 0.021354166666666667 0.04351851851851852
0 0.6434895833333333 0.3768518518518518 0.025520833333333333 0.040740740740740744
0 0.5953125 0.38796296296296295 0.022916666666666665 0.05925925925925926
0 0.8049479166666667 0.38842592592592595 0.025520833333333333 0.04537037037037037
0 0.8677083333333333 0.3907407407407407 0.023958333333333335 0.05
1 0.115625 0.3907407407407407 0.027083333333333334 0.05
0 0.9265625 0.39166666666666666 0.023958333333333335 0.03888888888888889
0 0.40572916666666664 0.3921296296296296 0.027083333333333334 0.04351851851851852
0 0.53203125 0.39675925925925926 0.0265625 0.04351851851851852
0 0.4359375 0.39675925925925926 0.021875 0.03425925925925926
0 0.9885416666666667 0.399537037037037 0.022916666666666665 0.05462962962962963
0 0.49244791666666665 0.399537037037037 0.0203125 0.04537037037037037
1 0.09895833333333333 0.40694444444444444 0.022916666666666665 0.04537037037037037
1 0.07786458333333333 0.4273148148148148 0.024479166666666666 0.026851851851851852
1 0.06380208333333333 0.44814814814814813 0.025520833333333333 0.040740740740740744
1 0.06067708333333333 0.4740740740740741 0.024479166666666666 0.040740740740740744
1 0.0796875 0.4986111111111111 0.03333333333333333 0.05277777777777778
1 0.11614583333333334 0.5106481481481482 0.03333333333333333 0.04537037037037037
1 0.6721354166666667 0.5194444444444445 0.0359375 0.05740740740740741
1 0.7473958333333334 0.5203703703703704 0.028125 0.040740740740740744
1 0.828125 0.524537037037037 0.03854166666666667 0.05462962962962963
1 0.5989583333333334 0.5273148148148148 0.04895833333333333 0.05462962962962963
1 0.16536458333333334 0.5291666666666667 0.030729166666666665 0.05462962962962963
1 0.5265625 0.538425925925926 0.034375 0.06388888888888888
1 0.9903645833333333 0.5449074074074074 0.019270833333333334 0.062037037037037036
1 0.37526041666666665 0.5453703703703704 0.0359375 0.05925925925925926
1 0.22213541666666667 0.5458333333333333 0.04010416666666667 0.05462962962962963
1 0.45260416666666664 0.5472222222222223 0.03229166666666667 0.05740740740740741
1 0.296875 0.549074074074074 0.03854166666666667 0.05740740740740741