0 0.6124338624338624 0.5767419962335216 0.015343915343915344 0.01977401129943503
1 0.608994708994709 0.1760828625235405 0.022222222222222223 0.04143126177024482
0 0.6060846560846561 0.5145951035781544 0.014285714285714285 0.027306967984934087
1 0.5978835978835979 0.08898305084745763 0.01798941798941799 0.027306967984934087
0 0.58994708994709 0.4486817325800377 0.01798941798941799 0.03672316384180791
0 0.5791005291005291 0.3822975517890772 0.015343915343915344 0.035781544256120526
0 0.5714285714285714 0.3479284369114878 0.02328042328042328 0.046139359698681735
0 0.5687830687830688 0.858286252354049 0.02328042328042328 0.03672316384180791
0 0.567989417989418 0.9562146892655368 0.02486772486772487 0.038606403013182675
0 0.5671957671957671 0.762241054613936 0.02328042328042328 0.046139359698681735
0 0.5608465608465608 0.6751412429378532 0.033862433862433865 0.04143126177024482
0 0.5584656084656084 0.332391713747646 0.02486772486772487 0.04896421845574388
0 0.5558201058201058 0.5607344632768362 0.02486772486772487 0.0480225988700565
0 0.5558201058201058 0.3870056497175141 0.019576719576719578 0.03954802259887006
0 0.5542328042328042 0.4891713747645951 0.025925925925925925 0.03672316384180791
1 0.4857142857142857 0.814030131826742 0.0328042328042328 0.06497175141242938
1 0.48518518518518516 0.9500941619585688 0.02328042328042328 0.05084745762711865
1 0.4812169312169312 0.6817325800376648 0.031216931216931216 0.08851224105461393
1 0.4748677248677249 0.5508474576271186 0.03650793650793651 0.062146892655367235
1 0.4708994708994709 0.2773069679849341 0.033862433862433865 0.06497175141242938
1 0.47063492063492063 0.018361581920903956 0.031216931216931216 0.03672316384180791
1 0.46984126984126984 0.4171374764595104 0.0328042328042328 0.0583804143126177
1 0.4687830687830688 0.13559322033898305 0.0328042328042328 0.0696798493408663