0 0.5792540792540792 0.2868257261410788 0.019813519813519812 0.038381742738589214
0 0.5396270396270396 0.3029045643153527 0.013986013986013986 0.043568464730290454
1 0.27826340326340326 0.3034232365145228 0.02156177156177156 0.03008298755186722
1 0.2202797202797203 0.3257261410788382 0.024475524475524476 0.043568464730290454
0 0.4988344988344988 0.3262448132780083 0.02564102564102564 0.0487551867219917
0 0.4577505827505827 0.3495850622406639 0.015734265734265736 0.043568464730290454
1 0.14772727272727273 0.35425311203319504 0.023892773892773892 0.038381742738589214
1 0.11305361305361306 0.3703319502074689 0.03263403263403263 0.043568464730290454
0 0.42744755244755245 0.379149377593361 0.022727272727272728 0.0508298755186722
0 0.7587412587412588 0.3853734439834025 0.037296037296037296 0.0487551867219917
0 0.6418997668997669 0.39056016597510373 0.023892773892773892 0.0487551867219917
0 0.7001748251748252 0.39056016597510373 0.018065268065268064 0.0487551867219917
1 0.08886946386946387 0.39056016597510373 0.02156177156177156 0.05912863070539419
0 0.8202214452214452 0.391597510373444 0.034382284382284384 0.0508298755186722
0 0.5734265734265734 0.39885892116182575 0.03263403263403263 0.0487551867219917
0 0.8895687645687645 0.39885892116182575 0.023892773892773892 0.0487551867219917
0 0.46416083916083917 0.40093360995850624 0.023892773892773892 0.038381742738589214
0 0.5238927738927739 0.4024896265560166 0.026806526806526808 0.04564315352697095
0 0.951048951048951 0.4071576763485477 0.037296037296037296 0.061203319502074686
1 0.07080419580419581 0.4149377593360996 0.022727272727272728 0.04564315352697095
1 0.0574009324009324 0.42738589211618255 0.034382284382284384 0.03319502074688797
1 0.051864801864801864 0.4636929460580913 0.03146853146853147 0.05394190871369295
1 0.07167832167832168 0.49221991701244816 0.030303030303030304 0.05912863070539419
1 0.11072261072261072 0.5114107883817427 0.04195804195804196 0.06639004149377593
1 0.22348484848484848 0.5383817427385892 0.04020979020979021 0.06431535269709543
1 0.16812354312354313 0.5389004149377593 0.04603729603729604 0.07987551867219916
1 0.7296037296037297 0.549792531120332 0.038461538461538464 0.06639004149377593
1 0.8193473193473193 0.549792531120332 0.037296037296037296 0.056016597510373446
1 0.6491841491841492 0.5513485477178424 0.03146853146853147 0.06950207468879668
1 0.3956876456876457 0.5523858921161826 0.037296037296037296 0.07157676348547717
1 0.307983682983683 0.5544605809128631 0.04020979020979021 0.05912863070539419
1 0.5664335664335665 0.5570539419087137 0.03263403263403263 0.06431535269709543
1 0.4836829836829837 0.5606846473029046 0.038461538461538464 0.061203319502074686
1 0.9178321678321678 0.5622406639004149 0.038461538461538464 0.07468879668049792