1 0.40989583333333335 0.2902777777777778 0.016666666666666666 0.03425925925925926
0 0.6276041666666666 0.2912037037037037 0.017708333333333333 0.026851851851851852
1 0.36822916666666666 0.30833333333333335 0.014583333333333334 0.03888888888888889
0 0.59140625 0.30972222222222223 0.015104166666666667 0.03611111111111111
0 0.5533854166666666 0.3212962962962963 0.0203125 0.040740740740740744
1 0.3229166666666667 0.32685185185185184 0.01875 0.02962962962962963
1 0.2708333333333333 0.34444444444444444 0.01875 0.03148148148148148
0 0.5200520833333333 0.34629629629629627 0.016145833333333335 0.03148148148148148
0 0.48046875 0.36527777777777776 0.016145833333333335 0.03611111111111111
1 0.209375 0.37083333333333335 0.019791666666666666 0.03425925925925926
0 0.4625 0.38425925925925924 0.020833333333333332 0.04259259259259259
1 0.17421875 0.387037037037037 0.022395833333333334 0.03888888888888889
0 0.7473958333333334 0.39675925925925926 0.022916666666666665 0.04351851851851852
0 0.8075520833333333 0.399537037037037 0.0203125 0.03611111111111111
0 0.6471354166666666 0.40324074074074073 0.0203125 0.05277777777777778
0 0.6966145833333334 0.40324074074074073 0.025520833333333333 0.04351851851851852
1 0.15338541666666666 0.40694444444444444 0.019270833333333334 0.04537037037037037
0 0.45416666666666666 0.40694444444444444 0.021875 0.04537037037037037
0 0.5424479166666667 0.41064814814814815 0.0265625 0.04351851851851852
0 0.48802083333333335 0.41064814814814815 0.016666666666666666 0.03425925925925926
0 0.5838541666666667 0.4111111111111111 0.023958333333333335 0.05
0 0.86484375 0.4115740740740741 0.025520833333333333 0.04537037037037037
0 0.9263020833333333 0.4217592592592593 0.0265625 0.05277777777777778
1 0.134375 0.42407407407407405 0.022916666666666665 0.04814814814814815
0 0.9859375 0.43657407407407406 0.028125 0.05462962962962963
1 0.11953125 0.4439814814814815 0.024479166666666666 0.04537037037037037
1 0.12083333333333333 0.4708333333333333 0.03229166666666667 0.05277777777777778
1 0.13958333333333334 0.4925925925925926 0.028125 0.05925925925925926
1 0.17161458333333332 0.512962962962963 0.034895833333333334 0.05925925925925926
1 0.22291666666666668 0.5268518518518519 0.028125 0.040740740740740744
1 0.6528645833333333 0.5421296296296296 0.03697916666666667 0.0712962962962963
1 0.72734375 0.5435185185185185 0.03177083333333333 0.05925925925925926
1 0.35182291666666665 0.5444444444444444 0.0359375 0.06666666666666667
1 0.27291666666666664 0.5467592592592593 0.03229166666666667 0.0712962962962963
1 0.4270833333333333 0.5476851851851852 0.03854166666666667 0.05462962962962963
1 0.8080729166666667 0.549537037037037 0.03177083333333333 0.05277777777777778
1 0.5794270833333334 0.5550925925925926 0.030729166666666665 0.05462962962962963
1 0.50546875 0.5583333333333333 0.030729166666666665 0.06666666666666667
1 0.89140625 0.5597222222222222 0.03697916666666667 0.05462962962962963