1 0.3824607329842932 0.660148975791434 0.0193717277486911 0.0297951582867784
0 0.3829842931937173 0.2709497206703911 0.015183246073298429 0.03165735567970205
1 0.39267015706806285 0.7346368715083799 0.02198952879581152 0.0260707635009311
0 0.3934554973821989 0.3356610800744879 0.020418848167539267 0.027001862197392923
0 0.4 0.4036312849162011 0.023036649214659685 0.036312849162011177
1 0.4031413612565445 0.8156424581005587 0.016753926701570682 0.0335195530726257
1 0.4130890052356021 0.9087523277467412 0.01780104712041885 0.0335195530726257
0 0.41413612565445024 0.46322160148975794 0.01780104712041885 0.028864059590316574
0 0.424869109947644 0.5339851024208566 0.020418848167539267 0.028864059590316574
0 0.4356020942408377 0.5661080074487895 0.024083769633507852 0.037243947858473
0 0.44267015706806284 0.056797020484171325 0.024607329842931937 0.040968342644320296
0 0.4463350785340314 0.2360335195530726 0.029842931937172777 0.036312849162011177
0 0.4463350785340314 0.14757914338919925 0.024607329842931937 0.04562383612662942
0 0.44842931937172775 0.5810055865921788 0.025654450261780103 0.03910614525139665
0 0.4505235602094241 0.4231843575418994 0.024607329842931937 0.04748603351955307
0 0.4505235602094241 0.5204841713221602 0.0193717277486911 0.0297951582867784
0 0.45078534031413614 0.34916201117318435 0.028272251308900525 0.04283054003724395
1 0.5162303664921466 0.9846368715083799 0.023036649214659685 0.030726256983240222
1 0.524869109947644 0.22579143389199255 0.04031413612565445 0.06610800744878957
1 0.5256544502617801 0.09264432029795158 0.033507853403141365 0.056797020484171325
1 0.5261780104712042 0.7639664804469274 0.03769633507853403 0.06424581005586592
1 0.5274869109947644 0.9050279329608939 0.04031413612565445 0.05772811918063315
1 0.5280104712041885 0.6294227188081937 0.030890052356020943 0.06890130353817504
1 0.5321989528795812 0.3570763500931099 0.030890052356020943 0.05493482309124767
1 0.5340314136125655 0.489292364990689 0.03769633507853403 0.05493482309124767