0 0.6282707622298066 0.8669028340080972 0.00739476678043231 0.025303643724696356
0 0.6237201365187713 0.8426113360323887 0.009670079635949944 0.027327935222672066
0 0.6197383390216155 0.3861336032388664 0.01080773606370876 0.027327935222672066
0 0.6188850967007964 0.8152834008097166 0.009101251422070534 0.025303643724696356
1 0.6160409556313993 0.3567813765182186 0.011376564277588168 0.027327935222672066
1 0.6120591581342435 0.3233805668016194 0.011376564277588168 0.029352226720647773
0 0.6103526734926052 0.7454453441295547 0.010238907849829351 0.027327935222672066
0 0.602957906712173 0.6771255060728745 0.009101251422070534 0.030364372469635626
1 0.6023890784982935 0.2479757085020243 0.013651877133105802 0.032388663967611336
0 0.5918657565415245 0.6062753036437247 0.013083048919226393 0.03441295546558704
1 0.5907281001137656 0.15435222672064777 0.015358361774744027 0.03744939271255061
0 0.5793515358361775 0.5374493927125507 0.013083048919226393 0.032388663967611336
1 0.5784982935153583 0.05060728744939271 0.015927189988623434 0.044534412955465584
0 0.5659840728100114 0.46204453441295545 0.013651877133105802 0.0354251012145749
0 0.5574516496018203 0.4256072874493927 0.01478953356086462 0.03744939271255061
0 0.5455062571103527 0.4084008097165992 0.017064846416382253 0.04959514170040486
0 0.5443686006825939 0.978744939271255 0.019340159271899887 0.04251012145748988
0 0.5429465301478953 0.7798582995951417 0.019908987485779295 0.053643724696356275
0 0.5429465301478953 0.8800607287449392 0.015358361774744027 0.04757085020242915
0 0.5401023890784983 0.5759109311740891 0.01763367463026166 0.0465587044534413
0 0.5395335608646189 0.6614372469635628 0.01763367463026166 0.04554655870445344
0 0.5389647326507395 0.472165991902834 0.016496018202502846 0.04757085020242915
1 0.45847554038680316 0.9397773279352226 0.02502844141069397 0.07186234817813765
1 0.4579067121729238 0.05668016194331984 0.02844141069397042 0.07489878542510121
1 0.4564846416382253 0.7970647773279352 0.02901023890784983 0.07186234817813765
1 0.454778156996587 0.6497975708502024 0.02901023890784983 0.0708502024291498
1 0.45420932878270764 0.2029352226720648 0.02901023890784983 0.07186234817813765
1 0.4533560864618885 0.3547570850202429 0.023890784982935155 0.07186234817813765
1 0.4513651877133106 0.5091093117408907 0.03128555176336746 0.06680161943319839