0 0.6809895833333334 0.2689814814814815 0.013020833333333334 0.012037037037037037
0 0.6684895833333333 0.2763888888888889 0.0140625 0.01574074074074074
0 0.43359375 0.2828703703703704 0.0140625 0.017592592592592594
0 0.6544270833333333 0.28425925925925927 0.013020833333333334 0.014814814814814815
1 0.41848958333333336 0.28888888888888886 0.0140625 0.018518518518518517
1 0.40130208333333334 0.2953703703703704 0.015104166666666667 0.018518518518518517
0 0.6184895833333334 0.29814814814814816 0.0140625 0.016666666666666666
0 0.5833333333333334 0.3101851851851852 0.015625 0.014814814814814815
1 0.3625 0.3111111111111111 0.016666666666666666 0.022222222222222223
0 0.546875 0.3282407407407407 0.017708333333333333 0.021296296296296296
1 0.3143229166666667 0.3300925925925926 0.019270833333333334 0.025
0 0.5114583333333333 0.3486111111111111 0.016666666666666666 0.021296296296296296
1 0.2609375 0.35 0.022916666666666665 0.025925925925925925
0 0.47265625 0.37037037037037035 0.018229166666666668 0.022222222222222223
1 0.2 0.3736111111111111 0.021875 0.026851851851851852
0 0.45390625 0.38425925925925924 0.019270833333333334 0.024074074074074074
1 0.16484375 0.3861111111111111 0.025520833333333333 0.02962962962962963
1 0.14479166666666668 0.40324074074074073 0.023958333333333335 0.032407407407407406
0 0.44505208333333335 0.40370370370370373 0.025520833333333333 0.027777777777777776
0 0.7393229166666667 0.40555555555555556 0.0234375 0.03148148148148148
0 0.6361979166666667 0.4078703703703704 0.027604166666666666 0.032407407407407406
0 0.6877604166666667 0.4078703703703704 0.024479166666666666 0.025
0 0.796875 0.40925925925925927 0.022916666666666665 0.03148148148148148
0 0.53125 0.4125 0.023958333333333335 0.028703703703703703
0 0.5752604166666667 0.4134259259259259 0.0234375 0.028703703703703703
0 0.4778645833333333 0.41435185185185186 0.024479166666666666 0.026851851851851852
0 0.8552083333333333 0.41759259259259257 0.023958333333333335 0.02962962962962963
0 0.91640625 0.42268518518518516 0.028645833333333332 0.030555555555555555
1 0.12604166666666666 0.42824074074074076 0.029166666666666667 0.032407407407407406
0 0.9778645833333334 0.42962962962962964 0.0265625 0.03333333333333333
1 0.11197916666666667 0.44537037037037036 0.028125 0.03333333333333333
1 0.10859375 0.4689814814814815 0.030729166666666665 0.032407407407407406
1 0.125 0.49074074074074076 0.03125 0.04259259259259259
1 0.16015625 0.5148148148148148 0.03697916666666667 0.046296296296296294
1 0.21276041666666667 0.5287037037037037 0.033854166666666664 0.046296296296296294
1 0.7184895833333333 0.5453703703703704 0.03697916666666667 0.040740740740740744
1 0.2640625 0.5462962962962963 0.03854166666666667 0.046296296296296294
1 0.6450520833333333 0.5486111111111112 0.03697916666666667 0.04722222222222222
1 0.7973958333333333 0.5509259259259259 0.03854166666666667 0.04259259259259259
1 0.5692708333333333 0.5513888888888889 0.036458333333333336 0.04722222222222222
1 0.33932291666666664 0.5523148148148148 0.03697916666666667 0.04722222222222222
1 0.41744791666666664 0.5537037037037037 0.03697916666666667 0.03888888888888889
1 0.496875 0.5569444444444445 0.034375 0.05092592592592592
1 0.880734375 0.5601851851851852 0.03854166666666667 0.05185185185185185