0 0.36447368421052634 0.4779962546816479 0.007894736842105263 0.02153558052434457
1 0.365 0.829119850187266 0.01 0.019662921348314606
0 0.3684210526315789 0.39840823970037453 0.009473684210526316 0.02153558052434457
1 0.3692105263157895 0.7837078651685393 0.01 0.020599250936329586
0 0.37 0.3099250936329588 0.008421052631578947 0.02247191011235955
1 0.37394736842105264 0.7336142322097379 0.01 0.023408239700374533
1 0.37894736842105264 0.677434456928839 0.007368421052631579 0.025280898876404494
1 0.3873684210526316 0.6441947565543071 0.016842105263157894 0.028089887640449437
1 0.39131578947368423 0.6671348314606742 0.01 0.025280898876404494
0 0.39552631578947367 0.30758426966292135 0.008947368421052631 0.03089887640449438
1 0.3960526315789474 0.699438202247191 0.01 0.026217228464419477
1 0.4036842105263158 0.7724719101123596 0.011578947368421053 0.028089887640449437
0 0.4047368421052632 0.37219101123595505 0.009473684210526316 0.03089887640449438
0 0.4126315789473684 0.43586142322097376 0.01368421052631579 0.03464419475655431
1 0.41368421052631577 0.8581460674157303 0.01263157894736842 0.03277153558052434
0 0.42394736842105263 0.5 0.011052631578947368 0.035580524344569285
1 0.4263157894736842 0.9559925093632958 0.01368421052631579 0.03745318352059925
0 0.44473684210526315 0.5664794007490637 0.022105263157894735 0.033707865168539325
0 0.44894736842105265 0.598314606741573 0.022105263157894735 0.03932584269662921
0 0.45710526315789474 0.09410112359550561 0.017368421052631578 0.04400749063670412
0 0.45763157894736844 0.1849250936329588 0.017368421052631578 0.040262172284644196
0 0.4589473684210526 0.007022471910112359 0.014736842105263158 0.014044943820224719
0 0.45921052631578946 0.27808988764044945 0.018421052631578946 0.04119850187265917
0 0.46 0.6161048689138576 0.023157894736842106 0.04119850187265917
0 0.4618421052631579 0.3862359550561798 0.01631578947368421 0.04400749063670412
0 0.4618421052631579 0.4653558052434457 0.015263157894736841 0.04307116104868914
0 0.4652631578947368 0.5622659176029963 0.023157894736842106 0.03651685393258427
1 0.5373684210526316 0.950374531835206 0.023157894736842106 0.056179775280898875
1 0.5381578947368421 0.1306179775280899 0.022631578947368423 0.060861423220973786
1 0.5384210526315789 0.26732209737827717 0.022105263157894735 0.05337078651685393
1 0.5410526315789473 0.8089887640449438 0.024210526315789474 0.06179775280898876
1 0.5413157894736842 0.010299625468164793 0.02368421052631579 0.020599250936329586
1 0.5436842105263158 0.39840823970037453 0.023157894736842106 0.05711610486891386
1 0.5439473684210526 0.6704119850187266 0.024736842105263158 0.05805243445692884
1 0.545 0.5290262172284644 0.02368421052631579 0.05805243445692884