0 0.51171875 0.25972222222222224 0.011979166666666667 0.013888888888888888
1 0.31640625 0.26064814814814813 0.0109375 0.017592592592592594
0 0.5559895833333334 0.26666666666666666 0.011979166666666667 0.016666666666666666
1 0.3416666666666667 0.26805555555555555 0.011458333333333333 0.017592592592592594
0 0.6052083333333333 0.26944444444444443 0.0125 0.014814814814814815
1 0.36953125 0.2763888888888889 0.013020833333333334 0.017592592592592594
1 0.40078125 0.2851851851851852 0.0140625 0.012962962962962963
1 0.4192708333333333 0.3 0.015625 0.02962962962962963
1 0.40651041666666665 0.30694444444444446 0.0140625 0.017592592592592594
0 0.6065104166666667 0.3143518518518518 0.0171875 0.01574074074074074
1 0.3885416666666667 0.31527777777777777 0.014583333333333334 0.017592592592592594
1 0.34791666666666665 0.3287037037037037 0.015625 0.020370370370370372
0 0.5705729166666667 0.33055555555555555 0.0171875 0.016666666666666666
0 0.53515625 0.34444444444444444 0.019270833333333334 0.024074074074074074
1 0.30026041666666664 0.34629629629629627 0.018229166666666668 0.022222222222222223
0 0.49947916666666664 0.36435185185185187 0.019791666666666666 0.019444444444444445
1 0.24583333333333332 0.3685185185185185 0.020833333333333332 0.024074074074074074
1 0.18411458333333333 0.38842592592592595 0.0203125 0.026851851851851852
0 0.4625 0.4009259259259259 0.01875 0.03888888888888889
1 0.15052083333333333 0.4064814814814815 0.023958333333333335 0.03148148148148148
0 0.44479166666666664 0.4083333333333333 0.021875 0.03888888888888889
1 0.12786458333333334 0.4217592592592593 0.024479166666666666 0.028703703703703703
0 0.7252604166666666 0.42268518518518516 0.024479166666666666 0.030555555555555555
0 0.6747395833333333 0.4236111111111111 0.022395833333333334 0.030555555555555555
0 0.7815104166666667 0.42592592592592593 0.0234375 0.025925925925925925
0 0.6229166666666667 0.4263888888888889 0.022916666666666665 0.032407407407407406
0 0.4348958333333333 0.42777777777777776 0.022916666666666665 0.040740740740740744
0 0.5627604166666667 0.4310185185185185 0.024479166666666666 0.028703703703703703
0 0.51875 0.4310185185185185 0.023958333333333335 0.026851851851851852
0 0.8401041666666667 0.4351851851851852 0.021875 0.03148148148148148
0 0.46484375 0.43703703703703706 0.0203125 0.040740740740740744
1 0.10989583333333333 0.44351851851851853 0.021875 0.03148148148148148
0 0.8994791666666667 0.4439814814814815 0.021875 0.028703703703703703
0 0.9611979166666667 0.44907407407407407 0.027604166666666666 0.02962962962962963
1 0.09557291666666666 0.4675925925925926 0.027604166666666666 0.03518518518518519
1 0.11015625 0.5083333333333333 0.03177083333333333 0.03888888888888889
1 0.14557291666666666 0.5305555555555556 0.0265625 0.03888888888888889
1 0.19635416666666666 0.5481481481481482 0.03229166666666667 0.037037037037037035
1 0.24895833333333334 0.5638888888888889 0.03125 0.040740740740740744
1 0.7049479166666667 0.5652777777777778 0.033854166666666664 0.03981481481481482
1 0.62890625 0.5657407407407408 0.0296875 0.03888888888888889
1 0.32760416666666664 0.5703703703703704 0.034375 0.04259259259259259
1 0.7822916666666667 0.5708333333333333 0.03229166666666667 0.041666666666666664
1 0.5559895833333334 0.575 0.03177083333333333 0.040740740740740744
1 0.4046875 0.575462962962963 0.03229166666666667 0.04351851851851852
1 0.48333333333333334 0.5773148148148148 0.03229166666666667 0.041666666666666664
1 0.8635416666666667 0.5800925925925926 0.03333333333333333 0.04722222222222222