0 0.6348167539267016 0.5190875232774674 0.007853403141361256 0.021415270018621976
1 0.6342931937172774 0.16992551210428306 0.009947643979057591 0.019553072625698324
0 0.6308900523560209 0.5982309124767226 0.009424083769633508 0.021415270018621976
1 0.6301047120418848 0.21508379888268156 0.009947643979057591 0.020484171322160148
0 0.6293193717277487 0.686219739292365 0.008376963350785341 0.0223463687150838
1 0.625392670157068 0.2648975791433892 0.009947643979057591 0.023277467411545624
1 0.6204188481675392 0.3207635009310987 0.007329842931937173 0.025139664804469275
1 0.6120418848167539 0.3538175046554935 0.016753926701570682 0.027932960893854747
1 0.6081151832460733 0.33100558659217877 0.009947643979057591 0.025139664804469275
0 0.6039267015706806 0.6885474860335196 0.008900523560209424 0.030726256983240222
1 0.6034031413612565 0.2988826815642458 0.009947643979057591 0.0260707635009311
1 0.5958115183246073 0.22625698324022347 0.011518324607329843 0.027932960893854747
0 0.5947643979057592 0.6243016759776536 0.009424083769633508 0.030726256983240222
0 0.5869109947643979 0.5609869646182495 0.013612565445026177 0.03445065176908752
1 0.5858638743455498 0.14106145251396648 0.012565445026178011 0.032588454376163874
0 0.5756544502617801 0.4972067039106145 0.01099476439790576 0.035381750465549346
1 0.5732984293193717 0.043761638733705775 0.013612565445026177 0.037243947858473
0 0.5549738219895288 0.43109869646182497 0.02198952879581152 0.0335195530726257
0 0.5507853403141362 0.3994413407821229 0.02198952879581152 0.03910614525139665
0 0.5426701570680629 0.9008379888268156 0.017277486910994764 0.043761638733705775
0 0.5421465968586388 0.8105214152700186 0.017277486910994764 0.04003724394785847
0 0.5408376963350785 0.9902234636871509 0.014659685863874346 0.019553072625698324
0 0.5405759162303665 0.7178770949720671 0.01832460732984293 0.040968342644320296
0 0.5397905759162304 0.3817504655493482 0.023036649214659685 0.040968342644320296
0 0.5379581151832461 0.6103351955307262 0.016230366492146597 0.043761638733705775
0 0.5379581151832461 0.5316573556797021 0.015183246073298429 0.04283054003724395
0 0.5345549738219896 0.43528864059590316 0.023036649214659685 0.036312849162011177
1 0.46282722513089003 0.049348230912476726 0.023036649214659685 0.055865921787709494
1 0.4620418848167539 0.8645251396648045 0.022513089005235604 0.06052141527001862
1 0.4617801047120419 0.728584729981378 0.02198952879581152 0.05307262569832402
1 0.45916230366492145 0.18994413407821228 0.024083769633507852 0.061452513966480445
1 0.45890052356020944 0.9869646182495344 0.02356020942408377 0.0260707635009311
1 0.45654450261780105 0.5982309124767226 0.023036649214659685 0.056797020484171325
1 0.456282722513089 0.32774674115456237 0.024607329842931937 0.05772811918063315
1 0.45523560209424085 0.46834264432029793 0.02356020942408377 0.05772811918063315