0 0.4739010989010989 0.82275390625 0.014835164835164835 0.0185546875
0 0.47774725274725277 0.92333984375 0.014835164835164835 0.0185546875
0 0.4782967032967033 0.986328125 0.015934065934065933 0.0234375
0 0.47912087912087914 0.8623046875 0.017582417582417582 0.0234375
1 0.4950549450549451 0.52734375 0.013186813186813187 0.0234375
1 0.49752747252747254 0.5693359375 0.015934065934065933 0.0234375
1 0.5016483516483516 0.62548828125 0.01868131868131868 0.0283203125
1 0.5038461538461538 0.69384765625 0.017582417582417582 0.0283203125
1 0.5071428571428571 0.77197265625 0.01868131868131868 0.0380859375
1 0.5074175824175824 0.8544921875 0.015934065934065933 0.033203125
1 0.5082417582417582 0.9423828125 0.017582417582417582 0.033203125