0 0.03481012658227848 0.5097336065573771 0.015535097813578827 0.02971311475409836
0 0.2799194476409666 0.5117827868852459 0.01093210586881473 0.027663934426229508
0 0.10701956271576525 0.5122950819672131 0.019562715765247412 0.02459016393442623
0 0.22065592635212888 0.5189549180327869 0.01093210586881473 0.027663934426229508
0 0.18354430379746836 0.5199795081967213 0.01380897583429229 0.02971311475409836
0 0.2566168009205984 0.5215163934426229 0.01380897583429229 0.03278688524590164
1 0.45397008055235905 0.5512295081967213 0.01380897583429229 0.02459016393442623
1 0.42922899884925203 0.5558401639344263 0.01380897583429229 0.02971311475409836
1 0.3961449942462601 0.5635245901639344 0.01668584579976985 0.03483606557377049
1 0.3558688147295742 0.5676229508196722 0.01668584579976985 0.03278688524590164
1 0.029631760644418872 0.5691598360655737 0.02243958573072497 0.0194672131147541
1 0.30983889528193326 0.5737704918032787 0.02243958573072497 0.03483606557377049
1 0.2612197928653625 0.5742827868852459 0.019562715765247412 0.02971311475409836
1 0.11996547756041427 0.5758196721311475 0.01668584579976985 0.022540983606557378
1 0.2094361334867664 0.5758196721311475 0.019562715765247412 0.03278688524590164