0 0.021787709497206705 0.4671968190854871 0.01899441340782123 0.033797216699801194
0 0.1611731843575419 0.4686878727634195 0.015083798882681564 0.0268389662027833
0 0.09022346368715084 0.4691848906560636 0.016201117318435754 0.02186878727634195
0 0.3287709497206704 0.4696819085487077 0.018435754189944135 0.02882703777335984
0 0.23491620111731842 0.4716699801192843 0.015083798882681564 0.0268389662027833
0 0.30921787709497206 0.4721669980119284 0.015083798882681564 0.033797216699801194
0 0.27150837988826815 0.47365805168986086 0.017877094972067038 0.0268389662027833
1 0.5142458100558659 0.5014910536779325 0.018435754189944135 0.036779324055666
1 0.4994413407821229 0.5099403578528827 0.013407821229050279 0.033797216699801194
1 0.4731843575418994 0.5124254473161034 0.01899441340782123 0.03876739562624255
1 0.4410614525139665 0.5173956262425448 0.016201117318435754 0.02882703777335984
1 0.003910614525139665 0.5198807157057654 0.00782122905027933 0.033797216699801194
1 0.08463687150837988 0.5248508946322068 0.021787709497206705 0.02982107355864811
1 0.4041899441340782 0.5248508946322068 0.020670391061452513 0.033797216699801194
1 0.3564245810055866 0.5298210735586482 0.02346368715083799 0.033797216699801194
1 0.17541899441340783 0.5313121272365805 0.01899441340782123 0.0268389662027833
1 0.25949720670391063 0.5323061630218688 0.021787709497206705 0.02882703777335984
1 0.31229050279329607 0.5333001988071571 0.01899441340782123 0.030815109343936383