0 0.48442622950819675 0.8276699029126213 0.015846994535519125 0.03203883495145631
0 0.4855191256830601 0.9888349514563107 0.014754098360655738 0.02233009708737864
0 0.48579234972677593 0.8616504854368932 0.018579234972677595 0.02621359223300971
0 0.4866120218579235 0.9271844660194175 0.014754098360655738 0.031067961165048542
1 0.5019125683060109 0.5053398058252427 0.020218579234972677 0.03203883495145631
1 0.5065573770491804 0.5310679611650485 0.018579234972677595 0.02330097087378641
1 0.5079234972677595 0.5766990291262136 0.021311475409836064 0.03300970873786408
1 0.510655737704918 0.6325242718446602 0.015846994535519125 0.02815533980582524
1 0.5147540983606558 0.6966019417475728 0.018579234972677595 0.035922330097087375
1 0.5174863387978142 0.7796116504854369 0.018579234972677595 0.040776699029126215
1 0.5188524590163934 0.9480582524271844 0.015846994535519125 0.037864077669902914
1 0.5193989071038252 0.8563106796116505 0.016939890710382512 0.03300970873786408