0 0.004166666666666667 0.4685185185185185 0.008333333333333333 0.02962962962962963
0 0.057291666666666664 0.47129629629629627 0.017708333333333333 0.03148148148148148
0 0.18723958333333332 0.4726851851851852 0.0140625 0.025
0 0.12109375 0.47314814814814815 0.015104166666666667 0.020370370370370372
0 0.34348958333333335 0.4736111111111111 0.0171875 0.026851851851851852
0 0.2559895833333333 0.475462962962963 0.0140625 0.025
0 0.32526041666666666 0.4759259259259259 0.0140625 0.03148148148148148
0 0.29010416666666666 0.4773148148148148 0.016666666666666666 0.025
1 0.51640625 0.5032407407407408 0.0171875 0.03425925925925926
1 0.5026041666666666 0.5111111111111111 0.0125 0.03148148148148148
1 0.478125 0.513425925925926 0.017708333333333333 0.03611111111111111
1 0.44817708333333334 0.5180555555555556 0.015104166666666667 0.026851851851851852
1 0.03333333333333333 0.5203703703703704 0.021875 0.03148148148148148
1 0.11588541666666667 0.525 0.0203125 0.027777777777777776
1 0.41380208333333335 0.525 0.019270833333333334 0.03148148148148148
1 0.3692708333333333 0.5296296296296297 0.021875 0.03148148148148148
1 0.20052083333333334 0.5310185185185186 0.017708333333333333 0.025
1 0.27890625 0.5319444444444444 0.0203125 0.026851851851851852
1 0.328125 0.5328703703703703 0.017708333333333333 0.028703703703703703