0 0.4775132275132275 0.8041431261770244 0.014285714285714285 0.02824858757062147
0 0.4846560846560847 0.7876647834274952 0.012698412698412698 0.025423728813559324
0 0.48677248677248675 0.885593220338983 0.012698412698412698 0.025423728813559324
0 0.48703703703703705 0.946798493408663 0.0164021164021164 0.03295668549905838
0 0.48703703703703705 0.8253295668549906 0.011111111111111112 0.023540489642184557
1 0.4976190476190476 0.481638418079096 0.01216931216931217 0.023540489642184557
1 0.5026455026455027 0.506120527306968 0.013756613756613757 0.02919020715630885
1 0.5058201058201058 0.5437853107344632 0.013756613756613757 0.02919020715630885
1 0.5087301587301587 0.5998116760828626 0.014285714285714285 0.026365348399246705
1 0.5126984126984127 0.6690207156308852 0.014814814814814815 0.027306967984934087
1 0.5148148148148148 0.7429378531073446 0.014814814814814815 0.032015065913371
1 0.5171957671957672 0.9034839924670434 0.014285714285714285 0.031073446327683617
1 0.5174603174603175 0.8159133709981168 0.016931216931216932 0.03483992467043315