0 0.4720108695652174 0.7785299806576402 0.014673913043478261 0.029013539651837523
0 0.47934782608695653 0.761605415860735 0.013043478260869565 0.02611218568665377
0 0.4815217391304348 0.8621856866537717 0.013043478260869565 0.02611218568665377
0 0.48179347826086955 0.9250483558994197 0.01684782608695652 0.033849129593810444
0 0.48179347826086955 0.8002901353965184 0.01141304347826087 0.024177949709864602
1 0.49266304347826084 0.4472920696324952 0.0125 0.024177949709864602
1 0.49782608695652175 0.4724371373307544 0.014130434782608696 0.029980657640232108
1 0.5010869565217392 0.5111218568665378 0.014130434782608696 0.029980657640232108
1 0.5040760869565217 0.5686653771760155 0.014673913043478261 0.027079303675048357
1 0.5081521739130435 0.6397485493230174 0.015217391304347827 0.02804642166344294
1 0.5103260869565217 0.7156673114119922 0.015217391304347827 0.03288201160541586
1 0.5127717391304348 0.8805609284332688 0.014673913043478261 0.031914893617021274
1 0.5130434782608696 0.7906189555125726 0.017391304347826087 0.035783365570599614