1 0.46713483146067414 0.4785 0.014044943820224719 0.027
1 0.47162921348314607 0.46 0.016292134831460674 0.02
0 0.4730337078651685 0.7705 0.012359550561797753 0.031
1 0.473876404494382 0.442 0.012921348314606741 0.022
0 0.47696629213483144 0.9425 0.012359550561797753 0.027
0 0.47696629213483144 0.814 0.012359550561797753 0.026
0 0.47808988764044946 0.875 0.015730337078651686 0.036
1 0.49129213483146067 0.4485 0.01741573033707865 0.023
1 0.4957865168539326 0.4735 0.016292134831460674 0.029
1 0.49859550561797755 0.513 0.019662921348314606 0.034
1 0.5022471910112359 0.5735 0.015730337078651686 0.033
1 0.5044943820224719 0.643 0.016853932584269662 0.03
1 0.5075842696629214 0.725 0.01741573033707865 0.036
1 0.5092696629213483 0.802 0.016292134831460674 0.036
1 0.5098314606741573 0.8965 0.014044943820224719 0.035