1 0.48174603174603176 0.5023540489642184 0.013227513227513227 0.025423728813559324
1 0.48597883597883595 0.4849340866290019 0.015343915343915344 0.018832391713747645
0 0.4873015873015873 0.777306967984934 0.01164021164021164 0.02919020715630885
1 0.4880952380952381 0.467984934086629 0.01216931216931217 0.02071563088512241
0 0.491005291005291 0.9392655367231638 0.01164021164021164 0.025423728813559324
0 0.491005291005291 0.8182674199623352 0.01164021164021164 0.02448210922787194
0 0.49206349206349204 0.8757062146892656 0.014814814814814815 0.03389830508474576
1 0.5044973544973544 0.474105461393597 0.0164021164021164 0.021657250470809793
1 0.5087301587301587 0.4976459510357815 0.015343915343915344 0.027306967984934087
1 0.5113756613756614 0.5348399246704332 0.018518518518518517 0.032015065913371
1 0.5148148148148148 0.5918079096045198 0.014814814814814815 0.031073446327683617
1 0.5169312169312169 0.6572504708097928 0.015873015873015872 0.02824858757062147
1 0.5198412698412699 0.7344632768361582 0.0164021164021164 0.03389830508474576
1 0.5214285714285715 0.8069679849340866 0.015343915343915344 0.03389830508474576
1 0.521957671957672 0.8959510357815442 0.013227513227513227 0.03295668549905838