0 0.45132978723404255 0.584593572778828 0.009042553191489361 0.01606805293005671
0 0.4518617021276596 0.5954631379962193 0.009042553191489361 0.015122873345935728
1 0.4531914893617021 0.362476370510397 0.009574468085106383 0.01984877126654064
0 0.4550531914893617 0.6063327032136105 0.006914893617021276 0.01606805293005671
1 0.45691489361702126 0.3672022684310019 0.00851063829787234 0.01984877126654064
0 0.4571808510638298 0.6167296786389413 0.007978723404255319 0.014177693761814745
0 0.45930851063829786 0.6280718336483931 0.007978723404255319 0.01606805293005671
1 0.46143617021276595 0.3733459357277883 0.009042553191489361 0.01890359168241966
0 0.4632978723404255 0.6356332703213611 0.00851063829787234 0.01984877126654064
0 0.4675531914893617 0.6238185255198487 0.010638297872340425 0.020793950850661626
1 0.46888297872340423 0.3719281663516068 0.017553191489361703 0.021739130434782608
1 0.47047872340425534 0.361531190926276 0.014361702127659574 0.021739130434782608
0 0.47127659574468084 0.6082230623818525 0.011702127659574468 0.023629489603024575
1 0.474468085106383 0.3397920604914934 0.018085106382978722 0.02551984877126654
0 0.474468085106383 0.5935727788279773 0.011702127659574468 0.01890359168241966
1 0.47579787234042553 0.31758034026465026 0.014361702127659574 0.024574669187145556
0 0.4776595744680851 0.5822306238185255 0.010638297872340425 0.020793950850661626
0 0.4797872340425532 0.9395085066162571 0.014893617021276596 0.03213610586011342
1 0.4800531914893617 0.29678638941398866 0.01648936170212766 0.022684310018903593
0 0.48271276595744683 0.8331758034026465 0.013297872340425532 0.02930056710775047
0 0.4829787234042553 0.5708884688090737 0.013829787234042552 0.024574669187145556
1 0.48377659574468085 0.277882797731569 0.018617021276595744 0.022684310018903593
0 0.4845744680851064 0.7197542533081286 0.014893617021276596 0.031190926275992438
1 0.48590425531914894 0.2594517958412098 0.014361702127659574 0.02930056710775047
0 0.486436170212766 0.6058601134215501 0.013297872340425532 0.02835538752362949
0 0.4867021276595745 0.6639886578449905 0.014893617021276596 0.02930056710775047
1 0.4909574468085106 0.24669187145557656 0.014893617021276596 0.02835538752362949
1 0.4997340425531915 0.2603969754253308 0.015425531914893617 0.031190926275992438
1 0.5031914893617021 0.29017013232514177 0.015957446808510637 0.030245746691871456
1 0.5063829787234042 0.32939508506616255 0.01702127659574468 0.036862003780718335
1 0.5111702127659574 0.9480151228733459 0.018085106382978722 0.034026465028355386
1 0.511436170212766 0.3846880907372401 0.018617021276595744 0.03780718336483932
1 0.5140957446808511 0.44848771266540643 0.018617021276595744 0.04253308128544423
1 0.5140957446808511 0.5245746691871456 0.017553191489361703 0.03780718336483932
1 0.5143617021276595 0.8095463137996219 0.019148936170212766 0.036862003780718335
1 0.5154255319148936 0.5949905482041588 0.01702127659574468 0.036862003780718335
1 0.5159574468085106 0.6786389413988658 0.01702127659574468 0.03780718336483932