0 0.46067708333333335 0.4152777777777778 0.008854166666666666 0.01574074074074074
0 0.4546875 0.4162037037037037 0.008333333333333333 0.01574074074074074
1 0.5830729166666667 0.4185185185185185 0.0109375 0.016666666666666666
0 0.44869791666666664 0.4217592592592593 0.008854166666666666 0.012037037037037037
1 0.58046875 0.425 0.0109375 0.014814814814814815
0 0.44296875 0.425462962962963 0.0078125 0.013888888888888888
0 0.43671875 0.42916666666666664 0.008854166666666666 0.013888888888888888
1 0.5770833333333333 0.43287037037037035 0.010416666666666666 0.01574074074074074
0 0.43255208333333334 0.4361111111111111 0.0109375 0.014814814814814815
0 0.039322916666666666 0.4412037037037037 0.015104166666666667 0.023148148148148147
0 0.06692708333333333 0.44166666666666665 0.015104166666666667 0.025925925925925925
0 0.4390625 0.44351851851851853 0.011458333333333333 0.018518518518518517
1 0.5778645833333333 0.44583333333333336 0.011979166666666667 0.030555555555555555
0 0.09114583333333333 0.44722222222222224 0.016666666666666666 0.025925925925925925
0 0.11302083333333333 0.4476851851851852 0.016666666666666666 0.030555555555555555
1 0.58359375 0.4486111111111111 0.011979166666666667 0.025
0 0.006510416666666667 0.4486111111111111 0.013020833333333334 0.026851851851851852
0 0.44765625 0.45 0.013020833333333334 0.020370370370370372
0 0.15807291666666667 0.4537037037037037 0.015104166666666667 0.024074074074074074
1 0.5955729166666667 0.45555555555555555 0.0140625 0.03148148148148148
0 0.4557291666666667 0.45555555555555555 0.010416666666666666 0.020370370370370372
1 0.6078125 0.45787037037037037 0.013541666666666667 0.025
0 0.46197916666666666 0.46111111111111114 0.011458333333333333 0.018518518518518517
0 0.20885416666666667 0.462037037037037 0.016666666666666666 0.027777777777777776
0 0.26510416666666664 0.4648148148148148 0.017708333333333333 0.025925925925925925
1 0.6192708333333333 0.4652777777777778 0.0125 0.028703703703703703
0 0.32369791666666664 0.4699074074074074 0.016145833333333335 0.023148148148148147
0 0.46822916666666664 0.4703703703703704 0.013541666666666667 0.024074074074074074
1 0.6296875 0.47175925925925927 0.0125 0.032407407407407406
0 0.38619791666666664 0.47314814814814815 0.0171875 0.025925925925925925
1 0.63984375 0.475462962962963 0.016145833333333335 0.025
0 0.44895833333333335 0.47638888888888886 0.015625 0.023148148148148147
0 0.41692708333333334 0.47685185185185186 0.016145833333333335 0.025925925925925925
1 0.646875 0.4842592592592593 0.015625 0.025925925925925925
1 0.6393229166666666 0.49953703703703706 0.0171875 0.026851851851851852
1 0.08046875 0.5018518518518519 0.019270833333333334 0.03148148148148148
1 0.00546875 0.5027777777777778 0.009895833333333333 0.02962962962962963
1 0.04401041666666667 0.5037037037037037 0.016145833333333335 0.027777777777777776
1 0.6229166666666667 0.5055555555555555 0.016666666666666666 0.027777777777777776
1 0.11484375 0.5055555555555555 0.018229166666666668 0.025925925925925925
1 0.6013020833333333 0.5111111111111111 0.0203125 0.02962962962962963
1 0.1875 0.5125 0.01875 0.025
1 0.2604166666666667 0.5194444444444445 0.01875 0.03148148148148148
1 0.5708333333333333 0.5199074074074074 0.020833333333333332 0.032407407407407406
1 0.5356770833333333 0.524537037037037 0.0234375 0.032407407407407406
1 0.49375 0.524537037037037 0.020833333333333332 0.030555555555555555
1 0.33671875 0.525 0.0203125 0.03333333333333333
1 0.4549479166666667 0.5268518518518519 0.0203125 0.02962962962962963
1 0.4088541666666667 0.5277777777777778 0.020833333333333332 0.02962962962962963