0 0.4438172043010753 0.5760038240917782 0.00913978494623656 0.016252390057361378
0 0.4443548387096774 0.5869980879541109 0.00913978494623656 0.015296367112810707
1 0.4456989247311828 0.3513384321223709 0.00967741935483871 0.020076481835564052
0 0.4475806451612903 0.5979923518164436 0.006989247311827957 0.016252390057361378
1 0.44946236559139785 0.3561185468451243 0.008602150537634409 0.020076481835564052
0 0.4497311827956989 0.608508604206501 0.008064516129032258 0.014340344168260038
0 0.45188172043010755 0.619980879541109 0.008064516129032258 0.016252390057361378
1 0.45403225806451614 0.36233269598470363 0.00913978494623656 0.019120458891013385
0 0.4559139784946237 0.6276290630975143 0.008602150537634409 0.020076481835564052
0 0.46021505376344085 0.615678776290631 0.010752688172043012 0.021032504780114723
1 0.4615591397849462 0.36089866156787764 0.017741935483870968 0.02198852772466539
1 0.4631720430107527 0.35038240917782026 0.014516129032258065 0.02198852772466539
0 0.4639784946236559 0.5999043977055449 0.011827956989247311 0.02390057361376673
1 0.46720430107526884 0.3283938814531549 0.01827956989247312 0.02581261950286807
0 0.46720430107526884 0.5850860420650096 0.011827956989247311 0.019120458891013385
1 0.4685483870967742 0.30592734225621415 0.014516129032258065 0.0248565965583174
0 0.47043010752688175 0.5736137667304015 0.010752688172043012 0.021032504780114723
0 0.47258064516129034 0.9349904397705545 0.015053763440860216 0.032504780114722756
1 0.4728494623655914 0.28489483747609945 0.016666666666666666 0.022944550669216062
0 0.47553763440860214 0.8274378585086042 0.013440860215053764 0.029636711281070746
0 0.47580645161290325 0.5621414913957935 0.013978494623655914 0.0248565965583174
1 0.47661290322580646 0.26577437858508607 0.01881720430107527 0.022944550669216062
0 0.4774193548387097 0.7127151051625239 0.015053763440860216 0.03154875717017208
1 0.47876344086021505 0.247131931166348 0.014516129032258065 0.029636711281070746
0 0.4793010752688172 0.5975143403441683 0.013440860215053764 0.028680688336520075
0 0.47956989247311826 0.6563097514340345 0.015053763440860216 0.029636711281070746
1 0.4838709677419355 0.23422562141491396 0.015053763440860216 0.028680688336520075
1 0.49274193548387096 0.24808795411089865 0.015591397849462365 0.03154875717017208
1 0.4962365591397849 0.27820267686424477 0.016129032258064516 0.030592734225621414
1 0.49946236559139784 0.3178776290630975 0.017204301075268817 0.0372848948374761
1 0.5043010752688172 0.9435946462715105 0.01827956989247312 0.03441682600382409
1 0.5045698924731182 0.3738049713193117 0.01881720430107527 0.03824091778202677
1 0.507258064516129 0.43833652007648183 0.01881720430107527 0.043021032504780114
1 0.507258064516129 0.5152963671128107 0.017741935483870968 0.03824091778202677
1 0.5075268817204301 0.8035372848948374 0.01935483870967742 0.0372848948374761
1 0.5086021505376344 0.5865200764818356 0.017204301075268817 0.0372848948374761
1 0.5091397849462366 0.6711281070745698 0.017204301075268817 0.03824091778202677