0 0.5469101123595506 0.438 0.016292134831460674 0.014
1 0.5452247191011236 0.729 0.016292134831460674 0.026
0 0.5432584269662921 0.0025 0.017977528089887642 0.005
1 0.5418539325842696 0.7515 0.015168539325842697 0.021
0 0.5410112359550562 0.461 0.01348314606741573 0.026
1 0.5396067415730337 0.779 0.016292134831460674 0.036
0 0.5370786516853933 0.102 0.019101123595505618 0.032
0 0.5356741573033708 0.21 0.016292134831460674 0.032
0 0.5342696629213484 0.4825 0.01348314606741573 0.033
0 0.5331460674157303 0.4475 0.012359550561797753 0.027
0 0.5328651685393259 0.386 0.016292134831460674 0.034
0 0.5314606741573034 0.327 0.019101123595505618 0.032
1 0.5247191011235955 0.8235 0.017977528089887642 0.031
1 0.5120786516853932 0.8055 0.020786516853932586 0.031
1 0.5095505617977528 0.7855 0.02359550561797753 0.029
1 0.5075842696629214 0.0925 0.016292134831460674 0.027
1 0.5044943820224719 0.682 0.01348314606741573 0.036
1 0.5044943820224719 0.7405 0.024719101123595506 0.029
1 0.5030898876404495 0.2305 0.016292134831460674 0.039
1 0.5008426966292134 0.3685 0.015168539325842697 0.029
1 0.5002808988764045 0.6145 0.016292134831460674 0.031
1 0.499438202247191 0.533 0.017977528089887642 0.034
1 0.4991573033707865 0.4595 0.021910112359550562 0.037