0 0.4770718232044199 0.9945972495088409 0.010497237569060774 0.010805500982318271
0 0.4770718232044199 0.47544204322200395 0.016022099447513812 0.0137524557956778
1 0.4787292817679558 0.18958742632612965 0.016022099447513812 0.025540275049115914
0 0.48066298342541436 0.912573673870334 0.017679558011049725 0.023575638506876228
1 0.48204419889502764 0.1674852652259332 0.014917127071823204 0.0206286836935167
0 0.48287292817679556 0.45284872298624756 0.013259668508287293 0.025540275049115914
1 0.48425414364640884 0.14047151277013753 0.016022099447513812 0.03536345776031434
0 0.4867403314917127 0.8055009823182712 0.01878453038674033 0.03143418467583497
0 0.488121546961326 0.6994106090373281 0.016022099447513812 0.03143418467583497
0 0.4895027624309392 0.4317288801571709 0.013259668508287293 0.03241650294695481
0 0.49060773480662984 0.46611001964636545 0.012154696132596685 0.026522593320235755
0 0.4908839779005525 0.5265225933202358 0.016022099447513812 0.03339882121807466
0 0.4922651933701657 0.5844793713163065 0.01878453038674033 0.03143418467583497
1 0.4988950276243094 0.09675834970530452 0.017679558011049725 0.030451866404715127
1 0.5107734806629834 0.9503929273084479 0.020441988950276244 0.036345776031434185
1 0.5113259668508288 0.1144400785854617 0.020441988950276244 0.030451866404715127
1 0.5138121546961326 0.13408644400785855 0.023204419889502764 0.02848722986247544
1 0.5157458563535912 0.8148330058939096 0.016022099447513812 0.026522593320235755
1 0.5187845303867403 0.2357563850687623 0.013259668508287293 0.03536345776031434
1 0.5187845303867403 0.17829076620825146 0.02430939226519337 0.02848722986247544
1 0.5201657458563536 0.6792730844793713 0.016022099447513812 0.03831041257367387
1 0.5223756906077348 0.543713163064833 0.014917127071823204 0.02848722986247544
1 0.5229281767955801 0.30206286836935164 0.016022099447513812 0.030451866404715127
1 0.523756906077348 0.38212180746561886 0.017679558011049725 0.03339882121807466
1 0.5240331491712708 0.4543222003929273 0.02154696132596685 0.036345776031434185