0 0.5477900552486188 0.5044204322200393 0.009392265193370166 0.0206286836935167
0 0.543646408839779 0.5137524557956779 0.009944751381215469 0.01768172888015717
0 0.5406077348066298 0.5309430255402751 0.010497237569060774 0.01669941060903733
0 0.5403314917127072 0.007858546168958742 0.011049723756906077 0.015717092337917484
0 0.5375690607734807 0.09332023575638507 0.009944751381215469 0.025540275049115914
1 0.537292817679558 0.8109037328094303 0.013812154696132596 0.0206286836935167
0 0.5353591160220994 0.5476424361493124 0.011049723756906077 0.018664047151277015
0 0.5331491712707183 0.5604125736738703 0.011049723756906077 0.0206286836935167
1 0.5331491712707183 0.8354616895874263 0.014364640883977901 0.0206286836935167
0 0.530939226519337 0.19351669941060903 0.014364640883977901 0.03143418467583497
1 0.5290055248618785 0.8649312377210217 0.014917127071823204 0.026522593320235755
0 0.5276243093922652 0.29960707269155207 0.015469613259668509 0.0275049115913556
0 0.5270718232044199 0.5697445972495089 0.013259668508287293 0.023575638506876228
0 0.5245856353591161 0.412573673870334 0.016022099447513812 0.025540275049115914
0 0.5243093922651934 0.5333988212180747 0.013259668508287293 0.023575638506876228
0 0.5229281767955801 0.47593320235756387 0.014917127071823204 0.026522593320235755
1 0.5196132596685082 0.8948919449901768 0.01712707182320442 0.03732809430255403
1 0.5080110497237569 0.05206286836935167 0.011602209944751382 0.029469548133595286
1 0.5074585635359116 0.8973477406679764 0.01712707182320442 0.026522593320235755
1 0.5022099447513813 0.18860510805500982 0.009944751381215469 0.0275049115913556
1 0.5016574585635359 0.8668958742632613 0.015469613259668509 0.02848722986247544
1 0.5008287292817679 0.8295677799607073 0.01270718232044199 0.0343811394891945
1 0.49806629834254146 0.3231827111984283 0.016022099447513812 0.03339882121807466
1 0.49696132596685083 0.7676817288801572 0.013812154696132596 0.0343811394891945
1 0.4953038674033149 0.6969548133595285 0.01712707182320442 0.04027504911591356
1 0.4941988950276243 0.45972495088408644 0.01712707182320442 0.025540275049115914
1 0.49337016574585635 0.6144400785854617 0.016574585635359115 0.03241650294695481
1 0.49337016574585635 0.5427308447937131 0.016574585635359115 0.03241650294695481