0 0.4777199074074074 0.4861111111111111 0.009837962962962963 0.021604938271604937
0 0.4820601851851852 0.4763374485596708 0.010416666666666666 0.018518518518518517
0 0.4852430555555556 0.4583333333333333 0.01099537037037037 0.01748971193415638
0 0.48842592592592593 0.9166666666666666 0.010416666666666666 0.026748971193415638
1 0.4887152777777778 0.16512345679012347 0.014467592592592593 0.021604938271604937
0 0.49074074074074076 0.44084362139917693 0.011574074074074073 0.01954732510288066
0 0.4930555555555556 0.42746913580246915 0.011574074074074073 0.021604938271604937
1 0.4930555555555556 0.13940329218106995 0.015046296296296295 0.021604938271604937
0 0.49537037037037035 0.8117283950617284 0.015046296296296295 0.03292181069958848
1 0.4973958333333333 0.10853909465020577 0.015625 0.027777777777777776
0 0.4988425925925926 0.7006172839506173 0.016203703703703703 0.02880658436213992
0 0.4994212962962963 0.4176954732510288 0.013888888888888888 0.024691358024691357
0 0.5020254629629629 0.5823045267489712 0.01678240740740741 0.026748971193415638
0 0.5023148148148148 0.455761316872428 0.013888888888888888 0.024691358024691357
0 0.5037615740740741 0.5159465020576132 0.015625 0.027777777777777776
1 0.5072337962962963 0.07716049382716049 0.017939814814814815 0.03909465020576132
1 0.5193865740740741 0.9598765432098766 0.012152777777777778 0.030864197530864196
1 0.5199652777777778 0.07458847736625514 0.017939814814814815 0.027777777777777776
1 0.5254629629629629 0.8168724279835391 0.010416666666666666 0.02880658436213992
1 0.5260416666666666 0.10648148148148148 0.016203703703703703 0.029835390946502057
1 0.5269097222222222 0.1455761316872428 0.013310185185185185 0.0360082304526749
1 0.5298032407407407 0.6759259259259259 0.01678240740740741 0.03497942386831276
1 0.5309606481481481 0.2103909465020576 0.014467592592592593 0.0360082304526749
1 0.5326967592592593 0.2844650205761317 0.017939814814814815 0.04218106995884774
1 0.5338541666666666 0.5329218106995884 0.017939814814814815 0.026748971193415638
1 0.5347222222222222 0.37088477366255146 0.017361111111111112 0.033950617283950615
1 0.5347222222222222 0.44598765432098764 0.017361111111111112 0.033950617283950615