0 0.4668421052631579 0.9466292134831461 0.008421052631578947 0.024344569288389514
0 0.4713157894736842 0.8604868913857678 0.01 0.02247191011235955
0 0.4744736842105263 0.7654494382022472 0.01 0.023408239700374533
1 0.47789473684210526 0.1540262172284644 0.01368421052631579 0.019662921348314606
0 0.48026315789473684 0.6657303370786517 0.012105263157894737 0.024344569288389514
1 0.48078947368421054 0.13108614232209737 0.013157894736842105 0.026217228464419477
0 0.48157894736842105 0.4101123595505618 0.011578947368421053 0.024344569288389514
1 0.48368421052631577 0.10814606741573034 0.010526315789473684 0.019662921348314606
0 0.48447368421052633 0.44335205992509363 0.01 0.025280898876404494
0 0.48473684210526313 0.5009363295880149 0.01263157894736842 0.026217228464419477
0 0.48526315789473684 0.5575842696629213 0.015789473684210527 0.02902621722846442
1 0.495 0.0800561797752809 0.01631578947368421 0.02902621722846442
1 0.4994736842105263 0.8979400749063671 0.014736842105263158 0.028089887640449437
1 0.501578947368421 0.09737827715355805 0.014736842105263158 0.026217228464419477
1 0.5052631578947369 0.7734082397003745 0.01263157894736842 0.024344569288389514
1 0.5063157894736842 0.12312734082397003 0.01263157894736842 0.023408239700374533
1 0.5094736842105263 0.6437265917602997 0.014736842105263158 0.02902621722846442
1 0.5107894736842106 0.16292134831460675 0.014210526315789474 0.028089887640449437
1 0.5123684210526316 0.21956928838951312 0.014210526315789474 0.02902621722846442
1 0.515 0.5135767790262172 0.01631578947368421 0.03089887640449438
1 0.5163157894736842 0.43211610486891383 0.018947368421052633 0.03651685393258427
1 0.5171052631578947 0.3651685393258427 0.017368421052631578 0.0299625468164794
1 0.5171052631578947 0.28885767790262173 0.017368421052631578 0.02902621722846442