0 0.5479057591623037 0.5544692737430168 0.005759162303664921 0.017690875232774673
0 0.5471204188481675 0.5097765363128491 0.0062827225130890054 0.017690875232774673
0 0.5460732984293194 0.5940409683426443 0.0062827225130890054 0.0223463687150838
0 0.5450261780104712 0.43435754189944137 0.007329842931937173 0.021415270018621976
0 0.5429319371727749 0.6270949720670391 0.007329842931937173 0.021415270018621976
0 0.5410994764397906 0.3538175046554935 0.007853403141361256 0.0260707635009311
0 0.5403141361256545 0.6610800744878957 0.007329842931937173 0.020484171322160148
0 0.5387434554973822 0.26536312849162014 0.008376963350785341 0.024208566108007448
0 0.5350785340314136 0.17039106145251395 0.008376963350785341 0.024208566108007448
0 0.5345549738219896 0.7271880819366853 0.008376963350785341 0.024208566108007448
0 0.5332460732984293 0.12011173184357542 0.007853403141361256 0.0223463687150838
0 0.5321989528795812 0.06052141527001862 0.007853403141361256 0.0260707635009311
0 0.5306282722513089 0.006983240223463687 0.005759162303664921 0.013966480446927373
0 0.5287958115183246 0.8091247672253259 0.008376963350785341 0.0260707635009311
0 0.5230366492146596 0.9082867783985102 0.011518324607329843 0.028864059590316574
1 0.5196335078534031 0.5046554934823091 0.01099476439790576 0.024208566108007448
1 0.518324607329843 0.5647113594040968 0.010471204188481676 0.028864059590316574
1 0.5170157068062827 0.44878957169459965 0.009947643979057591 0.027932960893854747
1 0.5154450261780105 0.33147113594040967 0.009947643979057591 0.035381750465549346
1 0.5149214659685863 0.6131284916201117 0.012041884816753926 0.025139664804469275
1 0.5133507853403141 0.2053072625698324 0.008900523560209424 0.032588454376163874
1 0.5109947643979058 0.6652700186219739 0.010471204188481676 0.028864059590316574
1 0.5104712041884817 0.06750465549348231 0.011518324607329843 0.038175046554934824
1 0.5047120418848168 0.7774674115456238 0.011518324607329843 0.03165735567970205
1 0.493979057591623 0.9022346368715084 0.009947643979057591 0.035381750465549346