0 0.4532085561497326 0.4405893536121673 0.0058823529411764705 0.01806083650190114
0 0.4540106951871658 0.4862167300380228 0.006417112299465241 0.01806083650190114
0 0.4550802139037433 0.40019011406844107 0.006417112299465241 0.022813688212927757
0 0.4561497326203209 0.563212927756654 0.0074866310160427805 0.021863117870722433
0 0.45828877005347596 0.3664448669201521 0.0074866310160427805 0.021863117870722433
0 0.4601604278074866 0.6454372623574145 0.008021390374331552 0.026615969581749048
0 0.46096256684491976 0.33174904942965777 0.0074866310160427805 0.02091254752851711
0 0.4625668449197861 0.7357414448669202 0.008556149732620321 0.024714828897338403
0 0.4663101604278075 0.8326996197718631 0.008556149732620321 0.024714828897338403
0 0.46684491978609627 0.26425855513307983 0.008556149732620321 0.024714828897338403
0 0.4681818181818182 0.8840304182509505 0.008021390374331552 0.022813688212927757
0 0.4692513368983957 0.9448669201520913 0.008021390374331552 0.026615969581749048
0 0.470855614973262 0.9961977186311787 0.0058823529411764705 0.0076045627376425855
0 0.4727272727272727 0.1806083650190114 0.008556149732620321 0.026615969581749048
0 0.4786096256684492 0.07937262357414449 0.011764705882352941 0.029467680608365018
1 0.4820855614973262 0.4914448669201521 0.011229946524064172 0.024714828897338403
1 0.4834224598930481 0.4301330798479088 0.0106951871657754 0.029467680608365018
1 0.48475935828877004 0.5484790874524715 0.010160427807486631 0.028517110266159697
1 0.4863636363636364 0.6682509505703422 0.010160427807486631 0.03612167300380228
1 0.4868983957219251 0.38070342205323193 0.01229946524064171 0.025665399239543727
1 0.48850267379679146 0.7970532319391636 0.00909090909090909 0.03326996197718631
1 0.4909090909090909 0.3274714828897338 0.0106951871657754 0.029467680608365018
1 0.4914438502673797 0.9377376425855514 0.011764705882352941 0.03897338403041825
1 0.49732620320855614 0.21292775665399238 0.011764705882352941 0.03231939163498099
1 0.508288770053476 0.08555133079847908 0.010160427807486631 0.03612167300380228