0 0.2515625 0.41944444444444445 0.0125 0.020370370370370372
0 0.6643229166666667 0.4203703703703704 0.015104166666666667 0.022222222222222223
0 0.59609375 0.4263888888888889 0.019270833333333334 0.026851851851851852
0 0.6395833333333333 0.4263888888888889 0.0125 0.01574074074074074
0 0.26328125 0.4310185185185185 0.0109375 0.025
0 0.6877604166666667 0.43333333333333335 0.0109375 0.020370370370370372
0 0.7075520833333333 0.4356481481481482 0.0109375 0.025
0 0.728125 0.43796296296296294 0.013541666666666667 0.02962962962962963
0 0.5473958333333333 0.43842592592592594 0.013541666666666667 0.025
0 0.5002604166666667 0.4393518518518518 0.016145833333333335 0.026851851851851852
0 0.2825520833333333 0.4439814814814815 0.016145833333333335 0.017592592592592594
0 0.3307291666666667 0.44722222222222224 0.013541666666666667 0.02962962962962963
0 0.3020833333333333 0.4476851851851852 0.01875 0.025
0 0.44895833333333335 0.4476851851851852 0.014583333333333334 0.025
0 0.42213541666666665 0.449537037037037 0.016145833333333335 0.025
0 0.39166666666666666 0.45046296296296295 0.014583333333333334 0.026851851851851852
0 0.3609375 0.45185185185185184 0.013541666666666667 0.020370370370370372
0 0.76875 0.4527777777777778 0.01875 0.03148148148148148
1 0.10052083333333334 0.4615740740740741 0.0125 0.025
0 0.8182291666666667 0.46296296296296297 0.017708333333333333 0.020370370370370372
1 0.11223958333333334 0.46435185185185185 0.015104166666666667 0.03611111111111111
1 0.13229166666666667 0.47129629629629627 0.016666666666666666 0.022222222222222223
1 0.15182291666666667 0.475462962962963 0.0171875 0.026851851851851852
1 0.6356770833333333 0.4773148148148148 0.015104166666666667 0.03425925925925926
0 0.8794270833333333 0.4773148148148148 0.0203125 0.03425925925925926
1 0.5372395833333333 0.47962962962962963 0.016145833333333335 0.02962962962962963
1 0.6697916666666667 0.47962962962962963 0.013541666666666667 0.02962962962962963
1 0.6018229166666667 0.48055555555555557 0.015104166666666667 0.03148148148148148
1 0.17526041666666667 0.4810185185185185 0.0171875 0.026851851851851852
1 0.20911458333333333 0.48194444444444445 0.0171875 0.03425925925925926
1 0.28489583333333335 0.4847222222222222 0.019791666666666666 0.025
1 0.24739583333333334 0.48518518518518516 0.01875 0.03148148148148148
1 0.3229166666666667 0.48703703703703705 0.023958333333333335 0.02962962962962963
1 0.4674479166666667 0.48703703703703705 0.015104166666666667 0.02962962962962963
1 0.7005208333333334 0.48935185185185187 0.017708333333333333 0.025
0 0.9442708333333333 0.48935185185185187 0.017708333333333333 0.03425925925925926
1 0.3953125 0.4898148148148148 0.014583333333333334 0.03148148148148148
1 0.7309895833333333 0.49675925925925923 0.016145833333333335 0.03611111111111111
1 0.8002604166666667 0.5101851851851852 0.021354166666666667 0.02962962962962963
1 0.87578125 0.5268518518518519 0.016145833333333335 0.040740740740740744
1 0.9630208333333333 0.5546296296296296 0.023958333333333335 0.040740740740740744