0 0.5443686006825939 0.7474696356275303 0.013651877133105802 0.029352226720647773
0 0.5406712172923777 0.6148785425101214 0.016496018202502846 0.03744939271255061
0 0.5406712172923777 0.6993927125506073 0.009670079635949944 0.024291497975708502
0 0.5364050056882821 0.7930161943319838 0.012514220705346985 0.02125506072874494
0 0.5349829351535836 0.8314777327935222 0.015358361774744027 0.02125506072874494
0 0.5335608646188851 0.8714574898785425 0.01820250284414107 0.02631578947368421
0 0.5332764505119454 0.520242914979757 0.015358361774744027 0.02631578947368421
0 0.532707622298066 0.42864372469635625 0.016496018202502846 0.03137651821862348
0 0.5298634812286689 0.01062753036437247 0.01080773606370876 0.02125506072874494
0 0.5278725824800911 0.09919028340080972 0.01820250284414107 0.02631578947368421
0 0.5275881683731513 0.043522267206477734 0.015358361774744027 0.03643724696356275
0 0.5275881683731513 0.32894736842105265 0.015358361774744027 0.02834008097165992
0 0.5264505119453925 0.2768218623481781 0.015358361774744027 0.03137651821862348
0 0.5258816837315131 0.21761133603238866 0.016496018202502846 0.02834008097165992
0 0.5250284414106939 0.15789473684210525 0.012514220705346985 0.02631578947368421
0 0.5244596131968146 0.9504048582995951 0.019340159271899887 0.03643724696356275
1 0.5093856655290102 0.6918016194331984 0.02104664391353811 0.029352226720647773
1 0.5079635949943118 0.5005060728744939 0.01820250284414107 0.03137651821862348
1 0.5079635949943118 0.7580971659919028 0.01820250284414107 0.02631578947368421
1 0.5073947667804323 0.6260121457489879 0.019340159271899887 0.029352226720647773
1 0.504835039817975 0.014676113360323886 0.015358361774744027 0.029352226720647773
1 0.5034129692832765 0.0840080971659919 0.01820250284414107 0.0465587044534413
1 0.5034129692832765 0.3648785425101215 0.01820250284414107 0.029352226720647773
1 0.5019908987485779 0.8178137651821862 0.015358361774744027 0.03441295546558704
1 0.5017064846416383 0.22469635627530365 0.019340159271899887 0.02834008097165992
1 0.4974402730375427 0.8770242914979757 0.02218430034129693 0.03137651821862348
1 0.4891922639362912 0.9954453441295547 0.01820250284414107 0.009109311740890687