0 0.4633333333333333 0.983201581027668 0.012222222222222223 0.023715415019762844
0 0.4638888888888889 0.20009881422924902 0.013333333333333334 0.02865612648221344
0 0.4675 0.32954545454545453 0.01611111111111111 0.036561264822134384
0 0.4675 0.24703557312252963 0.009444444444444445 0.023715415019762844
0 0.4702777777777778 0.9609683794466403 0.015 0.020750988142292492
0 0.4716666666666667 0.15563241106719367 0.012222222222222223 0.020750988142292492
0 0.47305555555555556 0.11808300395256917 0.015 0.020750988142292492
0 0.47444444444444445 0.07905138339920949 0.017777777777777778 0.025691699604743084
0 0.4747222222222222 0.42193675889328064 0.015 0.025691699604743084
0 0.4752777777777778 0.5113636363636364 0.01611111111111111 0.030632411067193676
0 0.47805555555555557 0.924407114624506 0.010555555555555556 0.030632411067193676
0 0.48 0.8330039525691699 0.017777777777777778 0.025691699604743084
0 0.4802777777777778 0.8873517786561265 0.015 0.03557312252964427
0 0.4802777777777778 0.6086956521739131 0.015 0.02766798418972332
0 0.48138888888888887 0.6595849802371542 0.015 0.030632411067193676
0 0.48194444444444445 0.717391304347826 0.01611111111111111 0.02766798418972332
0 0.48277777777777775 0.775691699604743 0.012222222222222223 0.025691699604743084
0 0.48333333333333334 0.009881422924901186 0.01888888888888889 0.019762845849802372
1 0.49805555555555553 0.2544466403162055 0.020555555555555556 0.02865612648221344
1 0.49944444444444447 0.44120553359683795 0.017777777777777778 0.030632411067193676
1 0.49944444444444447 0.18972332015810275 0.017777777777777778 0.025691699604743084
1 0.5 0.31867588932806323 0.01888888888888889 0.02865612648221344
1 0.5025 0.9199604743083004 0.015 0.037549407114624504
1 0.5027777777777778 0.9866600790513834 0.01888888888888889 0.0266798418972332
1 0.5038888888888889 0.8478260869565217 0.017777777777777778 0.045454545454545456
1 0.5038888888888889 0.5736166007905138 0.017777777777777778 0.02865612648221344
1 0.5052777777777778 0.13142292490118576 0.015 0.03359683794466403
1 0.5055555555555555 0.7104743083003953 0.01888888888888889 0.02766798418972332
1 0.5097222222222222 0.07361660079051384 0.021666666666666667 0.030632411067193676