0 0.6231300345224395 0.45850409836065575 0.01380897583429229 0.02971311475409836
0 0.6990794016110472 0.45850409836065575 0.01380897583429229 0.02971311475409836
0 0.6705983889528193 0.46260245901639346 0.01668584579976985 0.027663934426229508
0 0.7249712313003452 0.46311475409836067 0.01380897583429229 0.02459016393442623
0 0.7479861910241657 0.4697745901639344 0.01380897583429229 0.02151639344262295
0 0.5733601841196778 0.4702868852459016 0.017836593785960874 0.022540983606557378
0 0.5178365937859609 0.4738729508196721 0.019562715765247412 0.02971311475409836
0 0.2776179516685846 0.47540983606557374 0.02243958573072497 0.03278688524590164
0 0.7698504027617952 0.47797131147540983 0.014959723820483314 0.027663934426229508
0 0.46029919447640966 0.47848360655737704 0.019562715765247412 0.030737704918032786
0 0.29890678941311855 0.4800204918032787 0.015535097813578827 0.027663934426229508
0 0.4326812428078251 0.48104508196721313 0.012658227848101266 0.02971311475409836
0 0.3322784810126582 0.48309426229508196 0.01668584579976985 0.03790983606557377
0 0.3633486766398159 0.48309426229508196 0.015535097813578827 0.027663934426229508
0 0.3984464902186421 0.48514344262295084 0.01668584579976985 0.027663934426229508
1 0.08026467203682394 0.4882172131147541 0.015535097813578827 0.027663934426229508
0 0.8155926352128884 0.48924180327868855 0.017836593785960874 0.02971311475409836
1 0.0949367088607595 0.4979508196721312 0.014959723820483314 0.03278688524590164
0 0.872554660529344 0.5035860655737705 0.02819332566168009 0.027663934426229508
1 0.11334867663981588 0.507172131147541 0.01611047180667434 0.03483606557377049
1 0.13780207134637515 0.5081967213114754 0.02474108170310702 0.03278688524590164
0 0.9355581127733027 0.5148565573770492 0.020713463751438434 0.02971311475409836
1 0.1636939010356732 0.516905737704918 0.02474108170310702 0.039959016393442626
1 0.6659953970080552 0.5184426229508197 0.01668584579976985 0.03278688524590164
1 0.5581127733026467 0.5194672131147541 0.019562715765247412 0.03483606557377049
1 0.6300345224395857 0.5210040983606558 0.019562715765247412 0.03790983606557377
1 0.703970080552359 0.5210040983606558 0.017836593785960874 0.027663934426229508
1 0.2376294591484465 0.5210040983606558 0.019562715765247412 0.03790983606557377
1 0.19591484464902187 0.5220286885245902 0.02243958573072497 0.039959016393442626
1 0.40218642117376296 0.5235655737704918 0.024165707710011506 0.03278688524590164
1 0.48130034522439585 0.524077868852459 0.021288837744533946 0.03790983606557377
1 0.27848101265822783 0.5251024590163934 0.018411967779056387 0.02971311475409836
1 0.32163406214039125 0.5251024590163934 0.024165707710011506 0.02971311475409836
1 0.7425201380897584 0.5317622950819673 0.01668584579976985 0.03278688524590164
1 0.7738780207134638 0.5348360655737705 0.019562715765247412 0.03483606557377049
1 0.8495397008055235 0.5609631147540983 0.017836593785960874 0.039959016393442626
1 0.9355581127733027 0.5840163934426229 0.020713463751438434 0.045081967213114756