0 0.4323935558112773 0.19262295081967212 0.01668584579976985 0.02459016393442623
0 0.4323935558112773 0.05737704918032787 0.01668584579976985 0.02459016393442623
0 0.43469505178365936 0.10809426229508197 0.015535097813578827 0.02971311475409836
0 0.43498273878020716 0.0117827868852459 0.01380897583429229 0.0235655737704918
0 0.4390103567318757 0.28125 0.012658227848101266 0.031762295081967214
0 0.44102416570771 0.3801229508196721 0.01668584579976985 0.03483606557377049
0 0.44188722669735325 0.8078893442622951 0.018411967779056387 0.039959016393442626
0 0.4436133486766398 0.48258196721311475 0.01726121979286536 0.03483606557377049
0 0.4444764096662831 0.7699795081967213 0.015535097813578827 0.027663934426229508
0 0.4450517836593786 0.5317622950819673 0.01668584579976985 0.022540983606557378
0 0.4462025316455696 0.7105532786885246 0.021288837744533946 0.02971311475409836
0 0.4462025316455696 0.6552254098360656 0.015535097813578827 0.027663934426229508
0 0.44735327963176064 0.5927254098360656 0.015535097813578827 0.02971311475409836
1 0.4651898734177215 0.9943647540983607 0.02243958573072497 0.011270491803278689
1 0.4660529344073648 0.11629098360655737 0.018411967779056387 0.02971311475409836
1 0.4666283084004603 0.3084016393442623 0.019562715765247412 0.03483606557377049
1 0.46749136939010355 0.18032786885245902 0.021288837744533946 0.03483606557377049
1 0.46749136939010355 0.048668032786885244 0.015535097813578827 0.031762295081967214
1 0.46749136939010355 0.8790983606557377 0.021288837744533946 0.03483606557377049
1 0.4680667433831991 0.9533811475409836 0.02243958573072497 0.039959016393442626
1 0.4689298043728424 0.5860655737704918 0.018411967779056387 0.0430327868852459
1 0.4692174913693901 0.4451844262295082 0.021288837744533946 0.03790983606557377
1 0.4697928653624856 0.8063524590163934 0.01668584579976985 0.03278688524590164
1 0.4697928653624856 0.7295081967213115 0.01668584579976985 0.0430327868852459