0 0.6213541666666667 0.425462962962963 0.0125 0.026851851851851852
0 0.6901041666666666 0.425462962962963 0.0125 0.026851851851851852
0 0.6643229166666667 0.42916666666666664 0.015104166666666667 0.025
0 0.7135416666666666 0.42962962962962964 0.0125 0.022222222222222223
0 0.734375 0.4356481481481482 0.0125 0.019444444444444445
0 0.5763020833333333 0.4361111111111111 0.016145833333333335 0.020370370370370372
0 0.5260416666666666 0.4393518518518518 0.017708333333333333 0.026851851851851852
0 0.30859375 0.44074074074074077 0.0203125 0.02962962962962963
0 0.7541666666666667 0.44305555555555554 0.013541666666666667 0.025
0 0.4739583333333333 0.44351851851851853 0.017708333333333333 0.027777777777777776
0 0.32786458333333335 0.4449074074074074 0.0140625 0.025
0 0.44895833333333335 0.44583333333333336 0.011458333333333333 0.026851851851851852
0 0.3580729166666667 0.4476851851851852 0.015104166666666667 0.03425925925925926
0 0.38619791666666664 0.4476851851851852 0.0140625 0.025
0 0.41796875 0.449537037037037 0.015104166666666667 0.025
1 0.12994791666666666 0.45231481481481484 0.0140625 0.025
0 0.7955729166666666 0.4532407407407407 0.016145833333333335 0.026851851851851852
1 0.14322916666666666 0.46111111111111114 0.013541666666666667 0.02962962962962963
0 0.8471354166666667 0.46620370370370373 0.025520833333333333 0.025
1 0.15989583333333332 0.46944444444444444 0.014583333333333334 0.03148148148148148
1 0.18203125 0.4703703703703704 0.022395833333333334 0.02962962962962963
0 0.9041666666666667 0.47638888888888886 0.01875 0.026851851851851852
1 0.20546875 0.47824074074074074 0.022395833333333334 0.03611111111111111
1 0.66015625 0.47962962962962963 0.015104166666666667 0.02962962962962963
1 0.5625 0.48055555555555557 0.017708333333333333 0.03148148148148148
1 0.6276041666666666 0.48194444444444445 0.017708333333333333 0.03425925925925926
1 0.69453125 0.48194444444444445 0.016145833333333335 0.025
1 0.27239583333333334 0.48194444444444445 0.017708333333333333 0.03425925925925926
1 0.23463541666666668 0.4828703703703704 0.0203125 0.03611111111111111
1 0.42135416666666664 0.4842592592592593 0.021875 0.02962962962962963
1 0.49296875 0.4847222222222222 0.019270833333333334 0.03425925925925926
1 0.309375 0.48564814814814816 0.016666666666666666 0.026851851851851852
1 0.3484375 0.48564814814814816 0.021875 0.026851851851851852
1 0.7294270833333333 0.49166666666666664 0.015104166666666667 0.02962962962962963
0 0.9752604166666666 0.49398148148148147 0.015104166666666667 0.03425925925925926
1 0.7578125 0.49444444444444446 0.017708333333333333 0.03148148148148148
1 0.8263020833333333 0.5180555555555556 0.016145833333333335 0.03611111111111111
1 0.9041666666666667 0.5388888888888889 0.01875 0.040740740740740744
1 0.9916666666666667 0.5611111111111111 0.016666666666666666 0.04814814814814815