0 0.550990675990676 0.828838174273859 0.0168997668997669 0.024896265560165973
0 0.5492424242424242 0.7437759336099585 0.011072261072261072 0.024896265560165973
0 0.5483682983682984 0.8843360995850622 0.01282051282051282 0.032157676348547715
0 0.5457459207459208 0.9336099585062241 0.015734265734265736 0.016597510373443983
0 0.5442890442890443 0.649896265560166 0.01282051282051282 0.03008298755186722
0 0.541958041958042 0.5529045643153527 0.013986013986013986 0.026970954356846474
0 0.541958041958042 0.9725103734439834 0.013986013986013986 0.021784232365145227
0 0.541958041958042 0.12240663900414937 0.013986013986013986 0.022821576763485476
0 0.5396270396270396 0.16130705394190872 0.018648018648018648 0.028008298755186723
0 0.5378787878787878 0.21628630705394192 0.013986013986013986 0.017634854771784232
0 0.5378787878787878 0.3360995850622407 0.013986013986013986 0.024896265560165973
0 0.5378787878787878 0.4491701244813278 0.013986013986013986 0.022821576763485476
0 0.537004662004662 0.2754149377593361 0.015734265734265736 0.028008298755186723
0 0.5367132867132867 0.39782157676348545 0.01282051282051282 0.028008298755186723
1 0.5166083916083916 0.8236514522821576 0.02156177156177156 0.035269709543568464
1 0.5151515151515151 0.125 0.018648018648018648 0.03423236514522822
1 0.5151515151515151 0.20435684647302904 0.024475524475524476 0.03734439834024896
1 0.5148601398601399 0.8978215767634855 0.015734265734265736 0.04253112033195021
1 0.5145687645687645 0.7562240663900415 0.017482517482517484 0.03941908713692946
1 0.5142773892773893 0.052385892116182574 0.0168997668997669 0.03423236514522822
1 0.5122377622377622 0.625 0.018648018648018648 0.04045643153526971
1 0.5122377622377622 0.48392116182572614 0.018648018648018648 0.04253112033195021
1 0.5113636363636364 0.3433609958506224 0.0168997668997669 0.029045643153526972
1 0.5101981351981352 0.95798755186722 0.020396270396270396 0.04045643153526971