0 0.6901041666666666 0.4273148148148148 0.0125 0.026851851851851852
0 0.6473958333333333 0.4300925925925926 0.0125 0.017592592592592594
0 0.71796875 0.43148148148148147 0.016145833333333335 0.020370370370370372
0 0.7427083333333333 0.4356481481481482 0.008333333333333333 0.025
0 0.6002604166666666 0.43796296296296294 0.015104166666666667 0.020370370370370372
0 0.5515625 0.44166666666666665 0.013541666666666667 0.022222222222222223
0 0.7622395833333333 0.44166666666666665 0.0109375 0.022222222222222223
0 0.33541666666666664 0.44166666666666665 0.011458333333333333 0.022222222222222223
0 0.35494791666666664 0.44537037037037036 0.0140625 0.02962962962962963
0 0.7854166666666667 0.44814814814814813 0.0125 0.022222222222222223
0 0.38255208333333335 0.44814814814814813 0.008854166666666666 0.022222222222222223
0 0.4427083333333333 0.44814814814814813 0.0125 0.022222222222222223
0 0.49947916666666664 0.44814814814814813 0.011458333333333333 0.022222222222222223
0 0.4122395833333333 0.449537037037037 0.0140625 0.025
0 0.47369791666666666 0.45 0.0140625 0.020370370370370372
0 0.825 0.4601851851851852 0.013541666666666667 0.022222222222222223
1 0.17005208333333333 0.4634259259259259 0.024479166666666666 0.04351851851851852
0 0.8763020833333334 0.46620370370370373 0.015104166666666667 0.01574074074074074
1 0.18984375 0.4708333333333333 0.0171875 0.03425925925925926
1 0.21119791666666668 0.47129629629629627 0.021354166666666667 0.040740740740740744
1 0.23255208333333333 0.47824074074074074 0.011979166666666667 0.03611111111111111
1 0.6875 0.48194444444444445 0.017708333333333333 0.03425925925925926
1 0.26640625 0.4824074074074074 0.0171875 0.02962962962962963
1 0.33671875 0.4842592592592593 0.0171875 0.02962962962962963
1 0.3765625 0.4842592592592593 0.01875 0.03888888888888889
1 0.7247395833333333 0.4847222222222222 0.021354166666666667 0.025
1 0.6536458333333334 0.48518518518518516 0.019791666666666666 0.027777777777777776
0 0.9380208333333333 0.48564814814814816 0.013541666666666667 0.026851851851851852
1 0.30026041666666664 0.48564814814814816 0.0171875 0.026851851851851852
1 0.5877604166666667 0.4888888888888889 0.0203125 0.02962962962962963
1 0.5169270833333334 0.4888888888888889 0.021354166666666667 0.02962962962962963
1 0.44635416666666666 0.49027777777777776 0.014583333333333334 0.026851851851851852
1 0.7549479166666667 0.49212962962962964 0.0203125 0.032407407407407406
1 0.7859375 0.5032407407407408 0.01875 0.03425925925925926
1 0.8546875 0.5194444444444445 0.023958333333333335 0.03888888888888889
1 0.9356770833333333 0.5412037037037037 0.0265625 0.03611111111111111