0 0.4458791208791209 0.12890625 0.015934065934065933 0.0234375
0 0.44752747252747255 0.208984375 0.010439560439560439 0.0234375
0 0.44835164835164837 0.07666015625 0.012087912087912088 0.0302734375
0 0.45082417582417583 0.0302734375 0.014835164835164835 0.015625
0 0.4521978021978022 0.29736328125 0.012087912087912088 0.0283203125
0 0.4543956043956044 0.388671875 0.013186813186813187 0.025390625
0 0.4543956043956044 0.7939453125 0.013186813186813187 0.021484375
0 0.4565934065934066 0.75732421875 0.017582417582417582 0.0263671875
0 0.4582417582417582 0.70556640625 0.013186813186813187 0.0166015625
0 0.4582417582417582 0.5927734375 0.013186813186813187 0.0234375
0 0.4582417582417582 0.486328125 0.013186813186813187 0.021484375
0 0.45906593406593404 0.64990234375 0.014835164835164835 0.0263671875
0 0.4593406593406593 0.53466796875 0.012087912087912088 0.0263671875
1 0.4760989010989011 0.98681640625 0.02142857142857143 0.0224609375
1 0.4782967032967033 0.1337890625 0.02032967032967033 0.033203125
1 0.4785714285714286 0.92333984375 0.017582417582417582 0.0322265625
1 0.4796703296703297 0.79150390625 0.017582417582417582 0.0322265625
1 0.4796703296703297 0.716796875 0.023076923076923078 0.03515625
1 0.47994505494505496 0.06396484375 0.014835164835164835 0.0400390625
1 0.48021978021978023 0.197265625 0.016483516483516484 0.037109375
1 0.4804945054945055 0.85986328125 0.015934065934065933 0.0322265625
1 0.4824175824175824 0.32080078125 0.017582417582417582 0.0380859375
1 0.4824175824175824 0.45361328125 0.017582417582417582 0.0400390625
1 0.48324175824175825 0.5859375 0.015934065934065933 0.02734375
1 0.48434065934065934 0.01318359375 0.019230769230769232 0.0263671875