0 0.5502808988764045 0.8575 0.016292134831460674 0.031
0 0.5502808988764045 0.912 0.014044943820224719 0.026
0 0.549438202247191 0.77 0.015730337078651686 0.028
0 0.5483146067415731 0.1705 0.008988764044943821 0.021
0 0.5463483146067416 0.6775 0.012921348314606741 0.025
0 0.5446629213483146 0.955 0.014044943820224719 0.026
0 0.5441011235955057 0.2075 0.010674157303370787 0.025
0 0.5438202247191011 0.585 0.01348314606741573 0.02
0 0.5432584269662921 0.993 0.012359550561797753 0.014
0 0.5412921348314607 0.4345 0.014044943820224719 0.019
0 0.5412921348314607 0.487 0.014044943820224719 0.022
0 0.5396067415730337 0.2605 0.012921348314606741 0.021
0 0.5396067415730337 0.376 0.012921348314606741 0.026
0 0.5393258426966292 0.319 0.01348314606741573 0.022
1 0.5227528089887641 0.248 0.009550561797752809 0.028
1 0.5213483146067416 0.103 0.016853932584269662 0.03
1 0.520505617977528 0.0405 0.020786516853932586 0.037
1 0.520505617977528 0.1745 0.016292134831460674 0.025
1 0.5196629213483146 0.3855 0.01348314606741573 0.029
1 0.5182584269662921 0.522 0.014044943820224719 0.03
1 0.5182584269662921 0.851 0.016292134831460674 0.03
1 0.5174157303370787 0.785 0.01348314606741573 0.026
1 0.5165730337078651 0.9185 0.015168539325842697 0.031
1 0.5154494382022472 0.656 0.012921348314606741 0.028
1 0.5087078651685393 0.9765 0.01853932584269663 0.035