0 0.4547752808988764 0.1115 0.016292134831460674 0.031
0 0.4547752808988764 0.057 0.014044943820224719 0.026
0 0.4556179775280899 0.199 0.015730337078651686 0.028
0 0.4567415730337079 0.7985 0.008988764044943821 0.021
0 0.45870786516853934 0.2915 0.012921348314606741 0.025
0 0.46039325842696627 0.014 0.014044943820224719 0.026
0 0.4609550561797753 0.7615 0.010674157303370787 0.025
0 0.46123595505617976 0.384 0.01348314606741573 0.02
0 0.46376404494382023 0.5345 0.014044943820224719 0.019
0 0.46376404494382023 0.482 0.014044943820224719 0.022
0 0.4654494382022472 0.7085 0.012921348314606741 0.021
0 0.4654494382022472 0.593 0.012921348314606741 0.026
0 0.4657303370786517 0.65 0.01348314606741573 0.022
1 0.4797752808988764 0.988 0.015730337078651686 0.024
1 0.48230337078651686 0.721 0.009550561797752809 0.028
1 0.4837078651685393 0.866 0.016853932584269662 0.03
1 0.4845505617977528 0.9285 0.020786516853932586 0.037
1 0.4845505617977528 0.7945 0.016292134831460674 0.025
1 0.4853932584269663 0.5835 0.01348314606741573 0.029
1 0.48679775280898874 0.447 0.014044943820224719 0.03
1 0.48679775280898874 0.118 0.016292134831460674 0.03
1 0.48764044943820223 0.184 0.01348314606741573 0.026
1 0.4884831460674157 0.0505 0.015168539325842697 0.031
1 0.4896067415730337 0.313 0.012921348314606741 0.028
1 0.49634831460674156 0.005 0.01853932584269663 0.01