0 0.7274869109947644 0.441340782122905 0.013089005235602094 0.024208566108007448
0 0.6819371727748691 0.44646182495344505 0.012041884816753926 0.023277467411545624
0 0.7539267015706806 0.44646182495344505 0.013612565445026177 0.021415270018621976
0 0.36858638743455496 0.45018621973929235 0.011518324607329843 0.017690875232774673
0 0.6319371727748692 0.4515828677839851 0.016753926701570682 0.024208566108007448
0 0.7793193717277487 0.452048417132216 0.015183246073298429 0.027001862197392923
0 0.387696335078534 0.4548417132216015 0.008900523560209424 0.017690875232774673
0 0.5324607329842932 0.45623836126629425 0.013612565445026177 0.01675977653631285
0 0.5837696335078534 0.45716945996275604 0.014659685863874346 0.0223463687150838
0 0.506806282722513 0.45716945996275604 0.014659685863874346 0.0223463687150838
0 0.41492146596858637 0.45763500931098694 0.013089005235602094 0.019553072625698324
0 0.8020942408376963 0.4585661080074488 0.015706806282722512 0.027001862197392923
0 0.44528795811518324 0.4585661080074488 0.013089005235602094 0.013966480446927373
0 0.474869109947644 0.4585661080074488 0.013612565445026177 0.017690875232774673
0 0.8198952879581152 0.46322160148975794 0.012565445026178011 0.023277467411545624
1 0.22722513089005236 0.47718808193668527 0.016753926701570682 0.028864059590316574
0 0.8636125654450262 0.478584729981378 0.016230366492146597 0.024208566108007448
1 0.24581151832460732 0.4795158286778399 0.013089005235602094 0.0297951582867784
1 0.268586387434555 0.4827746741154562 0.012565445026178011 0.023277467411545624
1 0.2994764397905759 0.4883612662942272 0.016753926701570682 0.025139664804469275
1 0.368848167539267 0.4920856610800745 0.015183246073298429 0.023277467411545624
1 0.33403141361256544 0.4930167597765363 0.015706806282722512 0.025139664804469275
1 0.6198952879581152 0.49394785847299816 0.013612565445026177 0.023277467411545624
1 0.4075916230366492 0.49441340782122906 0.015183246073298429 0.024208566108007448
0 0.9198952879581151 0.49487895716945995 0.013612565445026177 0.019553072625698324
1 0.7240837696335078 0.49534450651769085 0.014659685863874346 0.0223463687150838
1 0.5507853403141362 0.4958100558659218 0.018848167539267015 0.019553072625698324
1 0.48089005235602095 0.4972067039106145 0.016230366492146597 0.01675977653631285
1 0.6887434554973823 0.49767225325884545 0.016230366492146597 0.013966480446927373
1 0.7599476439790576 0.5018621973929237 0.014136125654450262 0.01303538175046555
1 0.7929319371727749 0.5074487895716946 0.016230366492146597 0.020484171322160148
0 0.9795811518324608 0.5088454376163873 0.014659685863874346 0.021415270018621976
1 0.824869109947644 0.5135009310986964 0.017277486910994764 0.019553072625698324
1 0.893979057591623 0.5349162011173184 0.020418848167539267 0.023277467411545624
1 0.9780104712041885 0.5586592178770949 0.018848167539267015 0.020484171322160148