0 0.4453924914675768 0.07034412955465587 0.01478953356086462 0.025303643724696356
0 0.4485210466439135 0.1584008097165992 0.01422070534698521 0.02327935222672065
0 0.4485210466439135 0.019230769230769232 0.013083048919226393 0.02631578947368421
0 0.4507963594994312 0.7641700404858299 0.01080773606370876 0.022267206477732792
0 0.45164960182025027 0.2550607287449393 0.01478953356086462 0.032388663967611336
0 0.4536405005688282 0.7272267206477733 0.01080773606370876 0.01720647773279352
0 0.45449374288964733 0.4473684210526316 0.010238907849829351 0.02631578947368421
0 0.4550625711035267 0.3481781376518219 0.013651877133105802 0.02834008097165992
0 0.4550625711035267 0.49696356275303644 0.013651877133105802 0.02834008097165992
0 0.45534698521046646 0.6745951417004049 0.011945392491467578 0.025303643724696356
0 0.45591581342434584 0.6158906882591093 0.008532423208191127 0.025303643724696356
0 0.45591581342434584 0.5587044534412956 0.01080773606370876 0.02631578947368421
1 0.46871444823663255 0.9944331983805668 0.01820250284414107 0.011133603238866396
1 0.4707053469852105 0.9574898785425101 0.01422070534698521 0.024291497975708502
1 0.47411831626848694 0.8977732793522267 0.015358361774744027 0.032388663967611336
1 0.47639362912400457 0.763663967611336 0.01422070534698521 0.029352226720647773
1 0.47696245733788395 0.8309716599190283 0.015358361774744027 0.030364372469635626
1 0.4775312855517634 0.2783400809716599 0.01422070534698521 0.02631578947368421
1 0.4778156996587031 0.6887651821862348 0.01478953356086462 0.029352226720647773
1 0.47838452787258245 0.07692307692307693 0.013651877133105802 0.02834008097165992
1 0.4786689419795222 0.41194331983805665 0.011945392491467578 0.03643724696356275
1 0.47952218430034127 0.5470647773279352 0.010238907849829351 0.03137651821862348
1 0.479806598407281 0.14524291497975708 0.008532423208191127 0.03137651821862348
1 0.48236632536973834 0.01062753036437247 0.007963594994311717 0.02125506072874494