0 0.72421875 0.4398148148148148 0.013020833333333334 0.024074074074074074
0 0.67890625 0.4449074074074074 0.011979166666666667 0.023148148148148147
0 0.7505208333333333 0.4449074074074074 0.013541666666666667 0.021296296296296296
0 0.3671875 0.4486111111111111 0.011458333333333333 0.017592592592592594
0 0.6291666666666667 0.45 0.016666666666666666 0.024074074074074074
0 0.77578125 0.45046296296296295 0.015104166666666667 0.026851851851851852
0 0.38619791666666664 0.4532407407407407 0.008854166666666666 0.017592592592592594
0 0.5302083333333333 0.4546296296296296 0.013541666666666667 0.016666666666666666
0 0.58125 0.45555555555555555 0.014583333333333334 0.022222222222222223
0 0.5046875 0.45555555555555555 0.014583333333333334 0.022222222222222223
0 0.41328125 0.45601851851851855 0.013020833333333334 0.019444444444444445
0 0.7984375 0.45694444444444443 0.015625 0.026851851851851852
0 0.4434895833333333 0.45694444444444443 0.013020833333333334 0.013888888888888888
0 0.47291666666666665 0.45694444444444443 0.013541666666666667 0.017592592592592594
0 0.8161458333333333 0.4615740740740741 0.0125 0.023148148148148147
1 0.2265625 0.475462962962963 0.016666666666666666 0.028703703703703703
0 0.8596354166666667 0.47685185185185186 0.016145833333333335 0.024074074074074074
1 0.24505208333333334 0.4777777777777778 0.013020833333333334 0.02962962962962963
1 0.2677083333333333 0.4810185185185185 0.0125 0.023148148148148147
1 0.2984375 0.48657407407407405 0.016666666666666666 0.025
1 0.36744791666666665 0.49027777777777776 0.015104166666666667 0.023148148148148147
1 0.3328125 0.4912037037037037 0.015625 0.025
1 0.6171875 0.49212962962962964 0.013541666666666667 0.023148148148148147
1 0.40598958333333335 0.4925925925925926 0.015104166666666667 0.024074074074074074
0 0.915625 0.4930555555555556 0.013541666666666667 0.019444444444444445
1 0.7208333333333333 0.4935185185185185 0.014583333333333334 0.022222222222222223
1 0.5484375 0.49398148148148147 0.01875 0.019444444444444445
1 0.47890625 0.49537037037037035 0.016145833333333335 0.016666666666666666
1 0.6856770833333333 0.49583333333333335 0.016145833333333335 0.013888888888888888
1 0.7565104166666666 0.5 0.0140625 0.012962962962962963
1 0.7893229166666667 0.5055555555555555 0.016145833333333335 0.020370370370370372
0 0.975 0.5069444444444444 0.014583333333333334 0.021296296296296296
1 0.82109375 0.5115740740740741 0.0171875 0.019444444444444445
1 0.88984375 0.5328703703703703 0.0203125 0.023148148148148147
1 0.9734375 0.5564814814814815 0.01875 0.020370370370370372