1 0.5538379530916845 0.43738140417457305 0.02931769722814499 0.07969639468690702
1 0.5415778251599147 0.09772296015180265 0.030383795309168442 0.08064516129032258
1 0.6657782515991472 0.9601518026565465 0.006396588486140725 0.014231499051233396
1 0.6657782515991472 0.9933586337760911 0.006396588486140725 0.013282732447817837
0 0.6497867803837953 0.8178368121442126 0.010127931769722815 0.017077798861480076
0 0.6455223880597015 0.8908918406072106 0.011194029850746268 0.024667931688804556
0 0.644456289978678 0.9734345351043643 0.010127931769722815 0.027514231499051234
0 0.6164712153518124 0.9938330170777988 0.020788912579957356 0.012333965844402278
0 0.6146055437100213 0.8652751423149905 0.021321961620469083 0.04174573055028463
0 0.6124733475479744 0.7049335863377609 0.02185501066098081 0.054079696394686905
0 0.6092750533049041 0.5180265654648957 0.020788912579957356 0.05313092979127135
0 0.6050106609808102 0.33301707779886147 0.018656716417910446 0.051233396584440226
0 0.599680170575693 0.1204933586337761 0.018656716417910446 0.04743833017077799
1 0.5700959488272921 0.9748576850094877 0.026119402985074626 0.05028462998102467
1 0.5618336886993603 0.7324478178368121 0.027185501066098083 0.06641366223908918