1 0.5029296875 0.453125 0.041015625 0.04774305555555555
1 0.328125 0.4730902777777778 0.04150390625 0.049479166666666664
1 0.09814453125 0.4939236111111111 0.04541015625 0.057291666666666664
1 0.77197265625 0.2708333333333333 0.00732421875 0.010416666666666666
1 0.7890625 0.2708333333333333 0.0068359375 0.010416666666666666
1 0.880859375 0.2760416666666667 0.0087890625 0.013020833333333334
1 0.900390625 0.2760416666666667 0.0068359375 0.008680555555555556
1 0.92138671875 0.2777777777777778 0.0087890625 0.010416666666666666
1 0.93798828125 0.2786458333333333 0.00732421875 0.010416666666666666
1 0.95703125 0.2803819444444444 0.0078125 0.012152777777777778
1 0.9736328125 0.28125 0.0087890625 0.010416666666666666
1 0.98681640625 0.28125 0.0078125 0.010416666666666666
1 0.99609375 0.2899305555555556 0.0078125 0.017361111111111112
1 0.9794921875 0.2934027777777778 0.0087890625 0.015625
1 0.9345703125 0.2951388888888889 0.009765625 0.014756944444444444
1 0.9580078125 0.2951388888888889 0.01123046875 0.012152777777777778
1 0.91162109375 0.296875 0.009765625 0.013888888888888888
0 0.69873046875 0.296875 0.0087890625 0.016493055555555556
1 0.89892578125 0.2986111111111111 0.009765625 0.017361111111111112
1 0.888671875 0.3003472222222222 0.01318359375 0.017361111111111112
0 0.736328125 0.3038194444444444 0.0126953125 0.018229166666666668
1 0.90966796875 0.3038194444444444 0.01171875 0.012152777777777778
0 0.77880859375 0.3055555555555556 0.01416015625 0.016493055555555556
1 0.94921875 0.3107638888888889 0.0126953125 0.016493055555555556
0 0.82470703125 0.3142361111111111 0.015625 0.018229166666666668
1 0.9931640625 0.3159722222222222 0.01318359375 0.017361111111111112
0 0.84619140625 0.3203125 0.01513671875 0.019965277777777776
0 0.8740234375 0.328125 0.01318359375 0.022569444444444444
0 0.896484375 0.3307291666666667 0.01416015625 0.0234375
0 0.9287109375 0.3402777777777778 0.0283203125 0.03298611111111111
0 0.89794921875 0.3472222222222222 0.0185546875 0.03211805555555555
0 0.86669921875 0.3498263888888889 0.02392578125 0.03211805555555555
0 0.7978515625 0.3506944444444444 0.02294921875 0.033854166666666664
0 0.72314453125 0.3541666666666667 0.021484375 0.034722222222222224
0 0.640625 0.3576388888888889 0.02783203125 0.035590277777777776
0 0.54443359375 0.3628472222222222 0.02734375 0.033854166666666664
0 0.44921875 0.3697916666666667 0.0263671875 0.030381944444444444
0 0.33984375 0.3784722222222222 0.0244140625 0.030381944444444444
0 0.1923828125 0.3845486111111111 0.02587890625 0.034722222222222224
1 0.98828125 0.4088541666666667 0.0234375 0.04513888888888889
1 0.89208984375 0.4149305555555556 0.037109375 0.044270833333333336
1 0.78369140625 0.4262152777777778 0.0341796875 0.042534722222222224
1 0.65478515625 0.4401041666666667 0.0341796875 0.044270833333333336