1 0.5058262711864406 0.4293785310734463 0.04449152542372881 0.051789077212806026
1 0.3162076271186441 0.4510357815442561 0.045021186440677964 0.05367231638418079
1 0.06673728813559322 0.4736346516007533 0.04925847457627119 0.062146892655367235
1 0.7976694915254238 0.23163841807909605 0.007944915254237288 0.011299435028248588
1 0.816207627118644 0.23163841807909605 0.007415254237288136 0.011299435028248588
1 0.9157838983050848 0.23728813559322035 0.009533898305084746 0.014124293785310734
1 0.9369703389830508 0.23728813559322035 0.007415254237288136 0.009416195856873822
1 0.9597457627118644 0.2391713747645951 0.009533898305084746 0.011299435028248588
1 0.9777542372881356 0.2401129943502825 0.007944915254237288 0.011299435028248588
1 0.9970868644067796 0.24199623352165725 0.005826271186440678 0.013182674199623353
1 0.9740466101694916 0.2580037664783427 0.01059322033898305 0.0160075329566855
1 0.9965572033898306 0.2580037664783427 0.006885593220338983 0.013182674199623353
1 0.9491525423728814 0.2598870056497175 0.01059322033898305 0.015065913370998116
0 0.7182203389830508 0.2598870056497175 0.009533898305084746 0.017890772128060263
1 0.9353813559322034 0.2617702448210923 0.01059322033898305 0.018832391713747645
1 0.9242584745762712 0.263653483992467 0.014300847457627119 0.018832391713747645
0 0.7590042372881356 0.2674199623352166 0.013771186440677966 0.01977401129943503
1 0.9470338983050848 0.2674199623352166 0.012711864406779662 0.013182674199623353
0 0.8050847457627118 0.2693032015065913 0.015360169491525424 0.017890772128060263
1 0.9899364406779662 0.2749529190207156 0.013771186440677966 0.017890772128060263
0 0.8548728813559322 0.2787193973634652 0.01694915254237288 0.01977401129943503
0 0.878177966101695 0.2853107344632768 0.01641949152542373 0.021657250470809793
0 0.9083686440677966 0.2937853107344633 0.014300847457627119 0.02448210922787194
0 0.9327330508474576 0.2966101694915254 0.015360169491525424 0.025423728813559324
0 0.9676906779661016 0.3069679849340866 0.03072033898305085 0.035781544256120526
0 0.934322033898305 0.3145009416195857 0.020127118644067795 0.03483992467043315
0 0.9004237288135594 0.3173258003766478 0.025953389830508475 0.03483992467043315
0 0.8257415254237288 0.3182674199623352 0.02489406779661017 0.03672316384180791
0 0.7447033898305084 0.3220338983050847 0.023305084745762712 0.03766478342749529
0 0.6551906779661016 0.3258003766478343 0.030190677966101694 0.038606403013182675
0 0.5508474576271186 0.3314500941619586 0.029661016949152543 0.03672316384180791
0 0.4475635593220339 0.3389830508474576 0.028601694915254237 0.03295668549905838
0 0.3289194915254237 0.3483992467043315 0.026483050847457626 0.03295668549905838
0 0.16896186440677965 0.3549905838041431 0.028072033898305086 0.03766478342749529
1 0.9279661016949152 0.3879472693032015 0.04025423728813559 0.0480225988700565
1 0.8103813559322034 0.4001883239171375 0.037076271186440676 0.046139359698681735
1 0.6705508474576272 0.4152542372881356 0.037076271186440676 0.0480225988700565