1 0.5021459227467812 0.23759541984732824 0.03540772532188841 0.07347328244274809
1 0.3438841201716738 0.16698473282442747 0.04774678111587983 0.11736641221374046
1 0.7247854077253219 0.45896946564885494 0.0101931330472103 0.020038167938931296
1 0.7237124463519313 0.4169847328244275 0.009120171673819743 0.02099236641221374
1 0.7221030042918455 0.36927480916030536 0.009120171673819743 0.019083969465648856
1 0.7199570815450643 0.3234732824427481 0.009120171673819743 0.02194656488549618
1 0.7156652360515021 0.27958015267175573 0.009120171673819743 0.02385496183206107
1 0.7119098712446352 0.24045801526717558 0.009656652360515022 0.020038167938931296
1 0.7060085836909872 0.21087786259541985 0.011266094420600859 0.022900763358778626
1 0.700107296137339 0.18893129770992367 0.009120171673819743 0.02480916030534351
1 0.6925965665236051 0.16889312977099236 0.009656652360515022 0.03244274809160305
1 0.6856223175965666 0.16316793893129772 0.0101931330472103 0.029580152671755726
1 0.677038626609442 0.16603053435114504 0.012339055793991416 0.035305343511450385
1 0.6673819742489271 0.1784351145038168 0.012875536480686695 0.03625954198473282
1 0.6571888412017167 0.2013358778625954 0.01555793991416309 0.03721374045801527
1 0.6459227467811158 0.2318702290076336 0.017703862660944206 0.04198473282442748
1 0.630901287553648 0.26240458015267176 0.017703862660944206 0.04580152671755725
1 0.6105150214592274 0.2738549618320611 0.023605150214592276 0.05534351145038168
1 0.5820815450643777 0.2729007633587786 0.02682403433476395 0.05343511450381679