1 0.48727087576374745 0.161231884057971 0.03360488798370672 0.06974637681159421
1 0.33706720977596744 0.09420289855072464 0.04531568228105906 0.11141304347826086
1 0.6985743380855397 0.3713768115942029 0.009674134419551934 0.019021739130434784
1 0.6975560081466395 0.33152173913043476 0.008655804480651732 0.019927536231884056
1 0.6960285132382892 0.286231884057971 0.008655804480651732 0.018115942028985508
1 0.6939918533604889 0.2427536231884058 0.008655804480651732 0.020833333333333332
1 0.689918533604888 0.20108695652173914 0.008655804480651732 0.022644927536231884
1 0.6863543788187373 0.16394927536231885 0.009164969450101833 0.019021739130434784
1 0.6807535641547862 0.1358695652173913 0.010692464358452138 0.021739130434782608
1 0.675152749490835 0.11503623188405797 0.008655804480651732 0.02355072463768116
1 0.6680244399185336 0.09601449275362318 0.009164969450101833 0.030797101449275364
1 0.6614052953156823 0.09057971014492754 0.009674134419551934 0.028079710144927536
1 0.6532586558044806 0.09329710144927536 0.011710794297352342 0.03351449275362319
1 0.6440936863543788 0.10507246376811594 0.012219959266802444 0.034420289855072464
1 0.6344195519348269 0.12681159420289856 0.014765784114052953 0.035326086956521736
1 0.6237270875763747 0.15579710144927536 0.01680244399185336 0.03985507246376811
1 0.6094704684317719 0.18478260869565216 0.01680244399185336 0.043478260869565216
1 0.590122199592668 0.1956521739130435 0.02240325865580448 0.05253623188405797
1 0.5631364562118126 0.1947463768115942 0.025458248472505093 0.050724637681159424