1 0.5015806111696522 0.6863295880149812 0.04214963119072708 0.0898876404494382
1 0.6380400421496312 0.8801498127340824 0.06375131717597471 0.1404494382022472
1 0.35458377239199157 0.5580524344569289 0.009483667017913594 0.02247191011235955
1 0.35511064278187565 0.5926966292134831 0.01053740779768177 0.02153558052434457
1 0.3561643835616438 0.6207865168539326 0.01053740779768177 0.023408239700374533
1 0.3561643835616438 0.5159176029962547 0.008956796628029505 0.020599250936329586
1 0.3577449947312961 0.6432584269662921 0.010010537407797681 0.024344569288389514
1 0.3582718651211802 0.47284644194756553 0.007376185458377239 0.020599250936329586
1 0.36037934668071653 0.4250936329588015 0.007903055848261328 0.023408239700374533
1 0.3609062170706006 0.6629213483146067 0.011064278187565859 0.027153558052434457
1 0.3635405690200211 0.38202247191011235 0.008956796628029505 0.02153558052434457
1 0.3651211801896733 0.6722846441947565 0.011591148577449948 0.027153558052434457
1 0.36828240252897787 0.3295880149812734 0.008429926238145416 0.024344569288389514
1 0.3703898840885142 0.6732209737827716 0.012644889357218124 0.0299625468164794
1 0.37565858798735513 0.23782771535580524 0.009483667017913594 0.02247191011235955
1 0.37776606954689146 0.6676029962546817 0.0136986301369863 0.03651685393258427
1 0.3856691253951528 0.650749063670412 0.015279241306638568 0.03745318352059925
1 0.38672286617492097 0.13670411985018727 0.007376185458377239 0.023408239700374533
0 0.3909378292939937 0.2799625468164794 0.011591148577449948 0.0299625468164794
0 0.39357218124341414 0.301498127340824 0.013171759747102213 0.031835205992509365
0 0.3951527924130664 0.2209737827715356 0.012118018967334035 0.031835205992509365
1 0.39567966280295047 0.6254681647940075 0.01738672286617492 0.042134831460674156
1 0.39673340358271864 0.03277153558052434 0.008429926238145416 0.023408239700374533
0 0.4020021074815595 0.26591760299625467 0.0136986301369863 0.03464419475655431
0 0.4020021074815595 0.1544943820224719 0.011591148577449948 0.031835205992509365
1 0.4067439409905163 0.601123595505618 0.020021074815595362 0.0449438202247191
0 0.40990516332982085 0.22752808988764045 0.014752370916754479 0.03745318352059925
0 0.4157007376185458 0.01544943820224719 0.011591148577449948 0.03089887640449438
1 0.4230769230769231 0.596441947565543 0.02160168598524763 0.05337078651685393
0 0.4230769230769231 0.1601123595505618 0.015279241306638568 0.042134831460674156
0 0.43888303477344576 0.08426966292134831 0.019494204425711276 0.04868913857677903
1 0.4409905163329821 0.6076779026217228 0.026343519494204427 0.06179775280898876
0 0.45732349841938885 0.01638576779026217 0.022128556375131718 0.03277153558052434