1 0.4438877755511022 0.4786096256684492 0.04809619238476954 0.07130124777183601
0 0.8937875751503006 0.4875222816399287 0.0405811623246493 0.045454545454545456
0 0.9458917835671342 0.5427807486631016 0.04458917835671343 0.05080213903743316
0 0.9887274549098196 0.6140819964349377 0.022545090180360723 0.062388591800356503
1 0.34018036072144286 0.7094474153297683 0.07515030060120241 0.10784313725490197
1 0.5125250501002004 0.22994652406417113 0.012024048096192385 0.016042780748663103
1 0.4939879759519038 0.23083778966131907 0.011523046092184368 0.017825311942959002
1 0.4789579158316633 0.232620320855615 0.012525050100200401 0.017825311942959002
1 0.5350701402805611 0.232620320855615 0.011022044088176353 0.015151515151515152
1 0.46693386773547096 0.23529411764705882 0.013026052104208416 0.01693404634581105
1 0.5581162324649298 0.23618538324420676 0.011022044088176353 0.012477718360071301
1 0.5836673346693386 0.23975044563279857 0.012525050100200401 0.013368983957219251
1 0.4564128256513026 0.24064171122994651 0.014529058116232466 0.01871657754010695
1 0.6067134268537074 0.24509803921568626 0.011523046092184368 0.015151515151515152
1 0.4514028056112224 0.24777183600713013 0.014529058116232466 0.0196078431372549
1 0.6347695390781564 0.2531194295900178 0.013026052104208416 0.0142602495543672
1 0.45090180360721444 0.25668449197860965 0.01603206412825651 0.0213903743315508
1 0.6838677354709419 0.26559714795008915 0.012024048096192385 0.016042780748663103
1 0.45390781563126253 0.26916221033868093 0.019539078156312624 0.023172905525846704
1 0.46292585170340683 0.2825311942959002 0.02004008016032064 0.025846702317290554
1 0.7379759519038076 0.28431372549019607 0.012525050100200401 0.012477718360071301
0 0.6613226452905812 0.2914438502673797 0.01603206412825651 0.0196078431372549
0 0.6497995991983968 0.29590017825311943 0.017034068136272545 0.022281639928698752
0 0.6928857715430862 0.2985739750445633 0.017034068136272545 0.020499108734402853
1 0.47645290581162325 0.2994652406417112 0.022545090180360723 0.029411764705882353
1 0.7935871743486974 0.30124777183600715 0.012525050100200401 0.0142602495543672
0 0.6688376753507014 0.31016042780748665 0.018537074148296594 0.023172905525846704
0 0.7284569138276553 0.31016042780748665 0.017034068136272545 0.0196078431372549
1 0.9278557114228457 0.3146167557932264 0.009018036072144289 0.008912655971479501
1 0.9213426853707415 0.3155080213903743 0.009519038076152305 0.012477718360071301
1 0.9393787575150301 0.3172905525846702 0.008517034068136272 0.011586452762923352
1 0.4894789579158317 0.3181818181818182 0.02404809619238477 0.0338680926916221
1 0.8507014028056112 0.31907308377896615 0.01503006012024048 0.015151515151515152
1 0.9509018036072144 0.32085561497326204 0.009018036072144289 0.00980392156862745
1 0.9178356713426854 0.32174688057041 0.011022044088176353 0.012477718360071301
0 0.6893787575150301 0.3235294117647059 0.02004008016032064 0.024955436720142603
1 0.9629258517034068 0.3253119429590018 0.009519038076152305 0.011586452762923352
1 0.8792585170340681 0.32976827094474154 0.014529058116232466 0.016042780748663103
1 0.9804609218436874 0.3306595365418895 0.009519038076152305 0.0106951871657754
1 0.9188376753507014 0.3315508021390374 0.012024048096192385 0.012477718360071301
0 0.8036072144288577 0.3333333333333333 0.018036072144288578 0.0196078431372549
1 0.9959919839679359 0.33778966131907306 0.008016032064128256 0.0106951871657754
1 0.9208416833667334 0.339572192513369 0.01503006012024048 0.016042780748663103
1 0.906813627254509 0.3404634581105169 0.014028056112224449 0.016042780748663103
1 0.49198396793587174 0.34581105169340465 0.028557114228456915 0.036541889483065956
0 0.7254509018036072 0.34581105169340465 0.022545090180360723 0.025846702317290554
0 0.8807615230460922 0.3582887700534759 0.01903807615230461 0.0213903743315508
0 0.7660320641282565 0.37254901960784315 0.026052104208416832 0.03297682709447415
1 0.48597194388777554 0.3761140819964349 0.033066132264529056 0.044563279857397504
0 0.9619238476953907 0.3939393939393939 0.020541082164328657 0.025846702317290554
0 0.8081162324649298 0.4037433155080214 0.029559118236472944 0.0374331550802139
0 0.8512024048096193 0.44206773618538325 0.033066132264529056 0.04188948306595366