1 0.43798828125 0.484375 0.046875 0.06944444444444445
0 0.87646484375 0.4930555555555556 0.03955078125 0.044270833333333336
0 0.92724609375 0.546875 0.04345703125 0.049479166666666664
0 0.97900390625 0.6163194444444444 0.0419921875 0.06076388888888889
1 0.3369140625 0.7092013888888888 0.0732421875 0.10503472222222222
1 0.5048828125 0.2421875 0.01171875 0.015625
1 0.48681640625 0.24305555555555555 0.01123046875 0.017361111111111112
1 0.47216796875 0.24479166666666666 0.01220703125 0.017361111111111112
1 0.52685546875 0.24479166666666666 0.0107421875 0.014756944444444444
1 0.46044921875 0.24739583333333334 0.0126953125 0.016493055555555556
1 0.54931640625 0.2482638888888889 0.0107421875 0.012152777777777778
1 0.57421875 0.2517361111111111 0.01220703125 0.013020833333333334
1 0.4501953125 0.2526041666666667 0.01416015625 0.018229166666666668
1 0.5966796875 0.2569444444444444 0.01123046875 0.014756944444444444
1 0.4453125 0.2595486111111111 0.01416015625 0.019097222222222224
1 0.6240234375 0.2647569444444444 0.0126953125 0.013888888888888888
1 0.44482421875 0.2682291666666667 0.015625 0.020833333333333332
1 0.671875 0.2769097222222222 0.01171875 0.015625
1 0.44775390625 0.2803819444444444 0.01904296875 0.022569444444444444
1 0.45654296875 0.2934027777777778 0.01953125 0.025173611111111112
1 0.724609375 0.2951388888888889 0.01220703125 0.012152777777777778
0 0.64990234375 0.3020833333333333 0.015625 0.019097222222222224
0 0.638671875 0.3064236111111111 0.0166015625 0.021701388888888888
0 0.6806640625 0.3090277777777778 0.0166015625 0.019965277777777776
1 0.4697265625 0.3098958333333333 0.02197265625 0.028645833333333332
1 0.77880859375 0.3116319444444444 0.01220703125 0.013888888888888888
0 0.6572265625 0.3203125 0.01806640625 0.022569444444444444
0 0.71533203125 0.3203125 0.0166015625 0.019097222222222224
1 0.90966796875 0.3246527777777778 0.0087890625 0.008680555555555556
1 0.9033203125 0.3255208333333333 0.00927734375 0.012152777777777778
1 0.9208984375 0.3272569444444444 0.00830078125 0.011284722222222222
1 0.482421875 0.328125 0.0234375 0.03298611111111111
1 0.83447265625 0.3289930555555556 0.0146484375 0.014756944444444444
1 0.93212890625 0.3307291666666667 0.0087890625 0.009548611111111112
1 0.89990234375 0.3315972222222222 0.0107421875 0.012152777777777778
0 0.67724609375 0.3333333333333333 0.01953125 0.024305555555555556
1 0.94384765625 0.3350694444444444 0.00927734375 0.011284722222222222
1 0.8623046875 0.3394097222222222 0.01416015625 0.015625
1 0.9609375 0.3402777777777778 0.00927734375 0.010416666666666666
1 0.90087890625 0.3411458333333333 0.01171875 0.012152777777777778
0 0.78857421875 0.3428819444444444 0.017578125 0.019097222222222224
1 0.97705078125 0.3472222222222222 0.009765625 0.010416666666666666
1 0.90283203125 0.3489583333333333 0.0146484375 0.015625
1 0.88916015625 0.3498263888888889 0.013671875 0.015625
1 0.48486328125 0.3550347222222222 0.02783203125 0.035590277777777776
0 0.71240234375 0.3550347222222222 0.02197265625 0.025173611111111112
0 0.86376953125 0.3671875 0.0185546875 0.020833333333333332
0 0.751953125 0.3810763888888889 0.025390625 0.03211805555555555
1 0.47900390625 0.3845486111111111 0.0322265625 0.043402777777777776
0 0.94287109375 0.4019097222222222 0.02001953125 0.025173611111111112
0 0.79296875 0.4114583333333333 0.02880859375 0.036458333333333336
0 0.8349609375 0.4487847222222222 0.0322265625 0.04079861111111111