0 0.9896716101694916 0.4995291902071563 0.02065677966101695 0.05743879472693032
1 0.3877118644067797 0.7033898305084746 0.0815677966101695 0.12146892655367232
1 0.5503177966101694 0.21657250470809794 0.012711864406779662 0.014124293785310734
1 0.5704449152542372 0.21657250470809794 0.013241525423728813 0.013182674199623353
1 0.5338983050847458 0.2184557438794727 0.014830508474576272 0.0160075329566855
1 0.5942796610169492 0.22033898305084745 0.013771186440677966 0.0160075329566855
1 0.5217161016949152 0.2231638418079096 0.014300847457627119 0.017890772128060263
1 0.6191737288135594 0.224105461393597 0.014300847457627119 0.014124293785310734
1 0.5100635593220338 0.22693032015065914 0.015889830508474576 0.01977401129943503
1 0.6467161016949152 0.2297551789077213 0.013771186440677966 0.014124293785310734
1 0.5047669491525424 0.2335216572504708 0.01641949152542373 0.017890772128060263
1 0.6716101694915254 0.2344632768361582 0.013241525423728813 0.014124293785310734
1 0.5052966101694916 0.24199623352165725 0.019067796610169493 0.01977401129943503
1 0.7028601694915254 0.243879472693032 0.013241525423728813 0.014124293785310734
1 0.5095338983050848 0.2551789077212806 0.020127118644067795 0.02448210922787194
1 0.7579449152542372 0.2608286252354049 0.017478813559322032 0.013182674199623353
1 0.5185381355932204 0.2693032015065913 0.023834745762711863 0.026365348399246705
1 0.8204449152542372 0.2806026365348399 0.015360169491525424 0.014124293785310734
0 0.7335805084745762 0.2843691148775895 0.019067796610169493 0.02071563088512241
1 0.5333686440677966 0.2843691148775895 0.024364406779661018 0.02824858757062147
0 0.7192796610169492 0.288135593220339 0.020127118644067795 0.02448210922787194
0 0.7690677966101694 0.2947269303201507 0.020127118644067795 0.023540489642184557
1 0.8866525423728814 0.2994350282485876 0.015360169491525424 0.01694915254237288
0 0.743114406779661 0.3032015065913371 0.0211864406779661 0.02448210922787194
0 0.8098516949152542 0.3050847457627119 0.021716101694915255 0.018832391713747645
1 0.5444915254237288 0.3069679849340866 0.02754237288135593 0.038606403013182675
0 0.7653601694915254 0.3192090395480226 0.023834745762711863 0.030131826741996232
1 0.9533898305084746 0.3210922787193974 0.015889830508474576 0.01694915254237288
1 0.9872881355932204 0.3314500941619586 0.01641949152542373 0.01694915254237288
1 0.5471398305084746 0.3342749529190207 0.03336864406779661 0.04143126177024482
0 0.8977754237288136 0.3342749529190207 0.023305084745762712 0.021657250470809793
0 0.8066737288135594 0.3446327683615819 0.028601694915254237 0.03295668549905838
0 0.9886122881355932 0.3629943502824859 0.022775423728813558 0.023540489642184557
1 0.5413135593220338 0.3653483992467043 0.03866525423728814 0.0480225988700565
0 0.8522245762711864 0.3728813559322034 0.03125 0.03295668549905838
0 0.902542372881356 0.4067796610169492 0.03283898305084746 0.04143126177024482
0 0.9528601694915254 0.4510357815442561 0.04025423728813559 0.044256120527306965
1 0.4968220338983051 0.4661016949152542 0.045021186440677964 0.07156308851224105