1 0.5967423494570583 0.7078947368421052 0.06367226061204344 0.13508771929824562
1 0.3415597235932873 0.43859649122807015 0.007403751233958539 0.021052631578947368
1 0.3415597235932873 0.4052631578947368 0.006910167818361303 0.021929824561403508
1 0.3425468904244817 0.46578947368421053 0.00839091806515301 0.02456140350877193
1 0.3435340572556762 0.36578947368421055 0.00839091806515301 0.02280701754385965
1 0.34501480750246794 0.48596491228070177 0.009378084896347482 0.02368421052631579
1 0.3455083909180652 0.32456140350877194 0.007403751233958539 0.02368421052631579
1 0.34698914116485685 0.5052631578947369 0.010365251727541954 0.02631578947368421
1 0.3484698914116486 0.2789473684210526 0.007403751233958539 0.02280701754385965
1 0.3504442250740375 0.5140350877192983 0.009378084896347482 0.027192982456140352
1 0.35093780848963474 0.23771929824561402 0.007403751233958539 0.021929824561403508
1 0.3548864758144126 0.5131578947368421 0.010365251727541954 0.031578947368421054
1 0.3558736426456071 0.18596491228070175 0.007403751233958539 0.021929824561403508
1 0.3617966436327739 0.506140350877193 0.012833168805528134 0.03333333333333333
1 0.3647581441263574 0.09473684210526316 0.006910167818361303 0.02894736842105263
1 0.36920039486673245 0.49122807017543857 0.013820335636722606 0.039473684210526314
0 0.3770977295162882 0.13508771929824562 0.01085883514313919 0.031578947368421054
1 0.3770977295162882 0.4666666666666667 0.014807502467917079 0.04035087719298246
0 0.3790720631786772 0.1587719298245614 0.012833168805528134 0.03333333333333333
0 0.38252714708785784 0.07631578947368421 0.012339585389930898 0.03333333333333333
0 0.386969397828233 0.11929824561403508 0.012833168805528134 0.03508771929824561
0 0.38795656465942746 0.013157894736842105 0.009871668311944718 0.02631578947368421
1 0.3889437314906219 0.4482456140350877 0.020236920039486673 0.0456140350877193
0 0.395360315893386 0.0824561403508772 0.01579466929911155 0.039473684210526314
1 0.40325765054294177 0.443859649122807 0.02171767028627838 0.05526315789473684
0 0.4084402764067127 0.018859649122807017 0.017275419545903257 0.037719298245614034
1 0.41954590325765057 0.4535087719298246 0.025172754195459033 0.06403508771929825
1 0.4723593287265548 0.5271929824561403 0.03751233958538993 0.07456140350877193