1 0.4609375 0.6675347222222222 0.08447265625 0.11458333333333333
0 0.830078125 0.2899305555555556 0.03466796875 0.022569444444444444
0 0.7783203125 0.2899305555555556 0.03759765625 0.03211805555555555
0 0.79833984375 0.3012152777777778 0.03564453125 0.025173611111111112
0 0.87744140625 0.3029513888888889 0.025390625 0.020833333333333332
1 0.60205078125 0.3072916666666667 0.0283203125 0.03125
0 0.826171875 0.3151041666666667 0.03125 0.03125
0 0.9716796875 0.3315972222222222 0.0283203125 0.021701388888888888
1 0.60595703125 0.3324652777777778 0.03564453125 0.034722222222222224
0 0.8740234375 0.3385416666666667 0.0380859375 0.03211805555555555
1 0.599609375 0.3619791666666667 0.03271484375 0.04600694444444445
0 0.91943359375 0.3680555555555556 0.04443359375 0.041666666666666664
0 0.9736328125 0.4036458333333333 0.0439453125 0.04600694444444445
1 0.55712890625 0.4609375 0.03759765625 0.0625