1 0.80175983436853 0.507366482504604 0.017080745341614908 0.024861878453038673
1 0.8229813664596274 0.5165745856353591 0.016563146997929608 0.01841620626151013
1 0.855072463768116 0.5257826887661142 0.015527950310559006 0.02302025782688766
1 0.7267080745341615 0.5322283609576427 0.017080745341614908 0.02302025782688766
1 0.8938923395445134 0.5377532228360957 0.013975155279503106 0.022099447513812154
1 0.9249482401656315 0.5451197053406999 0.014492753623188406 0.02117863720073665
1 0.7324016563146998 0.5506445672191529 0.023291925465838508 0.027624309392265192
1 0.967391304347826 0.5616942909760589 0.016563146997929608 0.02117863720073665
1 0.7432712215320911 0.572744014732965 0.024327122153209108 0.03130755064456722
1 0.7598343685300207 0.6003683241252302 0.025879917184265012 0.04419889502762431
1 0.7743271221532091 0.6261510128913443 0.03467908902691511 0.03406998158379374
1 0.7789855072463768 0.6639042357274402 0.03571428571428571 0.04419889502762431
1 0.7712215320910973 0.7062615101289135 0.04296066252587992 0.053406998158379376
1 0.717391304347826 0.8112338858195212 0.05227743271221532 0.06998158379373849
1 0.6024844720496895 0.9779005524861878 0.07556935817805382 0.04419889502762431