0 0.7509765625 0.4713541666666667 0.02392578125 0.03211805555555555
0 0.77978515625 0.515625 0.0322265625 0.036458333333333336
0 0.818359375 0.5642361111111112 0.03076171875 0.03993055555555555
1 0.2568359375 0.6215277777777778 0.08251953125 0.1284722222222222
0 0.86279296875 0.6310763888888888 0.03857421875 0.052083333333333336
0 0.9287109375 0.7126736111111112 0.06103515625 0.07378472222222222
0 0.9736328125 0.7951388888888888 0.052734375 0.07291666666666667
0 0.62158203125 0.3472222222222222 0.02099609375 0.022569444444444444
1 0.4287109375 0.3619791666666667 0.033203125 0.04513888888888889
0 0.65087890625 0.3758680555555556 0.02099609375 0.0234375
0 0.68408203125 0.4027777777777778 0.02001953125 0.029513888888888888
0 0.71728515625 0.4322916666666667 0.02197265625 0.024305555555555556
1 0.376953125 0.4375 0.04150390625 0.06597222222222222