0 0.5450597176981542 0.8938223938223938 0.028773072747014114 0.06660231660231661
1 0.5382736156351792 0.03088803088803089 0.043973941368078175 0.06177606177606178
0 0.5146579804560261 0.9671814671814671 0.033659066232356136 0.06563706563706563
1 0.6872964169381107 0.20173745173745175 0.009229098805646038 0.02413127413127413
1 0.6872964169381107 0.24806949806949807 0.009229098805646038 0.027992277992277992
1 0.6862106406080347 0.16216216216216217 0.009229098805646038 0.025096525096525095
1 0.6862106406080347 0.29633204633204635 0.008686210640608035 0.02413127413127413
1 0.6845819761129207 0.34555984555984554 0.00760043431053203 0.021235521235521235
1 0.6845819761129207 0.1274131274131274 0.009229098805646038 0.02895752895752896
1 0.6829533116178067 0.388996138996139 0.008686210640608035 0.021235521235521235
1 0.6813246471226927 0.10231660231660232 0.01031487513572204 0.027992277992277992
1 0.6796959826275787 0.4420849420849421 0.009229098805646038 0.02413127413127413
1 0.6786102062975027 0.07722007722007722 0.011400651465798045 0.03088803088803089
1 0.6742671009771987 0.06563706563706563 0.011943539630836048 0.033783783783783786
1 0.6731813246471227 0.528957528957529 0.008686210640608035 0.0222007722007722
1 0.6682953311617806 0.0637065637065637 0.01248642779587405 0.03957528957528957
1 0.6666666666666666 0.6216216216216216 0.007057546145494028 0.02027027027027027
1 0.6606948968512486 0.06756756756756757 0.01520086862106406 0.041505791505791506
1 0.6601520086862106 0.7104247104247104 0.008143322475570033 0.019305019305019305
0 0.6590662323561346 0.48359073359073357 0.011400651465798045 0.02702702702702703
0 0.6568946796959826 0.5386100386100386 0.01031487513572204 0.02895752895752896
0 0.6563517915309446 0.46042471042471045 0.011943539630836048 0.03185328185328185
1 0.6536373507057546 0.08301158301158301 0.016286644951140065 0.04633204633204633
0 0.6525515743756786 0.5984555984555985 0.011400651465798045 0.027992277992277992
1 0.6525515743756786 0.7963320463320464 0.008686210640608035 0.02027027027027027
0 0.6498371335504886 0.49324324324324326 0.014115092290988056 0.032818532818532815
1 0.6487513572204126 0.8378378378378378 0.008143322475570033 0.021235521235521235
1 0.6449511400651465 0.8976833976833977 0.007057546145494028 0.019305019305019305
1 0.6449511400651465 0.8764478764478765 0.006514657980456026 0.019305019305019305
1 0.6444082519001085 0.11196911196911197 0.017915309446254073 0.0472972972972973
0 0.6433224755700325 0.7191119691119691 0.010857763300760043 0.02702702702702703
0 0.6427795874049945 0.5260617760617761 0.014657980456026058 0.03474903474903475
0 0.6335504885993485 0.832046332046332 0.011943539630836048 0.02895752895752896
1 0.6335504885993485 0.13320463320463322 0.02008686210640608 0.05405405405405406
0 0.6324647122692725 0.583011583011583 0.014657980456026058 0.03667953667953668
0 0.6221498371335505 0.9498069498069498 0.010857763300760043 0.03088803088803089
0 0.6221498371335505 0.6467181467181468 0.017915309446254073 0.03957528957528957
1 0.6178067318132465 0.13706563706563707 0.021715526601520086 0.055984555984555984
0 0.6074918566775245 0.7104247104247104 0.02008686210640608 0.04633204633204633
1 0.5998914223669924 0.11872586872586872 0.028773072747014114 0.06563706563706563
0 0.5912052117263844 0.7702702702702703 0.02225841476655809 0.05019305019305019
0 0.5694896851248643 0.8291505791505791 0.026058631921824105 0.05501930501930502