0 0.5269857433808554 0.8813405797101449 0.0269857433808554 0.0625
1 0.5208757637474541 0.05253623188405797 0.04124236252545825 0.09601449275362318
0 0.4984725050916497 0.9556159420289855 0.031568228105906315 0.07155797101449275
1 0.6603869653767821 0.2318840579710145 0.008655804480651732 0.022644927536231884
1 0.6603869653767821 0.2753623188405797 0.008655804480651732 0.026268115942028984
1 0.6593686354378818 0.1947463768115942 0.008655804480651732 0.02355072463768116
1 0.6593686354378818 0.32065217391304346 0.008146639511201629 0.022644927536231884
1 0.6578411405295316 0.36684782608695654 0.007128309572301426 0.019927536231884056
1 0.6578411405295316 0.1621376811594203 0.008655804480651732 0.02717391304347826
1 0.6563136456211812 0.4076086956521739 0.008146639511201629 0.019927536231884056
1 0.654786150712831 0.13858695652173914 0.009674134419551934 0.026268115942028984
1 0.6532586558044806 0.45742753623188404 0.008655804480651732 0.022644927536231884
1 0.6522403258655805 0.11503623188405797 0.010692464358452138 0.028985507246376812
1 0.6481670061099797 0.10416666666666667 0.01120162932790224 0.03170289855072464
1 0.6471486761710794 0.5389492753623188 0.008146639511201629 0.020833333333333332
1 0.6425661914460286 0.10235507246376811 0.011710794297352342 0.03713768115942029
1 0.6410386965376782 0.6259057971014492 0.006619144602851324 0.019021739130434784
1 0.6354378818737271 0.10597826086956522 0.014256619144602852 0.03894927536231884
1 0.634928716904277 0.7092391304347826 0.007637474541751527 0.018115942028985508
0 0.6339103869653768 0.4963768115942029 0.010692464358452138 0.025362318840579712
0 0.6318737270875764 0.5480072463768116 0.009674134419551934 0.02717391304347826
0 0.6313645621181263 0.4746376811594203 0.01120162932790224 0.029891304347826088
1 0.6288187372708758 0.12047101449275362 0.015274949083503055 0.043478260869565216
0 0.6278004073319755 0.6041666666666666 0.010692464358452138 0.026268115942028984
1 0.6278004073319755 0.7898550724637681 0.008146639511201629 0.019021739130434784
0 0.6252545824847251 0.5054347826086957 0.013238289205702648 0.030797101449275364
1 0.6242362525458248 0.8288043478260869 0.007637474541751527 0.019927536231884056
1 0.6206720977596741 0.884963768115942 0.006619144602851324 0.018115942028985508
1 0.6206720977596741 0.865036231884058 0.006109979633401222 0.018115942028985508
1 0.620162932790224 0.14764492753623187 0.01680244399185336 0.044384057971014496
0 0.6191446028513238 0.717391304347826 0.010183299389002037 0.025362318840579712
0 0.6186354378818737 0.5362318840579711 0.01374745417515275 0.03260869565217391
0 0.609979633401222 0.8233695652173914 0.01120162932790224 0.02717391304347826
1 0.609979633401222 0.16757246376811594 0.01883910386965377 0.050724637681159424
0 0.6089613034623218 0.5896739130434783 0.01374745417515275 0.034420289855072464
0 0.5992871690427699 0.9338768115942029 0.010183299389002037 0.028985507246376812
0 0.5992871690427699 0.6494565217391305 0.01680244399185336 0.03713768115942029
1 0.595213849287169 0.17119565217391305 0.020366598778004074 0.05253623188405797
0 0.5855397148676171 0.7092391304347826 0.01883910386965377 0.043478260869565216
1 0.5784114052953157 0.1539855072463768 0.0269857433808554 0.06159420289855073
0 0.570264765784114 0.7653985507246377 0.020875763747454174 0.04710144927536232
0 0.5498981670061099 0.8206521739130435 0.024439918533604887 0.051630434782608696