0 0.61181640625 0.4852430555555556 0.03515625 0.046875
0 0.6591796875 0.5390625 0.04248046875 0.059895833333333336
1 0.07861328125 0.5442708333333334 0.06884765625 0.0720486111111111
0 0.70947265625 0.5963541666666666 0.046875 0.06510416666666667
1 0.31494140625 0.2673611111111111 0.0107421875 0.010416666666666666
1 0.29052734375 0.2682291666666667 0.01171875 0.013020833333333334
1 0.2607421875 0.2682291666666667 0.01220703125 0.012152777777777778
1 0.34423828125 0.2682291666666667 0.01123046875 0.011284722222222222
1 0.232421875 0.2699652777777778 0.01416015625 0.013888888888888888
1 0.20361328125 0.2725694444444444 0.015625 0.014756944444444444
1 0.39208984375 0.2725694444444444 0.0107421875 0.012152777777777778
1 0.17919921875 0.2760416666666667 0.015625 0.015625
1 0.4404296875 0.2777777777777778 0.009765625 0.011284722222222222
1 0.15625 0.28125 0.015625 0.015625
1 0.1396484375 0.2916666666666667 0.01904296875 0.019097222222222224
1 0.125 0.2977430555555556 0.02001953125 0.019965277777777776
0 0.3662109375 0.2977430555555556 0.013671875 0.014756944444444444
0 0.39599609375 0.2977430555555556 0.015625 0.015625
0 0.427734375 0.3012152777777778 0.0126953125 0.013888888888888888
0 0.35302734375 0.3038194444444444 0.0166015625 0.018229166666666668
1 0.11474609375 0.3055555555555556 0.02099609375 0.020833333333333332
0 0.4892578125 0.3072916666666667 0.013671875 0.013888888888888888
0 0.3701171875 0.3125 0.017578125 0.017361111111111112
0 0.54443359375 0.3133680555555556 0.01416015625 0.012152777777777778
1 0.11376953125 0.3159722222222222 0.0244140625 0.022569444444444444
0 0.38818359375 0.3211805555555556 0.01708984375 0.018229166666666668
0 0.60009765625 0.3237847222222222 0.0126953125 0.012152777777777778
1 0.11767578125 0.3298611111111111 0.0283203125 0.024305555555555556
0 0.41943359375 0.3324652777777778 0.01953125 0.019097222222222224
0 0.65234375 0.3342013888888889 0.01220703125 0.011284722222222222
1 0.12744140625 0.3420138888888889 0.0283203125 0.03125
0 0.7041015625 0.3446180555555556 0.0126953125 0.011284722222222222
0 0.45166015625 0.3446180555555556 0.01953125 0.021701388888888888
1 0.14404296875 0.3515625 0.0283203125 0.025173611111111112
0 0.48291015625 0.3628472222222222 0.0234375 0.027777777777777776
1 0.15771484375 0.3706597222222222 0.03271484375 0.03211805555555555
0 0.513671875 0.3828125 0.02587890625 0.027777777777777776
1 0.15869140625 0.3940972222222222 0.0390625 0.036458333333333336
0 0.54150390625 0.4097222222222222 0.02978515625 0.036458333333333336
1 0.14697265625 0.4288194444444444 0.04345703125 0.04774305555555555
0 0.57373046875 0.4444444444444444 0.0322265625 0.043402777777777776