0 0.4906679764243615 0.30017452006980805 0.026522593320235755 0.06282722513089005
0 0.5211198428290766 0.21553228621291448 0.03388998035363458 0.07591623036649214
0 0.5535363457760314 0.1256544502617801 0.03683693516699411 0.08376963350785341
1 0.36738703339882123 0.8307155322862129 0.005893909626719057 0.019197207678883072
1 0.36787819253438114 0.8743455497382199 0.0073673870333988214 0.020942408376963352
1 0.36787819253438114 0.9275741710296684 0.0068762278978389 0.02181500872600349
1 0.36787819253438114 0.7783595113438045 0.0063850687622789785 0.02006980802792321
1 0.368860510805501 0.9781849912739965 0.007858546168958742 0.02530541012216405
1 0.3703339882121807 0.6928446771378709 0.0068762278978389 0.019197207678883072
1 0.37328094302554027 0.606457242582897 0.0063850687622789785 0.017452006980802792
0 0.3845776031434185 0.7390924956369983 0.008349705304518664 0.02443280977312391
0 0.3845776031434185 0.6858638743455497 0.008840864440078585 0.027923211169284468
0 0.38654223968565815 0.6291448516579407 0.007858546168958742 0.02268760907504363
0 0.3880157170923379 0.7626527050610821 0.01031434184675835 0.029668411867364748
0 0.3899803536345776 0.5191972076788831 0.007858546168958742 0.02443280977312391
0 0.3929273084479371 0.7321116928446771 0.009823182711198428 0.031413612565445025
0 0.3934184675834971 0.4205933682373473 0.0068762278978389 0.02530541012216405
0 0.39783889980353637 0.699825479930192 0.01031434184675835 0.030541012216404886
0 0.3993123772102161 0.32111692844677137 0.0068762278978389 0.02268760907504363
0 0.40422396856581533 0.643979057591623 0.010805500982318271 0.034904013961605584
0 0.40520628683693516 0.22774869109947643 0.0063850687622789785 0.02181500872600349
0 0.4111001964636542 0.13525305410122165 0.0063850687622789785 0.02268760907504363
0 0.4111001964636542 0.5863874345549738 0.012278978388998035 0.034904013961605584
0 0.4214145383104126 0.5305410122164049 0.015717092337917484 0.041884816753926704
0 0.43271119842829076 0.4755671902268761 0.015717092337917484 0.0462478184991274
0 0.44793713163064836 0.4258289703315881 0.0206286836935167 0.053228621291448515
0 0.4675834970530452 0.3682373472949389 0.02455795677799607 0.05759162303664921