0 0.5962321792260692 0.49184782608695654 0.032586558044806514 0.04076086956521739
0 0.6471486761710794 0.5452898550724637 0.04175152749490835 0.0552536231884058
1 0.03615071283095723 0.5543478260869565 0.06720977596741344 0.06884057971014493
0 0.6995926680244399 0.6077898550724637 0.04786150712830957 0.06068840579710145
1 0.28716904276985744 0.26358695652173914 0.010183299389002037 0.010869565217391304
1 0.26120162932790225 0.2644927536231884 0.010692464358452138 0.009963768115942028
1 0.23116089613034624 0.2644927536231884 0.012729124236252547 0.010869565217391304
1 0.3182281059063136 0.2653985507246377 0.010183299389002037 0.009963768115942028
1 0.20112016293279023 0.2653985507246377 0.012729124236252547 0.01177536231884058
1 0.1705702647657841 0.26721014492753625 0.016293279022403257 0.01358695652173913
1 0.36863543788187375 0.26992753623188404 0.01120162932790224 0.010869565217391304
1 0.5758655804480651 0.2717391304347826 0.00560081466395112 0.008152173913043478
1 0.5835030549898167 0.2726449275362319 0.0050916496945010185 0.008152173913043478
1 0.1446028513238289 0.27355072463768115 0.01680244399185336 0.016304347826086956
1 0.5921588594704684 0.27445652173913043 0.0050916496945010185 0.008152173913043478
1 0.4180244399185336 0.2753623188405797 0.009674134419551934 0.01177536231884058
1 0.6038696537678208 0.276268115942029 0.0050916496945010185 0.006340579710144928
1 0.12118126272912423 0.27898550724637683 0.017311608961303463 0.019021739130434784
1 0.615071283095723 0.2798913043478261 0.004582484725050916 0.006340579710144928
1 0.4653767820773931 0.2798913043478261 0.010183299389002037 0.009963768115942028
1 0.639511201629328 0.28442028985507245 0.004582484725050916 0.005434782608695652
1 0.10386965376782077 0.286231884057971 0.018329938900203666 0.017210144927536232
1 0.5096741344195519 0.28804347826086957 0.009674134419551934 0.010869565217391304
1 0.5305498981670062 0.2898550724637681 0.008655804480651732 0.009963768115942028
1 0.6634419551934827 0.2898550724637681 0.004582484725050916 0.005434782608695652
1 0.5504073319755601 0.29347826086956524 0.009164969450101833 0.009963768115942028
1 0.08757637474541752 0.29438405797101447 0.020366598778004074 0.019021739130434784
1 0.6868635437881874 0.29528985507246375 0.004582484725050916 0.005434782608695652
0 0.37321792260692466 0.2971014492753623 0.014765784114052953 0.016304347826086956
0 0.34164969450101834 0.2980072463768116 0.015274949083503055 0.017210144927536232
0 0.6675152749490835 0.29891304347826086 0.00560081466395112 0.007246376811594203
0 0.40580448065173114 0.29891304347826086 0.013238289205702648 0.01358695652173913
0 0.6817718940936863 0.302536231884058 0.006109979633401222 0.006340579710144928
1 0.7113034623217923 0.302536231884058 0.0050916496945010185 0.007246376811594203
1 0.07637474541751528 0.30344202898550726 0.01985743380855397 0.019021739130434784
0 0.3273930753564155 0.30344202898550726 0.015784114052953158 0.019927536231884056
0 0.4694501018329939 0.3070652173913043 0.012729124236252547 0.015398550724637682
0 0.6593686354378818 0.3070652173913043 0.006619144602851324 0.009057971014492754
1 0.7337067209775967 0.3088768115942029 0.00560081466395112 0.005434782608695652
0 0.7087576374745418 0.30978260869565216 0.006109979633401222 0.008152173913043478
0 0.5274949083503055 0.3134057971014493 0.012219959266802444 0.015398550724637682
0 0.34623217922606925 0.3134057971014493 0.017311608961303463 0.018115942028985508
0 0.6766802443991853 0.3134057971014493 0.007128309572301426 0.009057971014492754
1 0.7566191446028513 0.31431159420289856 0.004582484725050916 0.006340579710144928
1 0.07688391038696538 0.31521739130434784 0.023421588594704685 0.02355072463768116
0 0.7357433808553971 0.3161231884057971 0.00560081466395112 0.007246376811594203
1 0.7795315682281059 0.32065217391304346 0.0050916496945010185 0.005434782608695652
0 0.365071283095723 0.32065217391304346 0.016293279022403257 0.021739130434782608
0 0.7622199592668024 0.322463768115942 0.007128309572301426 0.007246376811594203
0 0.6990835030549898 0.3269927536231884 0.009164969450101833 0.010869565217391304
1 0.8019348268839104 0.3269927536231884 0.004582484725050916 0.005434782608695652
0 0.585030549898167 0.3269927536231884 0.012219959266802444 0.016304347826086956
1 0.07841140529531568 0.3278985507246377 0.022912423625254582 0.02717391304347826
0 0.7907331975560081 0.32971014492753625 0.006109979633401222 0.007246376811594203
0 0.3971486761710794 0.3333333333333333 0.01985743380855397 0.022644927536231884
0 0.639511201629328 0.3351449275362319 0.011710794297352342 0.01177536231884058
1 0.8273930753564155 0.33605072463768115 0.00560081466395112 0.006340579710144928
0 0.814663951120163 0.33695652173913043 0.007637474541751527 0.007246376811594203
0 0.7255600814663951 0.3378623188405797 0.009674134419551934 0.010869565217391304
0 0.840122199592668 0.3451086956521739 0.006619144602851324 0.007246376811594203
1 0.08961303462321792 0.3451086956521739 0.025967413441955193 0.03351449275362319
0 0.6929735234215886 0.34692028985507245 0.01120162932790224 0.01177536231884058
0 0.43126272912423624 0.348731884057971 0.01883910386965377 0.02717391304347826
0 0.7179226069246436 0.35144927536231885 0.010692464358452138 0.01177536231884058
0 0.7530549898167006 0.3523550724637681 0.010183299389002037 0.010869565217391304
0 0.869653767820774 0.3541666666666667 0.006109979633401222 0.007246376811594203
0 0.7423625254582484 0.35507246376811596 0.009674134419551934 0.010869565217391304
0 0.7581466395112016 0.358695652173913 0.01120162932790224 0.012681159420289856
1 0.10641547861507128 0.3596014492753623 0.0280040733197556 0.03894927536231884
0 0.4638492871690428 0.3641304347826087 0.021384928716904276 0.025362318840579712
1 0.12321792260692464 0.375 0.032586558044806514 0.03351449275362319
0 0.4959266802443992 0.38858695652173914 0.023421588594704685 0.028985507246376812
1 0.12067209775967414 0.401268115942029 0.038696537678207736 0.03894927536231884
0 0.5234215885947047 0.4157608695652174 0.02494908350305499 0.03260869565217391
1 0.1094704684317719 0.4329710144927536 0.04684317718940937 0.051630434782608696
0 0.5580448065173116 0.45108695652173914 0.025967413441955193 0.03985507246376811