0 0.5673828125 0.4826388888888889 0.03173828125 0.027777777777777776
0 0.60302734375 0.5243055555555556 0.0361328125 0.0234375
1 0.0615234375 0.5494791666666666 0.06689453125 0.06076388888888889
0 0.6513671875 0.5746527777777778 0.041015625 0.03125
0 0.703125 0.6319444444444444 0.04931640625 0.052083333333333336
1 0.2294921875 0.2873263888888889 0.01611328125 0.015625
1 0.2021484375 0.2873263888888889 0.01416015625 0.014756944444444444
1 0.25830078125 0.2881944444444444 0.0166015625 0.016493055555555556
1 0.1767578125 0.2890625 0.017578125 0.017361111111111112
1 0.28759765625 0.2907986111111111 0.0126953125 0.014756944444444444
1 0.31298828125 0.2907986111111111 0.013671875 0.012152777777777778
1 0.15380859375 0.2925347222222222 0.0185546875 0.016493055555555556
1 0.341796875 0.2951388888888889 0.01318359375 0.013888888888888888
1 0.13720703125 0.2994791666666667 0.017578125 0.016493055555555556
1 0.3896484375 0.3020833333333333 0.0107421875 0.009548611111111112
1 0.1201171875 0.3038194444444444 0.02197265625 0.017361111111111112
1 0.11083984375 0.3125 0.0234375 0.017361111111111112
1 0.43701171875 0.3133680555555556 0.0107421875 0.011284722222222222
1 0.57568359375 0.3159722222222222 0.00537109375 0.005208333333333333
1 0.5791015625 0.3177083333333333 0.00634765625 0.008680555555555556
1 0.5869140625 0.3185763888888889 0.00537109375 0.008680555555555556
1 0.57421875 0.3185763888888889 0.00634765625 0.004340277777777778
1 0.48193359375 0.3203125 0.01318359375 0.013020833333333334
1 0.5947265625 0.3211805555555556 0.0068359375 0.0078125
1 0.5732421875 0.3220486111111111 0.00634765625 0.005208333333333333
1 0.6025390625 0.3220486111111111 0.00537109375 0.008680555555555556
1 0.1083984375 0.3246527777777778 0.0283203125 0.019965277777777776
1 0.57177734375 0.3255208333333333 0.00927734375 0.006076388888888889
1 0.61376953125 0.3255208333333333 0.0078125 0.006944444444444444
0 0.3642578125 0.3263888888888889 0.01416015625 0.017361111111111112
1 0.52392578125 0.328125 0.0126953125 0.009548611111111112
1 0.6240234375 0.328125 0.0078125 0.006076388888888889
0 0.3935546875 0.3289930555555556 0.0146484375 0.017361111111111112
1 0.5712890625 0.3307291666666667 0.00927734375 0.006944444444444444
0 0.35009765625 0.3315972222222222 0.01708984375 0.019097222222222224
1 0.54345703125 0.3324652777777778 0.01171875 0.009548611111111112
0 0.4248046875 0.3342013888888889 0.01708984375 0.016493055555555556
1 0.64697265625 0.3359375 0.00634765625 0.006076388888888889
1 0.57177734375 0.3359375 0.01123046875 0.006944444444444444
1 0.56201171875 0.3368055555555556 0.01025390625 0.006944444444444444
1 0.11083984375 0.3368055555555556 0.025390625 0.025173611111111112
1 0.67041015625 0.3420138888888889 0.0068359375 0.0078125
0 0.3681640625 0.3428819444444444 0.01904296875 0.019097222222222224
0 0.65234375 0.3446180555555556 0.0048828125 0.005208333333333333
0 0.6484375 0.3463541666666667 0.0048828125 0.004340277777777778
0 0.48583984375 0.3463541666666667 0.0107421875 0.019097222222222224
0 0.662109375 0.3472222222222222 0.00634765625 0.0078125
0 0.6513671875 0.3480902777777778 0.0048828125 0.006944444444444444
1 0.6923828125 0.3498263888888889 0.0068359375 0.006944444444444444
0 0.38525390625 0.3498263888888889 0.01904296875 0.022569444444444444
0 0.67333984375 0.3498263888888889 0.005859375 0.006944444444444444
0 0.65380859375 0.3506944444444444 0.00634765625 0.008680555555555556
1 0.12060546875 0.3506944444444444 0.03076171875 0.026041666666666668
0 0.6875 0.3532986111111111 0.00634765625 0.005208333333333333
0 0.65966796875 0.3541666666666667 0.00634765625 0.006944444444444444
0 0.54052734375 0.3550347222222222 0.013671875 0.015625
0 0.66552734375 0.3567708333333333 0.00830078125 0.0078125
1 0.71533203125 0.3567708333333333 0.005859375 0.0078125
0 0.71240234375 0.3628472222222222 0.0078125 0.006076388888888889
1 0.736328125 0.3637152777777778 0.00634765625 0.008680555555555556
0 0.4150390625 0.3645833333333333 0.021484375 0.0234375
1 0.1376953125 0.3645833333333333 0.03125 0.026909722222222224
0 0.681640625 0.3654513888888889 0.01123046875 0.008680555555555556
0 0.59521484375 0.3706597222222222 0.0126953125 0.013888888888888888
0 0.73876953125 0.3706597222222222 0.0087890625 0.008680555555555556
1 0.75830078125 0.3706597222222222 0.005859375 0.008680555555555556
1 0.779296875 0.3767361111111111 0.00537109375 0.0078125
0 0.70263671875 0.3784722222222222 0.009765625 0.0078125
0 0.763671875 0.3784722222222222 0.00634765625 0.0078125
0 0.44677734375 0.3802083333333333 0.0244140625 0.025173611111111112
0 0.64599609375 0.3828125 0.013671875 0.012152777777777778
1 0.150390625 0.3828125 0.03662109375 0.03125
1 0.80029296875 0.3845486111111111 0.0078125 0.006944444444444444
0 0.7900390625 0.3871527777777778 0.0078125 0.008680555555555556
0 0.72802734375 0.390625 0.0107421875 0.008680555555555556
1 0.82470703125 0.3940972222222222 0.0068359375 0.006944444444444444
0 0.81298828125 0.3949652777777778 0.0078125 0.0078125
0 0.69677734375 0.3958333333333333 0.01318359375 0.014756944444444444
0 0.4775390625 0.3975694444444444 0.02685546875 0.020833333333333332
0 0.72119140625 0.4045138888888889 0.013671875 0.014756944444444444
0 0.7548828125 0.4045138888888889 0.01123046875 0.012152777777777778
0 0.83642578125 0.4045138888888889 0.0078125 0.008680555555555556
1 0.14892578125 0.4088541666666667 0.0419921875 0.036458333333333336
0 0.74267578125 0.4088541666666667 0.0166015625 0.014756944444444444
0 0.8642578125 0.4123263888888889 0.0078125 0.008680555555555556
0 0.759765625 0.4131944444444444 0.01416015625 0.010416666666666666
0 0.50830078125 0.4210069444444444 0.02783203125 0.026041666666666668
1 0.13818359375 0.4418402777777778 0.046875 0.046875
0 0.5361328125 0.4513888888888889 0.029296875 0.024305555555555556