0 0.5651302605210421 0.4768270944741533 0.03256513026052104 0.0285204991087344
0 0.6017034068136272 0.5196078431372549 0.03707414829659319 0.02406417112299465
1 0.04609218436873747 0.5454545454545454 0.0686372745490982 0.062388591800356503
0 0.6513026052104208 0.571301247771836 0.04208416833667335 0.03208556149732621
0 0.7044088176352705 0.6301247771836007 0.05060120240480962 0.053475935828877004
1 0.218436873747495 0.27629233511586454 0.016533066132264528 0.016042780748663103
1 0.1903807615230461 0.27629233511586454 0.014529058116232466 0.015151515151515152
1 0.24799599198396793 0.27718360071301246 0.017034068136272545 0.01693404634581105
1 0.16432865731462926 0.27807486631016043 0.018036072144288578 0.017825311942959002
1 0.27805611222444887 0.2798573975044563 0.013026052104208416 0.015151515151515152
1 0.30410821643286573 0.2798573975044563 0.014028056112224449 0.012477718360071301
1 0.1407815631262525 0.2816399286987522 0.01903807615230461 0.01693404634581105
1 0.3336673346693387 0.28431372549019607 0.013527054108216433 0.0142602495543672
1 0.12374749498997996 0.2887700534759358 0.018036072144288578 0.01693404634581105
1 0.38276553106212424 0.2914438502673797 0.011022044088176353 0.00980392156862745
1 0.1062124248496994 0.29322638146167557 0.022545090180360723 0.017825311942959002
1 0.0966933867735471 0.30213903743315507 0.02404809619238477 0.017825311942959002
1 0.4313627254509018 0.30303030303030304 0.011022044088176353 0.011586452762923352
1 0.5736472945891784 0.3057040998217469 0.005511022044088177 0.0053475935828877
1 0.5771543086172345 0.3074866310160428 0.006513026052104208 0.008912655971479501
1 0.5851703406813628 0.3083778966131907 0.005511022044088177 0.008912655971479501
1 0.5721442885771543 0.3083778966131907 0.006513026052104208 0.004456327985739751
1 0.4774549098196393 0.31016042780748665 0.013527054108216433 0.013368983957219251
1 0.593186372745491 0.31105169340463457 0.0070140280561122245 0.008021390374331552
1 0.5711422845691383 0.31194295900178254 0.006513026052104208 0.0053475935828877
1 0.6012024048096193 0.31194295900178254 0.005511022044088177 0.008912655971479501
1 0.09418837675350701 0.3146167557932264 0.02905811623246493 0.020499108734402853
1 0.5696392785571143 0.3155080213903743 0.009519038076152305 0.006238859180035651
1 0.6127254509018036 0.3155080213903743 0.008016032064128256 0.0071301247771836
0 0.35671342685370744 0.3163992869875223 0.014529058116232466 0.017825311942959002
1 0.5205410821643287 0.3181818181818182 0.013026052104208416 0.00980392156862745
1 0.6232464929859719 0.3181818181818182 0.008016032064128256 0.006238859180035651
0 0.3867735470941884 0.31907308377896615 0.01503006012024048 0.017825311942959002
1 0.5691382765531062 0.32085561497326204 0.009519038076152305 0.0071301247771836
0 0.34218436873747493 0.32174688057041 0.01753507014028056 0.0196078431372549
1 0.5405811623246493 0.3226381461675579 0.012024048096192385 0.00980392156862745
0 0.4188376753507014 0.3244206773618538 0.01753507014028056 0.01693404634581105
1 0.6467935871743486 0.32620320855614976 0.006513026052104208 0.006238859180035651
1 0.5696392785571143 0.32620320855614976 0.011523046092184368 0.0071301247771836
1 0.5596192384769539 0.3270944741532977 0.010521042084168337 0.0071301247771836
1 0.0966933867735471 0.3270944741532977 0.026052104208416832 0.025846702317290554
1 0.6708416833667334 0.3324420677361854 0.0070140280561122245 0.008021390374331552
0 0.36072144288577157 0.3333333333333333 0.019539078156312624 0.0196078431372549
0 0.6523046092184369 0.33511586452762926 0.00501002004008016 0.0053475935828877
0 0.6482965931863728 0.33689839572192515 0.00501002004008016 0.004456327985739751
0 0.4814629258517034 0.33689839572192515 0.011022044088176353 0.0196078431372549
0 0.6623246492985972 0.33778966131907306 0.006513026052104208 0.008021390374331552
0 0.6513026052104208 0.33868092691622104 0.00501002004008016 0.0071301247771836
1 0.6933867735470942 0.3404634581105169 0.0070140280561122245 0.0071301247771836
0 0.3782565130260521 0.3404634581105169 0.019539078156312624 0.023172905525846704
0 0.6738476953907816 0.3404634581105169 0.006012024048096192 0.0071301247771836
0 0.6538076152304609 0.3413547237076649 0.006513026052104208 0.008912655971479501
1 0.10671342685370741 0.3413547237076649 0.03156312625250501 0.026737967914438502
0 0.688376753507014 0.34402852049910876 0.006513026052104208 0.0053475935828877
0 0.6598196392785571 0.3449197860962567 0.006513026052104208 0.0071301247771836
0 0.5375751503006012 0.34581105169340465 0.014028056112224449 0.016042780748663103
0 0.6658316633266533 0.34759358288770054 0.008517034068136272 0.008021390374331552
1 0.716933867735471 0.34759358288770054 0.006012024048096192 0.008021390374331552
0 0.7139278557114228 0.3538324420677362 0.008016032064128256 0.006238859180035651
1 0.7384769539078156 0.35472370766488415 0.006513026052104208 0.008912655971479501
0 0.4088176352705411 0.35561497326203206 0.022044088176352707 0.02406417112299465
1 0.12424849699398798 0.35561497326203206 0.03206412825651302 0.027629233511586453
0 0.6823647294589178 0.35650623885918004 0.011523046092184368 0.008912655971479501
0 0.593687374749499 0.36185383244206776 0.013026052104208416 0.0142602495543672
0 0.7409819639278558 0.36185383244206776 0.009018036072144289 0.008912655971479501
1 0.7610220440881763 0.36185383244206776 0.006012024048096192 0.008912655971479501
1 0.782565130260521 0.3680926916221034 0.005511022044088177 0.008021390374331552
0 0.7039078156312625 0.3698752228163993 0.01002004008016032 0.008021390374331552
0 0.7665330661322646 0.3698752228163993 0.006513026052104208 0.008021390374331552
0 0.44138276553106215 0.3716577540106952 0.025050100200400802 0.025846702317290554
0 0.6457915831663327 0.37433155080213903 0.014028056112224449 0.012477718360071301
1 0.1372745490981964 0.37433155080213903 0.037575150300601205 0.03208556149732621
1 0.8041082164328658 0.3761140819964349 0.008016032064128256 0.0071301247771836
0 0.7935871743486974 0.3787878787878788 0.008016032064128256 0.008912655971479501
0 0.7299599198396793 0.38235294117647056 0.011022044088176353 0.008912655971479501
1 0.8291583166332666 0.3859180035650624 0.0070140280561122245 0.0071301247771836
0 0.8171342685370742 0.3868092691622103 0.008016032064128256 0.008021390374331552
0 0.6978957915831663 0.3877005347593583 0.013527054108216433 0.015151515151515152
0 0.4729458917835671 0.3894830659536542 0.02755511022044088 0.0213903743315508
0 0.7229458917835672 0.3966131907308378 0.014028056112224449 0.015151515151515152
0 0.7575150300601202 0.3966131907308378 0.011523046092184368 0.012477718360071301
0 0.841182364729459 0.3966131907308378 0.008016032064128256 0.008912655971479501
1 0.13577154308617234 0.40106951871657753 0.04308617234468938 0.0374331550802139
0 0.7449899799599199 0.40106951871657753 0.017034068136272545 0.015151515151515152
0 0.8697394789579158 0.40463458110516937 0.008016032064128256 0.008912655971479501
0 0.7625250501002004 0.4055258467023173 0.014529058116232466 0.0106951871657754
0 0.5045090180360722 0.41354723707664887 0.028557114228456915 0.026737967914438502
1 0.12474949899799599 0.43493761140819964 0.04809619238476954 0.0481283422459893
0 0.533066132264529 0.4447415329768271 0.03006012024048096 0.024955436720142603