0 0.5132612966601179 0.5235602094240838 0.0206286836935167 0.038394415357766144
0 0.4911591355599214 0.5706806282722513 0.027996070726915522 0.04537521815008726
0 0.468565815324165 0.6239092495636999 0.028978388998035363 0.04886561954624782
0 0.4400785854616896 0.6823734729493892 0.03339882121807466 0.05410122164048865
0 0.4037328094302554 0.7609075043630017 0.04076620825147348 0.06282722513089005
0 0.368860510805501 0.8481675392670157 0.047151277013752456 0.08726003490401396
0 0.5849705304518664 0.26788830715532286 0.010805500982318271 0.020942408376963352
0 0.5805500982318271 0.24956369982547993 0.01719056974459725 0.02268760907504363
0 0.5790766208251473 0.32897033158813266 0.011787819253438114 0.02617801047120419
0 0.5707269155206287 0.28184991273996507 0.01768172888015717 0.02617801047120419
0 0.5638506876227898 0.3106457242582897 0.02111984282907662 0.027923211169284468
0 0.5520628683693517 0.36387434554973824 0.018664047151277015 0.027050610820244327
0 0.543713163064833 0.4162303664921466 0.01719056974459725 0.034031413612565446
0 0.5270137524557956 0.47294938917975565 0.01669941060903733 0.02617801047120419