0 0.5064377682403434 0.47423664122137404 0.022532188841201718 0.04198473282442748
0 0.5305793991416309 0.42270992366412213 0.0305793991416309 0.04961832061068702
0 0.5552575107296137 0.36450381679389315 0.03165236051502146 0.05343511450381679
0 0.5863733905579399 0.3005725190839695 0.03648068669527897 0.05916030534351145
0 0.6260729613733905 0.21469465648854963 0.04452789699570815 0.06870229007633588
0 0.6641630901287554 0.11927480916030535 0.05150214592274678 0.09541984732824428
0 0.4281115879828326 0.7538167938931297 0.011802575107296138 0.022900763358778626
0 0.43293991416309013 0.773854961832061 0.018776824034334765 0.02480916030534351
0 0.434549356223176 0.6870229007633588 0.012875536480686695 0.02862595419847328
0 0.4436695278969957 0.7385496183206107 0.019313304721030045 0.02862595419847328
0 0.4511802575107296 0.7070610687022901 0.023068669527896997 0.030534351145038167
0 0.46405579399141633 0.648854961832061 0.0203862660944206 0.029580152671755726
0 0.47317596566523606 0.5916030534351145 0.018776824034334765 0.03721374045801527
0 0.49141630901287553 0.5295801526717557 0.018240343347639486 0.02862595419847328