0 0.5263671875 0.4739583333333333 0.0234375 0.033854166666666664
0 0.55322265625 0.5043402777777778 0.02685546875 0.03732638888888889
0 0.5849609375 0.5442708333333334 0.02978515625 0.041666666666666664
1 0.08740234375 0.5659722222222222 0.0654296875 0.07899305555555555
1 0.62109375 0.5902777777777778 0.03515625 0.046875
0 0.6669921875 0.6475694444444444 0.04296875 0.059895833333333336
0 0.71630859375 0.7100694444444444 0.048828125 0.06684027777777778
1 0.2060546875 0.3107638888888889 0.01513671875 0.019097222222222224
1 0.2568359375 0.3125 0.01220703125 0.017361111111111112
1 0.1845703125 0.3125 0.015625 0.020833333333333332
1 0.22998046875 0.3125 0.01416015625 0.018229166666666668
1 0.2841796875 0.3151041666666667 0.01171875 0.015625
1 0.3115234375 0.3185763888888889 0.0126953125 0.017361111111111112
1 0.1689453125 0.3185763888888889 0.01611328125 0.021701388888888888
1 0.154296875 0.3211805555555556 0.017578125 0.022569444444444444
1 0.3359375 0.3229166666666667 0.01123046875 0.017361111111111112
1 0.14404296875 0.3289930555555556 0.01708984375 0.021701388888888888
1 0.36474609375 0.3289930555555556 0.0107421875 0.014756944444444444
1 0.14208984375 0.3385416666666667 0.021484375 0.021701388888888888
1 0.41015625 0.3411458333333333 0.009765625 0.013888888888888888
1 0.14306640625 0.3515625 0.02392578125 0.028645833333333332
1 0.45703125 0.3524305555555556 0.00927734375 0.013888888888888888
0 0.3837890625 0.3637152777777778 0.01318359375 0.021701388888888888
1 0.50146484375 0.3637152777777778 0.00927734375 0.013020833333333334
0 0.37158203125 0.3671875 0.01611328125 0.022569444444444444
1 0.150390625 0.3671875 0.02392578125 0.028645833333333332
0 0.41357421875 0.3680555555555556 0.013671875 0.021701388888888888
0 0.4443359375 0.3741319444444444 0.01416015625 0.019965277777777776
1 0.54296875 0.3758680555555556 0.00830078125 0.011284722222222222
0 0.388671875 0.3793402777777778 0.0146484375 0.025173611111111112
1 0.16748046875 0.3845486111111111 0.02734375 0.035590277777777776
0 0.4052734375 0.390625 0.01708984375 0.026041666666666668
0 0.50390625 0.3914930555555556 0.0126953125 0.018229166666666668
1 0.1787109375 0.4045138888888889 0.03076171875 0.036458333333333336
0 0.55908203125 0.40625 0.01220703125 0.018229166666666668
0 0.43505859375 0.4079861111111111 0.01953125 0.027777777777777776
0 0.61328125 0.4236111111111111 0.01171875 0.017361111111111112
0 0.46630859375 0.4244791666666667 0.02001953125 0.029513888888888888
1 0.1806640625 0.4305555555555556 0.0322265625 0.03819444444444445
0 0.4970703125 0.4470486111111111 0.021484375 0.03298611111111111
0 0.66455078125 0.4479166666666667 0.01220703125 0.022569444444444444
1 0.16552734375 0.4618055555555556 0.0400390625 0.049479166666666664