0 0.5317460317460317 0.48148148148148145 0.023809523809523808 0.03439153439153439
0 0.5590277777777778 0.5123456790123457 0.027281746031746032 0.03791887125220458
0 0.5912698412698413 0.5529100529100529 0.030257936507936508 0.042328042328042326
1 0.08581349206349206 0.5749559082892416 0.06646825396825397 0.08024691358024691
1 0.6279761904761905 0.599647266313933 0.03571428571428571 0.047619047619047616
0 0.6746031746031746 0.6578483245149912 0.04365079365079365 0.06084656084656084
0 0.7247023809523809 0.7213403880070547 0.0496031746031746 0.06790123456790123
1 0.20634920634920634 0.31569664902998235 0.015376984126984126 0.019400352733686066
1 0.25793650793650796 0.31746031746031744 0.01240079365079365 0.01763668430335097
1 0.18452380952380953 0.31746031746031744 0.015873015873015872 0.021164021164021163
1 0.23065476190476192 0.31746031746031744 0.014384920634920634 0.018518518518518517
1 0.2857142857142857 0.3201058201058201 0.011904761904761904 0.015873015873015872
1 0.3134920634920635 0.3236331569664903 0.012896825396825396 0.01763668430335097
1 0.16865079365079366 0.3236331569664903 0.01636904761904762 0.02204585537918871
1 0.15376984126984128 0.3262786596119929 0.017857142857142856 0.02292768959435626
1 0.3382936507936508 0.328042328042328 0.011408730158730158 0.01763668430335097
1 0.1433531746031746 0.3342151675485009 0.017361111111111112 0.02204585537918871
1 0.36755952380952384 0.3342151675485009 0.010912698412698412 0.014991181657848324
1 0.14136904761904762 0.3439153439153439 0.021825396825396824 0.02204585537918871
1 0.41369047619047616 0.34656084656084657 0.00992063492063492 0.014109347442680775
1 0.1423611111111111 0.35714285714285715 0.024305555555555556 0.0291005291005291
1 0.46130952380952384 0.35802469135802467 0.009424603174603174 0.014109347442680775
0 0.3869047619047619 0.36948853615520283 0.013392857142857142 0.02204585537918871
1 0.5064484126984127 0.36948853615520283 0.009424603174603174 0.013227513227513227
0 0.37450396825396826 0.373015873015873 0.01636904761904762 0.02292768959435626
1 0.1498015873015873 0.373015873015873 0.024305555555555556 0.0291005291005291
0 0.41716269841269843 0.37389770723104054 0.013888888888888888 0.02204585537918871
0 0.44841269841269843 0.3800705467372134 0.014384920634920634 0.020282186948853614
1 0.5486111111111112 0.3818342151675485 0.008432539682539682 0.01146384479717813
0 0.39186507936507936 0.3853615520282187 0.01488095238095238 0.025573192239858905
1 0.1671626984126984 0.390652557319224 0.027777777777777776 0.036155202821869487
0 0.4087301587301587 0.3968253968253968 0.017361111111111112 0.026455026455026454
0 0.5089285714285714 0.3977072310405644 0.012896825396825396 0.018518518518518517
1 0.17857142857142858 0.4109347442680776 0.03125 0.037037037037037035
0 0.5649801587301587 0.4126984126984127 0.01240079365079365 0.018518518518518517
0 0.43898809523809523 0.4144620811287478 0.01984126984126984 0.02821869488536155
0 0.6200396825396826 0.43033509700176364 0.011904761904761904 0.01763668430335097
0 0.470734126984127 0.4312169312169312 0.020337301587301588 0.029982363315696647
1 0.18055555555555555 0.43738977072310403 0.03273809523809524 0.03880070546737213
0 0.501984126984127 0.4541446208112875 0.021825396825396824 0.03350970017636684
0 0.6721230158730159 0.455026455026455 0.01240079365079365 0.02292768959435626
1 0.16517857142857142 0.4691358024691358 0.040674603174603176 0.05026455026455026