0 0.4862475442043222 0.45462478184991273 0.019155206286836934 0.041884816753926704
0 0.5034381139489195 0.40663176265270506 0.02111984282907662 0.04799301919720768
0 0.5260314341846758 0.349912739965096 0.023575638506876228 0.053228621291448515
1 0.5520628683693517 0.28534031413612565 0.026522593320235755 0.06282722513089005
0 0.5844793713163065 0.20331588132635253 0.03388998035363458 0.07678883071553229
0 0.6198428290766208 0.11518324607329843 0.03781925343811395 0.08726003490401396
1 0.3948919449901768 0.9363001745200699 0.009823182711198428 0.02181500872600349
1 0.3948919449901768 0.9842931937172775 0.01031434184675835 0.02530541012216405
1 0.39636542239685657 0.887434554973822 0.008840864440078585 0.020942408376963352
1 0.3983300589390963 0.8385689354275742 0.009823182711198428 0.02268760907504363
1 0.40078585461689586 0.7949389179755671 0.009823182711198428 0.02006980802792321
1 0.40422396856581533 0.743455497382199 0.008349705304518664 0.019197207678883072
1 0.4111001964636542 0.662303664921466 0.007858546168958742 0.017452006980802792
1 0.4174852652259332 0.5785340314136126 0.007858546168958742 0.016579406631762654
0 0.42387033398821217 0.7094240837696335 0.012278978388998035 0.02356020942408377
1 0.42387033398821217 0.49912739965095987 0.0073673870333988214 0.016579406631762654
0 0.4258349705304519 0.731239092495637 0.012770137524557957 0.028795811518324606
0 0.4263261296660118 0.6561954624781849 0.012278978388998035 0.02443280977312391
0 0.42976424361493126 0.6012216404886562 0.011296660117878193 0.02530541012216405
1 0.4307465618860511 0.424956369982548 0.0063850687622789785 0.014834205933682374
0 0.43271119842829076 0.7006980802792321 0.01424361493123772 0.02617801047120419
0 0.43909626719056977 0.6710296684118674 0.014734774066797643 0.030541012216404886
0 0.4395874263261297 0.49476439790575916 0.01031434184675835 0.02268760907504363
0 0.44793713163064836 0.3961605584642234 0.01031434184675835 0.02181500872600349
0 0.4489194499017682 0.6178010471204188 0.015717092337917484 0.034904013961605584
0 0.4577603143418468 0.29930191972076786 0.009823182711198428 0.020942408376963352
0 0.4582514734774067 0.5619546247818499 0.01669941060903733 0.03577661431064572
0 0.47102161100196466 0.5069808027923212 0.018664047151277015 0.038394415357766144
0 0.4715127701375246 0.20767888307155322 0.012770137524557957 0.02181500872600349