0 0.6218074656188605 0.49214659685863876 0.030451866404715127 0.04363001745200698
0 0.6620825147347741 0.5357766143106457 0.0343811394891945 0.04799301919720768
1 0.14390962671905697 0.5567190226876091 0.05992141453831041 0.08551483420593368
0 0.7151277013752456 0.587260034904014 0.04273084479371316 0.05759162303664921
0 0.7716110019646365 0.6527050610820244 0.05009823182711198 0.06282722513089005
1 0.03266208251473477 0.8032286212914486 0.06532416502946954 0.11780104712041885
1 0.27946954813359526 0.2879581151832461 0.012770137524557957 0.015706806282722512
1 0.25343811394891946 0.28883071553228623 0.014734774066797643 0.014834205933682374
1 0.30648330058939094 0.28883071553228623 0.012278978388998035 0.011343804537521814
1 0.33398821218074654 0.28970331588132636 0.012278978388998035 0.012216404886561954
1 0.3575638506876228 0.2905759162303665 0.011787819253438114 0.013961605584642234
1 0.23035363457760313 0.2914485165794066 0.015717092337917484 0.016579406631762654
1 0.38605108055009824 0.2949389179755672 0.011296660117878193 0.013961605584642234
1 0.20972495088408644 0.2949389179755672 0.01669941060903733 0.017452006980802792
1 0.19351669941060903 0.3010471204188482 0.01768172888015717 0.017452006980802792
1 0.43222003929273084 0.3036649214659686 0.01031434184675835 0.013961605584642234
1 0.17976424361493124 0.30715532286212915 0.018664047151277015 0.02181500872600349
1 0.4793713163064833 0.3106457242582897 0.01031434184675835 0.011343804537521814
1 0.17141453831041256 0.31239092495637 0.018172888015717092 0.019197207678883072
1 0.5235756385068763 0.31762652705061084 0.010805500982318271 0.013089005235602094
1 0.17092337917485265 0.3237347294938918 0.022102161100196464 0.02268760907504363
0 0.4086444007858546 0.32722513089005234 0.01424361493123772 0.016579406631762654
0 0.43762278978388996 0.32809773123909247 0.014734774066797643 0.015706806282722512
0 0.3968565815324165 0.3333333333333333 0.015225933202357564 0.02268760907504363
0 0.46905697445972494 0.33507853403141363 0.0137524557956778 0.019197207678883072
1 0.17337917485265225 0.33595113438045376 0.0206286836935167 0.02443280977312391
0 0.41404715127701375 0.34293193717277487 0.018172888015717092 0.02443280977312391
0 0.5289783889980354 0.343804537521815 0.014734774066797643 0.016579406631762654
1 0.18369351669941061 0.3507853403141361 0.02504911591355599 0.031413612565445025
0 0.43271119842829076 0.35165794066317624 0.016208251473477406 0.027050610820244327
0 0.5849705304518664 0.35602094240837695 0.013261296660117878 0.017452006980802792
1 0.20088408644400785 0.36387434554973824 0.027013752455795677 0.03228621291448516
0 0.46218074656188607 0.3682373472949389 0.02013752455795678 0.027050610820244327
0 0.6409626719056974 0.36910994764397903 0.012278978388998035 0.014834205933682374
0 0.4955795677799607 0.38219895287958117 0.0206286836935167 0.029668411867364748
1 0.2151277013752456 0.38481675392670156 0.02848722986247544 0.03926701570680628
0 0.5270137524557956 0.4013961605584642 0.022102161100196464 0.031413612565445025
1 0.21709233791748528 0.41012216404886565 0.03388998035363458 0.041884816753926704
0 0.5589390962671905 0.424956369982548 0.023575638506876228 0.031413612565445025
1 0.20579567779960709 0.4424083769633508 0.04174852652259332 0.049738219895287955
0 0.5879174852652259 0.4537521815008726 0.026522593320235755 0.037521815008726006