0 0.649077868852459 0.48633879781420764 0.031762295081967214 0.04553734061930783
0 0.6910860655737705 0.5318761384335154 0.035860655737704916 0.05009107468123861
1 0.15061475409836064 0.5537340619307832 0.0625 0.08925318761384335
0 0.7464139344262295 0.5856102003642987 0.04456967213114754 0.060109289617486336
0 0.805327868852459 0.6539162112932605 0.05225409836065574 0.06557377049180328
1 0.03432377049180328 0.8114754098360656 0.06864754098360656 0.12295081967213115
1 0.29200819672131145 0.273224043715847 0.01331967213114754 0.01639344262295082
1 0.26485655737704916 0.27413479052823314 0.015368852459016393 0.015482695810564663
1 0.3201844262295082 0.27413479052823314 0.012807377049180328 0.011839708561020037
1 0.3488729508196721 0.2750455373406193 0.012807377049180328 0.012750455373406194
1 0.3734631147540984 0.27595628415300544 0.012295081967213115 0.014571948998178506
1 0.24077868852459017 0.2768670309653916 0.01639344262295082 0.017304189435336976
1 0.4031762295081967 0.28051001821493626 0.0117827868852459 0.014571948998178506
1 0.2192622950819672 0.28051001821493626 0.017418032786885244 0.018214936247723135
1 0.2023565573770492 0.28688524590163933 0.018442622950819672 0.018214936247723135
1 0.45133196721311475 0.2896174863387978 0.010758196721311475 0.014571948998178506
1 0.1880122950819672 0.29326047358834245 0.0194672131147541 0.022768670309653915
1 0.5005122950819673 0.29690346083788705 0.010758196721311475 0.011839708561020037
1 0.17930327868852458 0.2987249544626594 0.018954918032786885 0.020036429872495445
1 0.5466188524590164 0.30418943533697634 0.011270491803278689 0.01366120218579235
1 0.17879098360655737 0.3105646630236794 0.02305327868852459 0.023679417122040074
0 0.42674180327868855 0.31420765027322406 0.01485655737704918 0.017304189435336976
0 0.4569672131147541 0.3151183970856102 0.015368852459016393 0.01639344262295082
0 0.4144467213114754 0.3205828779599271 0.015881147540983607 0.023679417122040074
0 0.48975409836065575 0.3224043715846995 0.014344262295081968 0.020036429872495445
1 0.18135245901639344 0.3233151183970856 0.02151639344262295 0.025500910746812388
0 0.4323770491803279 0.33060109289617484 0.018954918032786885 0.025500910746812388
0 0.5522540983606558 0.331511839708561 0.015368852459016393 0.017304189435336976
1 0.19211065573770492 0.33879781420765026 0.02612704918032787 0.03278688524590164
0 0.45184426229508196 0.33970856102003644 0.016905737704918034 0.028233151183970857
0 0.610655737704918 0.3442622950819672 0.013831967213114754 0.018214936247723135
1 0.21004098360655737 0.3524590163934426 0.02817622950819672 0.033697632058287796
0 0.48258196721311475 0.3570127504553734 0.021004098360655737 0.028233151183970857
0 0.6690573770491803 0.35792349726775957 0.012807377049180328 0.015482695810564663
0 0.5174180327868853 0.37158469945355194 0.02151639344262295 0.030965391621129327
1 0.22489754098360656 0.3743169398907104 0.02971311475409836 0.040983606557377046
0 0.5502049180327869 0.39162112932604737 0.02305327868852459 0.03278688524590164
1 0.22694672131147542 0.4007285974499089 0.0353483606557377 0.04371584699453552
0 0.5835040983606558 0.41621129326047357 0.02459016393442623 0.03278688524590164
1 0.2151639344262295 0.4344262295081967 0.043545081967213115 0.05191256830601093
0 0.6137295081967213 0.44626593806921677 0.027663934426229508 0.039162112932604735