0 0.6657782515991472 0.4667931688804554 0.03091684434968017 0.04743833017077799
0 0.7105543710021321 0.5132827324478179 0.03464818763326226 0.054079696394686905
1 0.1497867803837953 0.5436432637571158 0.06130063965884861 0.07969639468690702
0 0.7681236673773987 0.571157495256167 0.0453091684434968 0.061669829222011384
0 0.8294243070362474 0.6394686907020873 0.05490405117270789 0.07020872865275142
1 0.03171641791044776 0.8121442125237192 0.06343283582089553 0.12144212523719165
1 0.32142857142857145 0.2571157495256167 0.01279317697228145 0.014231499051233396
1 0.35127931769722814 0.2571157495256167 0.01279317697228145 0.014231499051233396
1 0.3773987206823028 0.25806451612903225 0.011727078891257996 0.015180265654648957
1 0.2926439232409382 0.25806451612903225 0.01279317697228145 0.017077798861480076
1 0.26545842217484006 0.25901328273244784 0.013859275053304905 0.017077798861480076
1 0.4077825159914712 0.26091081593927895 0.010660980810234541 0.015180265654648957
1 0.23987206823027718 0.2618595825426945 0.015458422174840085 0.018026565464895637
1 0.21748400852878466 0.2666034155597723 0.015458422174840085 0.020872865275142316
1 0.4578891257995736 0.2685009487666034 0.010127931769722815 0.013282732447817837
1 0.20149253731343283 0.2732447817836812 0.015991471215351813 0.022770398481973434
1 0.5090618336886994 0.27609108159392787 0.010660980810234541 0.013282732447817837
1 0.6609808102345416 0.27609108159392787 0.009594882729211088 0.010436432637571158
1 0.6705756929637526 0.27703984819734345 0.004797441364605544 0.009487666034155597
1 0.679637526652452 0.27798861480075904 0.005863539445628998 0.008538899430740038
1 0.6881663113006397 0.27893738140417457 0.004797441364605544 0.009487666034155597
1 0.1865671641791045 0.27988614800759015 0.017057569296375266 0.019924098671726755
1 0.6556503198294243 0.2808349146110057 0.005330490405117271 0.010436432637571158
1 0.7009594882729211 0.28178368121442127 0.005863539445628998 0.007590132827324478
1 0.5575692963752665 0.2827324478178368 0.009594882729211088 0.012333965844402278
1 0.7126865671641791 0.2846299810246679 0.0042643923240938165 0.007590132827324478
1 0.6545842217484008 0.2884250474383302 0.006929637526652452 0.010436432637571158
1 0.17750533049040512 0.2884250474383302 0.017590618336886993 0.021821631878557873
1 0.603411513859275 0.29127134724857684 0.009594882729211088 0.014231499051233396
1 0.7393390191897654 0.29127134724857684 0.006396588486140725 0.009487666034155597
0 0.43283582089552236 0.29411764705882354 0.013326226012793176 0.017077798861480076
1 0.6252665245202559 0.29506641366223907 0.009594882729211088 0.015180265654648957
0 0.46375266524520253 0.2969639468690702 0.013859275053304905 0.017077798861480076
1 0.656183368869936 0.2969639468690702 0.009594882729211088 0.014231499051233396
1 0.7654584221748401 0.29886148007590135 0.006396588486140725 0.008538899430740038
1 0.6455223880597015 0.29886148007590135 0.009594882729211088 0.013282732447817837
0 0.4978678038379531 0.2998102466793169 0.014392324093816631 0.018026565464895637
1 0.17590618336886993 0.301707779886148 0.021321961620469083 0.026565464895635674
0 0.4195095948827292 0.3026565464895636 0.015458422174840085 0.022770398481973434
0 0.7446695095948828 0.3036053130929791 0.006929637526652452 0.011385199240986717
0 0.7574626865671642 0.3045540796963947 0.005863539445628998 0.007590132827324478
1 0.7921108742004265 0.3064516129032258 0.006396588486140725 0.009487666034155597
0 0.7707889125799574 0.30740037950664134 0.006396588486140725 0.008538899430740038
0 0.5634328358208955 0.3092979127134725 0.01279317697228145 0.016129032258064516
0 0.7494669509594882 0.3092979127134725 0.005863539445628998 0.009487666034155597
0 0.7857142857142857 0.3111954459203036 0.005863539445628998 0.009487666034155597
0 0.7563965884861408 0.31214421252371916 0.005863539445628998 0.008538899430740038
0 0.43869936034115137 0.31309297912713474 0.01652452025586354 0.025616698292220113
1 0.8187633262260128 0.31309297912713474 0.005330490405117271 0.009487666034155597
0 0.7627931769722814 0.31499051233396586 0.006396588486140725 0.007590132827324478
1 0.18070362473347548 0.3159392789373814 0.023454157782515993 0.026565464895635674
0 0.8166311300639659 0.3187855787476281 0.006929637526652452 0.010436432637571158
1 0.843816631130064 0.31973434535104367 0.005863539445628998 0.008538899430740038
0 0.6236673773987207 0.3206831119544592 0.013326226012793176 0.017077798861480076
0 0.4578891257995736 0.3225806451612903 0.019189765458422176 0.025616698292220113
0 0.7830490405117271 0.32447817836812143 0.00906183368869936 0.012333965844402278
1 0.8688699360341151 0.325426944971537 0.006396588486140725 0.008538899430740038
0 0.847547974413646 0.32637571157495254 0.006929637526652452 0.011385199240986717
1 0.1908315565031983 0.32827324478178366 0.02398720682302772 0.028462998102466792
1 0.8955223880597015 0.33206831119544594 0.006396588486140725 0.007590132827324478
0 0.8768656716417911 0.3349146110056926 0.006929637526652452 0.009487666034155597
0 0.6849680170575693 0.3349146110056926 0.01279317697228145 0.017077798861480076
0 0.4904051172707889 0.3377609108159393 0.019189765458422176 0.027514231499051234
0 0.8070362473347548 0.3377609108159393 0.010127931769722815 0.015180265654648957
1 0.9205756929637526 0.340607210626186 0.006929637526652452 0.009487666034155597
0 0.9088486140724946 0.3425047438330171 0.007462686567164179 0.009487666034155597
1 0.2084221748400853 0.34535104364326374 0.028784648187633263 0.03984819734345351
0 0.7436034115138592 0.34629981024667933 0.014392324093816631 0.017077798861480076
1 0.9498933901918977 0.35009487666034156 0.005863539445628998 0.009487666034155597
0 0.9365671641791045 0.35009487666034156 0.006396588486140725 0.009487666034155597
0 0.8374200426439232 0.3519924098671727 0.01279317697228145 0.016129032258064516
0 0.5261194029850746 0.35294117647058826 0.021321961620469083 0.031309297912713474
0 0.964818763326226 0.3605313092979127 0.006396588486140725 0.010436432637571158
0 0.802771855010661 0.36148007590132825 0.013859275053304905 0.018026565464895637
1 0.2244136460554371 0.36432637571157495 0.029850746268656716 0.046489563567362426
0 0.829957356076759 0.36622390891840606 0.013859275053304905 0.017077798861480076
0 0.8699360341151386 0.36622390891840606 0.011194029850746268 0.016129032258064516
0 0.9973347547974414 0.3709677419354839 0.005330490405117271 0.013282732447817837
0 0.8571428571428571 0.3719165085388994 0.014392324093816631 0.016129032258064516
0 0.5618336886993603 0.3738140417457306 0.022921108742004266 0.03320683111954459
0 0.8747334754797441 0.3738140417457306 0.012260127931769723 0.018026565464895637
1 0.2260127931769723 0.3918406072106262 0.035181236673773986 0.04364326375711575
0 0.5959488272921108 0.3984819734345351 0.024520255863539446 0.03415559772296015
1 0.21695095948827292 0.4240986717267552 0.04157782515991471 0.056925996204933584
0 0.6284648187633263 0.4297912713472486 0.02771855010660981 0.03984819734345351