0 0.62353515625 0.4956597222222222 0.0283203125 0.043402777777777776
0 0.66455078125 0.5381944444444444 0.03173828125 0.049479166666666664
1 0.15087890625 0.5659722222222222 0.05615234375 0.07291666666666667
0 0.71728515625 0.5911458333333334 0.04150390625 0.05642361111111111
0 0.7734375 0.6536458333333334 0.05029296875 0.0642361111111111
1 0.0361328125 0.8116319444444444 0.07177734375 0.1111111111111111
1 0.30810546875 0.3038194444444444 0.01171875 0.013020833333333334
1 0.33544921875 0.3038194444444444 0.01171875 0.013020833333333334
1 0.359375 0.3046875 0.0107421875 0.013888888888888888
1 0.28173828125 0.3046875 0.01171875 0.015625
1 0.2568359375 0.3055555555555556 0.0126953125 0.015625
1 0.38720703125 0.3072916666666667 0.009765625 0.013888888888888888
1 0.2333984375 0.3081597222222222 0.01416015625 0.016493055555555556
1 0.212890625 0.3125 0.01416015625 0.019097222222222224
1 0.43310546875 0.3142361111111111 0.00927734375 0.012152777777777778
1 0.1982421875 0.3185763888888889 0.0146484375 0.020833333333333332
1 0.47998046875 0.3211805555555556 0.009765625 0.012152777777777778
1 0.619140625 0.3211805555555556 0.0087890625 0.009548611111111112
1 0.6279296875 0.3220486111111111 0.00439453125 0.008680555555555556
1 0.63623046875 0.3229166666666667 0.00537109375 0.0078125
1 0.64404296875 0.3237847222222222 0.00439453125 0.008680555555555556
1 0.1845703125 0.3246527777777778 0.015625 0.018229166666666668
1 0.6142578125 0.3255208333333333 0.0048828125 0.009548611111111112
1 0.65576171875 0.3263888888888889 0.00537109375 0.006944444444444444
1 0.5244140625 0.3272569444444444 0.0087890625 0.011284722222222222
1 0.66650390625 0.3289930555555556 0.00390625 0.006944444444444444
1 0.61328125 0.3324652777777778 0.00634765625 0.009548611111111112
1 0.17626953125 0.3324652777777778 0.01611328125 0.019965277777777776
1 0.56640625 0.3350694444444444 0.0087890625 0.013020833333333334
1 0.69091796875 0.3350694444444444 0.005859375 0.008680555555555556
0 0.41015625 0.3376736111111111 0.01220703125 0.015625
1 0.58642578125 0.3385416666666667 0.0087890625 0.013888888888888888
0 0.4384765625 0.3402777777777778 0.0126953125 0.015625
1 0.61474609375 0.3402777777777778 0.0087890625 0.013020833333333334
1 0.71484375 0.3420138888888889 0.005859375 0.0078125
1 0.60498046875 0.3420138888888889 0.0087890625 0.012152777777777778
0 0.4697265625 0.3428819444444444 0.01318359375 0.016493055555555556
1 0.1748046875 0.3446180555555556 0.01953125 0.024305555555555556
0 0.39794921875 0.3454861111111111 0.01416015625 0.020833333333333332
0 0.69580078125 0.3463541666666667 0.00634765625 0.010416666666666666
0 0.70751953125 0.3472222222222222 0.00537109375 0.006944444444444444
1 0.7392578125 0.3489583333333333 0.005859375 0.008680555555555556
0 0.7197265625 0.3498263888888889 0.005859375 0.0078125
0 0.52978515625 0.3515625 0.01171875 0.014756944444444444
0 0.7001953125 0.3515625 0.00537109375 0.008680555555555556
0 0.7333984375 0.3532986111111111 0.00537109375 0.008680555555555556
0 0.70654296875 0.3541666666666667 0.00537109375 0.0078125
0 0.41552734375 0.3550347222222222 0.01513671875 0.0234375
1 0.763671875 0.3550347222222222 0.0048828125 0.008680555555555556
0 0.71240234375 0.3567708333333333 0.005859375 0.006944444444444444
1 0.17919921875 0.3576388888888889 0.021484375 0.024305555555555556
0 0.76171875 0.3602430555555556 0.00634765625 0.009548611111111112
1 0.78662109375 0.3611111111111111 0.00537109375 0.0078125
0 0.5849609375 0.3619791666666667 0.01220703125 0.015625
0 0.43310546875 0.3637152777777778 0.017578125 0.0234375
0 0.73095703125 0.3654513888888889 0.00830078125 0.011284722222222222
1 0.8095703125 0.3663194444444444 0.005859375 0.0078125
0 0.7900390625 0.3671875 0.00634765625 0.010416666666666666
1 0.1884765625 0.3689236111111111 0.02197265625 0.026041666666666668
1 0.833984375 0.3723958333333333 0.005859375 0.006944444444444444
0 0.81689453125 0.375 0.00634765625 0.008680555555555556
0 0.64111328125 0.375 0.01171875 0.015625
0 0.462890625 0.3776041666666667 0.017578125 0.025173611111111112
0 0.7529296875 0.3776041666666667 0.00927734375 0.013888888888888888
1 0.85693359375 0.3802083333333333 0.00634765625 0.008680555555555556
0 0.84619140625 0.3819444444444444 0.0068359375 0.008680555555555556
1 0.20458984375 0.3845486111111111 0.0263671875 0.036458333333333336
0 0.69482421875 0.3854166666666667 0.01318359375 0.015625
1 0.8837890625 0.3888888888888889 0.00537109375 0.008680555555555556
0 0.87158203125 0.3888888888888889 0.005859375 0.008680555555555556
0 0.78076171875 0.390625 0.01171875 0.014756944444444444
0 0.49560546875 0.3914930555555556 0.01953125 0.028645833333333332
0 0.8974609375 0.3984375 0.005859375 0.009548611111111112
0 0.7490234375 0.3993055555555556 0.0126953125 0.016493055555555556
1 0.21923828125 0.4019097222222222 0.02734375 0.042534722222222224
0 0.77392578125 0.4036458333333333 0.0126953125 0.015625
0 0.810546875 0.4036458333333333 0.01025390625 0.014756944444444444
0 0.92822265625 0.4079861111111111 0.0068359375 0.012152777777777778
0 0.798828125 0.4088541666666667 0.01318359375 0.014756944444444444
0 0.5283203125 0.4105902777777778 0.02099609375 0.030381944444444444
0 0.81494140625 0.4105902777777778 0.01123046875 0.016493055555555556
1 0.220703125 0.4270833333333333 0.0322265625 0.03993055555555555
0 0.5595703125 0.4331597222222222 0.0224609375 0.03125
1 0.21240234375 0.4565972222222222 0.0380859375 0.052083333333333336
0 0.58935546875 0.4618055555555556 0.025390625 0.036458333333333336