0 0.4869791666666667 0.7462962962962963 0.026041666666666668 0.053703703703703705
0 0.46145833333333336 0.8240740740740741 0.0296875 0.06018518518518518
0 0.4296875 0.924074074074074 0.033854166666666664 0.0787037037037037
1 0.6020833333333333 0.14814814814814814 0.0078125 0.022222222222222223
1 0.6020833333333333 0.2 0.0078125 0.022222222222222223
1 0.6015625 0.24537037037037038 0.008333333333333333 0.020370370370370372
1 0.6015625 0.09814814814814815 0.009375 0.022222222222222223
1 0.6010416666666667 0.05092592592592592 0.009375 0.024074074074074074
1 0.6 0.29814814814814816 0.008333333333333333 0.018518518518518517
1 0.59921875 0.009722222222222222 0.009895833333333333 0.019444444444444445
1 0.5958333333333333 0.3851851851851852 0.007291666666666667 0.017592592592592594
1 0.5916666666666667 0.4740740740740741 0.007291666666666667 0.018518518518518517
1 0.5916666666666667 0.7379629629629629 0.005729166666666666 0.016666666666666666
1 0.5911458333333334 0.7546296296296297 0.005208333333333333 0.008333333333333333
1 0.590625 0.7703703703703704 0.0046875 0.010185185185185186
1 0.5901041666666667 0.7851851851851852 0.005208333333333333 0.008333333333333333
1 0.5890625 0.7287037037037037 0.005729166666666666 0.009259259259259259
1 0.5885416666666666 0.8074074074074075 0.004166666666666667 0.010185185185185186
1 0.5880208333333333 0.5583333333333333 0.0067708333333333336 0.016666666666666666
1 0.5869791666666667 0.8277777777777777 0.004166666666666667 0.007407407407407408
1 0.5848958333333333 0.7268518518518519 0.005729166666666666 0.012037037037037037
1 0.5833333333333334 0.637962962962963 0.0078125 0.016666666666666666
1 0.5833333333333334 0.8740740740740741 0.005208333333333333 0.011111111111111112
0 0.5817708333333333 0.3416666666666667 0.009375 0.023148148148148147
1 0.58125 0.6759259259259259 0.008333333333333333 0.016666666666666666
0 0.5802083333333333 0.39537037037037037 0.009375 0.024074074074074074
1 0.5802083333333333 0.7296296296296296 0.0078125 0.016666666666666666
1 0.5791666666666667 0.9194444444444444 0.0046875 0.011111111111111112
1 0.5791666666666667 0.7111111111111111 0.007291666666666667 0.016666666666666666
0 0.5786458333333333 0.4546296296296296 0.009895833333333333 0.025
0 0.5770833333333333 0.31851851851851853 0.0125 0.026851851851851852
0 0.5765625 0.8833333333333333 0.00625 0.012037037037037037
0 0.5760416666666667 0.9055555555555556 0.004166666666666667 0.010185185185185186
1 0.575 0.9657407407407408 0.005208333333333333 0.011111111111111112
0 0.5744791666666667 0.9287037037037037 0.0046875 0.011111111111111112
0 0.5734375 0.5685185185185185 0.008854166666666666 0.022222222222222223
0 0.5734375 0.8916666666666667 0.005208333333333333 0.010185185185185186
0 0.5723958333333333 0.9546296296296296 0.005208333333333333 0.010185185185185186
0 0.571875 0.9037037037037037 0.0046875 0.010185185185185186
0 0.5713541666666667 0.35185185185185186 0.0140625 0.028703703703703703
0 0.5703125 0.9148148148148149 0.004166666666666667 0.011111111111111112
0 0.5671875 0.6731481481481482 0.009375 0.023148148148148147
0 0.5661458333333333 0.3851851851851852 0.0140625 0.03333333333333333
0 0.5651041666666666 0.95 0.0067708333333333336 0.01574074074074074
0 0.559375 0.7796296296296297 0.009375 0.022222222222222223
0 0.5578125 0.44166666666666665 0.015104166666666667 0.03333333333333333
0 0.5578125 0.9912037037037037 0.008333333333333333 0.017592592592592594
0 0.553125 0.8814814814814815 0.009375 0.025
0 0.5494791666666666 0.5037037037037037 0.0171875 0.037037037037037035
0 0.5447916666666667 0.9842592592592593 0.009895833333333333 0.024074074074074074
0 0.5380208333333333 0.5657407407407408 0.018229166666666668 0.03981481481481482
1 0.528125 0.006481481481481481 0.023958333333333335 0.012962962962962963
0 0.5244791666666667 0.625 0.01875 0.04259259259259259
0 0.5072916666666667 0.6814814814814815 0.021875 0.04814814814814815