0 0.56884765625 0.4826388888888889 0.01953125 0.029513888888888888
1 0.2353515625 0.4852430555555556 0.03076171875 0.033854166666666664
0 0.59814453125 0.5095486111111112 0.025390625 0.03125
1 0.2275390625 0.5164930555555556 0.03662109375 0.041666666666666664
0 0.63232421875 0.5451388888888888 0.029296875 0.042534722222222224
0 0.67431640625 0.5902777777777778 0.03466796875 0.042534722222222224
1 0.16845703125 0.6267361111111112 0.05322265625 0.0642361111111111
0 0.7275390625 0.6397569444444444 0.04150390625 0.05381944444444445
0 0.787109375 0.6987847222222222 0.05029296875 0.0642361111111111
1 0.0439453125 0.8671875 0.087890625 0.09895833333333333
1 0.29345703125 0.3532986111111111 0.00927734375 0.011284722222222222
1 0.3466796875 0.3550347222222222 0.01318359375 0.014756944444444444
1 0.26904296875 0.3550347222222222 0.0107421875 0.014756944444444444
1 0.36962890625 0.3559027777777778 0.0107421875 0.016493055555555556
1 0.3203125 0.3559027777777778 0.01123046875 0.016493055555555556
1 0.3974609375 0.3585069444444444 0.009765625 0.013888888888888888
1 0.6376953125 0.3619791666666667 0.0048828125 0.0078125
1 0.2470703125 0.3619791666666667 0.0126953125 0.019097222222222224
1 0.6455078125 0.3628472222222222 0.00537109375 0.008680555555555556
1 0.65380859375 0.3637152777777778 0.0048828125 0.0078125
1 0.4423828125 0.3645833333333333 0.00927734375 0.015625
1 0.66552734375 0.3663194444444444 0.00537109375 0.006944444444444444
1 0.2265625 0.3671875 0.01416015625 0.019097222222222224
1 0.67626953125 0.3697916666666667 0.00537109375 0.0078125
1 0.48828125 0.3697916666666667 0.00927734375 0.016493055555555556
1 0.212890625 0.3723958333333333 0.01416015625 0.018229166666666668
1 0.53369140625 0.3732638888888889 0.0078125 0.012152777777777778
1 0.70068359375 0.3741319444444444 0.0048828125 0.0078125
1 0.57568359375 0.3793402777777778 0.0087890625 0.012152777777777778
1 0.72509765625 0.3793402777777778 0.0048828125 0.0078125
1 0.59521484375 0.3810763888888889 0.00830078125 0.009548611111111112
1 0.19970703125 0.3810763888888889 0.015625 0.025173611111111112
1 0.75048828125 0.3836805555555556 0.00439453125 0.004340277777777778
0 0.716796875 0.3845486111111111 0.00634765625 0.008680555555555556
1 0.61474609375 0.3854166666666667 0.0078125 0.010416666666666666
0 0.73095703125 0.3871527777777778 0.005859375 0.0078125
1 0.19140625 0.3880208333333333 0.017578125 0.020833333333333332
1 0.77490234375 0.3897569444444444 0.0048828125 0.006076388888888889
0 0.41943359375 0.3897569444444444 0.01171875 0.018229166666666668
0 0.4482421875 0.3897569444444444 0.015625 0.020833333333333332
0 0.74462890625 0.3914930555555556 0.00634765625 0.008680555555555556
0 0.478515625 0.3940972222222222 0.01318359375 0.019097222222222224
0 0.71630859375 0.3940972222222222 0.00634765625 0.008680555555555556
0 0.40869140625 0.3949652777777778 0.0126953125 0.020833333333333332
0 0.77294921875 0.3967013888888889 0.005859375 0.006944444444444444
0 0.72265625 0.3967013888888889 0.005859375 0.008680555555555556
0 0.53955078125 0.4010416666666667 0.0126953125 0.018229166666666668
1 0.19140625 0.4019097222222222 0.02001953125 0.030381944444444444
0 0.80126953125 0.4027777777777778 0.0048828125 0.0078125
0 0.74072265625 0.4053819444444444 0.0068359375 0.009548611111111112
0 0.4248046875 0.4071180555555556 0.01513671875 0.022569444444444444
0 0.830078125 0.4088541666666667 0.0048828125 0.0078125
0 0.5947265625 0.4097222222222222 0.01171875 0.019097222222222224
0 0.76416015625 0.4149305555555556 0.00830078125 0.009548611111111112
0 0.859375 0.4149305555555556 0.00634765625 0.0078125
1 0.19580078125 0.4149305555555556 0.02197265625 0.029513888888888888
0 0.650390625 0.4175347222222222 0.01171875 0.015625
0 0.443359375 0.4175347222222222 0.01611328125 0.026909722222222224
0 0.884765625 0.4201388888888889 0.00634765625 0.008680555555555556
1 0.2041015625 0.4253472222222222 0.02490234375 0.033854166666666664
0 0.79296875 0.4270833333333333 0.00927734375 0.012152777777777778
0 0.705078125 0.4279513888888889 0.01220703125 0.017361111111111112
0 0.91259765625 0.4288194444444444 0.00439453125 0.008680555555555556
0 0.47265625 0.4296875 0.01513671875 0.0234375
0 0.943359375 0.4366319444444444 0.00439453125 0.008680555555555556
0 0.7587890625 0.4392361111111111 0.01318359375 0.018229166666666668
1 0.22119140625 0.4392361111111111 0.02490234375 0.028645833333333332
0 0.50537109375 0.4409722222222222 0.017578125 0.026041666666666668
0 0.82177734375 0.4409722222222222 0.009765625 0.016493055555555556
0 0.78564453125 0.4435763888888889 0.01220703125 0.017361111111111112
0 0.81005859375 0.4470486111111111 0.01171875 0.019965277777777776
0 0.82861328125 0.4479166666666667 0.01171875 0.016493055555555556
1 0.2333984375 0.4600694444444444 0.02685546875 0.03298611111111111
0 0.53759765625 0.4609375 0.01904296875 0.026041666666666668