0 0.5092896174863388 0.683495145631068 0.018579234972677595 0.038834951456310676
1 0.5073770491803279 0.02524271844660194 0.021311475409836064 0.05048543689320388
0 0.4923497267759563 0.7417475728155339 0.019672131147540985 0.05048543689320388
1 0.48797814207650275 0.020388349514563107 0.02622950819672131 0.040776699029126215
0 0.46994535519125685 0.8097087378640777 0.026775956284153007 0.05825242718446602
0 0.44153005464480877 0.8932038834951457 0.026775956284153007 0.06893203883495146
0 0.4103825136612022 0.9786407766990292 0.033879781420765025 0.04271844660194175
1 0.5907103825136611 0.13592233009708737 0.007103825136612022 0.018446601941747572
1 0.5896174863387978 0.24174757281553397 0.009289617486338797 0.02621359223300971
1 0.5896174863387978 0.08737864077669903 0.009289617486338797 0.021359223300970873
1 0.5890710382513661 0.287378640776699 0.010382513661202186 0.021359223300970873
1 0.5890710382513661 0.18932038834951456 0.010382513661202186 0.02233009708737864
1 0.587431693989071 0.34271844660194173 0.008743169398907104 0.019417475728155338
1 0.5852459016393443 0.8203883495145631 0.004918032786885246 0.009708737864077669
1 0.5852459016393443 0.043689320388349516 0.012021857923497269 0.02524271844660194
1 0.5846994535519126 0.8359223300970874 0.00546448087431694 0.010679611650485437
1 0.5841530054644809 0.8524271844660194 0.004918032786885246 0.009708737864077669
1 0.5836065573770491 0.4320388349514563 0.009836065573770493 0.018446601941747572
1 0.5825136612021858 0.8757281553398059 0.004371584699453552 0.010679611650485437
1 0.5819672131147541 0.00825242718446602 0.012021857923497269 0.01650485436893204
1 0.580327868852459 0.8970873786407767 0.004918032786885246 0.010679611650485437
1 0.580327868852459 0.5233009708737864 0.010382513661202186 0.018446601941747572
1 0.5781420765027322 0.6135922330097088 0.007650273224043716 0.015533980582524271
1 0.5775956284153005 0.945631067961165 0.004918032786885246 0.009708737864077669
1 0.5743169398907104 0.6970873786407767 0.007650273224043716 0.017475728155339806
1 0.5743169398907104 0.9941747572815534 0.004918032786885246 0.009708737864077669
1 0.573224043715847 0.7359223300970874 0.006010928961748634 0.01650485436893204
0 0.5710382513661202 0.9776699029126213 0.00546448087431694 0.01262135922330097
1 0.5704918032786885 0.7747572815533981 0.006557377049180328 0.015533980582524271
0 0.5677595628415301 0.3864077669902913 0.011475409836065573 0.02330097087378641
0 0.5677595628415301 0.4436893203883495 0.013114754098360656 0.031067961165048542
0 0.5650273224043716 0.503883495145631 0.012021857923497269 0.02621359223300971
0 0.5650273224043716 0.9766990291262136 0.00546448087431694 0.01262135922330097
0 0.5644808743169399 0.3650485436893204 0.013114754098360656 0.02524271844660194
0 0.5633879781420765 0.9893203883495145 0.00546448087431694 0.011650485436893204
0 0.5606557377049181 0.625242718446602 0.011475409836065573 0.02524271844660194
0 0.5568306010928962 0.3970873786407767 0.014207650273224045 0.030097087378640777
0 0.5551912568306011 0.7349514563106796 0.012021857923497269 0.02330097087378641
0 0.5502732240437158 0.845631067961165 0.009836065573770493 0.02330097087378641
0 0.5502732240437158 0.43398058252427185 0.016939890710382512 0.03203883495145631
0 0.5437158469945356 0.954368932038835 0.01092896174863388 0.024271844660194174
0 0.5426229508196722 0.49223300970873785 0.014754098360655738 0.030097087378640777
1 0.5363387978142077 0.00825242718446602 0.018032786885245903 0.01650485436893204
0 0.5355191256830601 0.5572815533980583 0.01639344262295082 0.03495145631067961
1 0.5234972677595628 0.021359223300970873 0.020765027322404372 0.04271844660194175
0 0.5229508196721312 0.6213592233009708 0.01639344262295082 0.037864077669902914