0 0.4936440677966102 0.6704331450094162 0.018008474576271187 0.03766478342749529
1 0.4917902542372881 0.02824858757062147 0.02065677966101695 0.05649717514124294
0 0.4772245762711864 0.7269303201506592 0.019067796610169493 0.04896421845574388
1 0.4729872881355932 0.023540489642184557 0.025423728813559324 0.047080979284369114
0 0.4555084745762712 0.7928436911487758 0.025953389830508475 0.05649717514124294
0 0.4279661016949153 0.8738229755178908 0.025953389830508475 0.06685499058380415
0 0.3977754237288136 0.967984934086629 0.03283898305084746 0.064030131826742
1 0.5725635593220338 0.1393596986817326 0.006885593220338983 0.017890772128060263
1 0.5715042372881356 0.24199623352165725 0.009004237288135594 0.025423728813559324
1 0.5715042372881356 0.09227871939736347 0.009004237288135594 0.02071563088512241
1 0.5709745762711864 0.2862523540489642 0.010063559322033898 0.02071563088512241
1 0.5709745762711864 0.1911487758945386 0.010063559322033898 0.021657250470809793
1 0.569385593220339 0.339924670433145 0.00847457627118644 0.018832391713747645
1 0.5672669491525424 0.803201506591337 0.004766949152542373 0.009416195856873822
1 0.5672669491525424 0.04990583804143126 0.011652542372881356 0.02448210922787194
1 0.5667372881355932 0.8182674199623352 0.005296610169491525 0.010357815442561206
1 0.566207627118644 0.8342749529190208 0.004766949152542373 0.009416195856873822
1 0.565677966101695 0.4265536723163842 0.009533898305084746 0.017890772128060263
1 0.5646186440677966 0.8568738229755178 0.00423728813559322 0.010357815442561206
1 0.5640889830508474 0.011770244821092278 0.011652542372881356 0.023540489642184557
1 0.5625 0.8775894538606404 0.004766949152542373 0.010357815442561206
1 0.5625 0.5150659133709982 0.010063559322033898 0.017890772128060263
1 0.5603813559322034 0.6026365348399246 0.007415254237288136 0.015065913370998116
1 0.5598516949152542 0.9246704331450094 0.004766949152542373 0.009416195856873822
1 0.5566737288135594 0.6836158192090396 0.007415254237288136 0.01694915254237288
1 0.5566737288135594 0.9717514124293786 0.004766949152542373 0.009416195856873822
1 0.555614406779661 0.7212806026365348 0.005826271186440678 0.0160075329566855
0 0.5534957627118644 0.955743879472693 0.005296610169491525 0.01224105461393597
1 0.5529661016949152 0.7589453860640302 0.006355932203389831 0.015065913370998116
0 0.551906779661017 0.9830508474576272 0.004766949152542373 0.011299435028248588
0 0.5503177966101694 0.3822975517890772 0.011122881355932203 0.022598870056497175
0 0.5503177966101694 0.4378531073446328 0.012711864406779662 0.030131826741996232
0 0.5476694915254238 0.4962335216572505 0.011652542372881356 0.025423728813559324
0 0.5476694915254238 0.9548022598870056 0.005296610169491525 0.01224105461393597
0 0.5471398305084746 0.3615819209039548 0.012711864406779662 0.02448210922787194
0 0.5460805084745762 0.9670433145009416 0.005296610169491525 0.011299435028248588
0 0.5434322033898306 0.6139359698681732 0.011122881355932203 0.02448210922787194
0 0.5405190677966102 0.9976459510357816 0.005826271186440678 0.004708097928436911
0 0.5397245762711864 0.3926553672316384 0.013771186440677966 0.02919020715630885
0 0.538135593220339 0.7203389830508474 0.011652542372881356 0.022598870056497175
0 0.5333686440677966 0.827683615819209 0.009533898305084746 0.022598870056497175
0 0.5333686440677966 0.4284369114877589 0.01641949152542373 0.031073446327683617
0 0.5270127118644068 0.9331450094161958 0.01059322033898305 0.023540489642184557
0 0.5259533898305084 0.4849340866290019 0.014300847457627119 0.02919020715630885
1 0.5198622881355932 0.011770244821092278 0.017478813559322032 0.023540489642184557
0 0.5190677966101694 0.5480225988700564 0.015889830508474576 0.03389830508474576
1 0.5074152542372882 0.02448210922787194 0.020127118644067795 0.04896421845574388
0 0.506885593220339 0.6101694915254238 0.015889830508474576 0.03672316384180791