1 0.5056008146639511 0.8278985507246377 0.003564154786150713 0.010869565217391304
1 0.505091649694501 0.8442028985507246 0.004073319755600814 0.009057971014492754
1 0.504582484725051 0.8596014492753623 0.004073319755600814 0.010869565217391304
1 0.5035641547861507 0.8813405797101449 0.003054989816700611 0.01177536231884058
1 0.5030549898167006 0.20108695652173914 0.007128309572301426 0.024456521739130436
1 0.5030549898167006 0.29257246376811596 0.008146639511201629 0.021739130434782608
1 0.5025458248472505 0.2463768115942029 0.008655804480651732 0.022644927536231884
1 0.5025458248472505 0.9030797101449275 0.004073319755600814 0.01177536231884058
1 0.5020366598778004 0.3333333333333333 0.008146639511201629 0.022644927536231884
1 0.5010183299389002 0.15760869565217392 0.009674134419551934 0.024456521739130436
1 0.5010183299389002 0.38315217391304346 0.008146639511201629 0.020833333333333332
1 0.5 0.9501811594202898 0.004582484725050916 0.012681159420289856
1 0.4989816700610998 0.11956521739130435 0.009164969450101833 0.025362318840579712
1 0.4969450101832994 0.9963768115942029 0.0050916496945010185 0.007246376811594203
1 0.4969450101832994 0.46467391304347827 0.008146639511201629 0.019927536231884056
1 0.4954175152749491 0.08514492753623189 0.010183299389002037 0.02717391304347826
1 0.4938900203665988 0.5489130434782609 0.007128309572301426 0.019021739130434784
1 0.4923625254582485 0.7989130434782609 0.00560081466395112 0.017210144927536232
1 0.49185336048879835 0.6313405797101449 0.007128309572301426 0.020833333333333332
1 0.49032586558044805 0.06159420289855073 0.01120162932790224 0.025362318840579712
1 0.48828920570264767 0.8016304347826086 0.007128309572301426 0.019021739130434784
1 0.48676171079429736 0.7101449275362319 0.008655804480651732 0.017210144927536232
1 0.4862525458248472 0.7472826086956522 0.008655804480651732 0.020833333333333332
1 0.4862525458248472 0.03804347826086957 0.010692464358452138 0.03351449275362319
1 0.48574338085539714 0.7835144927536232 0.006619144602851324 0.019021739130434784
0 0.48268839103869654 0.9918478260869565 0.007128309572301426 0.016304347826086956
1 0.4791242362525458 0.025362318840579712 0.01120162932790224 0.03985507246376811
0 0.4760692464358452 0.4746376811594203 0.008655804480651732 0.028079710144927536
0 0.4760692464358452 0.4230072463768116 0.010692464358452138 0.028985507246376812
0 0.4745417515274949 0.529891304347826 0.01120162932790224 0.025362318840579712
1 0.47046843177189407 0.025362318840579712 0.01120162932790224 0.03894927536231884
0 0.47046843177189407 0.40217391304347827 0.009164969450101833 0.030797101449275364
0 0.469959266802444 0.6403985507246377 0.009674134419551934 0.03170289855072464
0 0.4663951120162933 0.7454710144927537 0.009674134419551934 0.030797101449275364
0 0.46334012219959264 0.4338768115942029 0.01120162932790224 0.03260869565217391
0 0.46181262729124234 0.8532608695652174 0.009674134419551934 0.036231884057971016
1 0.46130346232179226 0.029891304347826088 0.012219959266802444 0.03804347826086957
0 0.45621181262729127 0.46467391304347827 0.01120162932790224 0.03260869565217391
0 0.45621181262729127 0.9601449275362319 0.009674134419551934 0.036231884057971016
1 0.4495926680244399 0.044384057971014496 0.01680244399185336 0.04528985507246377
0 0.4455193482688391 0.5208333333333334 0.014256619144602852 0.03713768115942029
1 0.4378818737270876 0.07155797101449275 0.016293279022403257 0.04800724637681159
0 0.4363543788187373 0.5797101449275363 0.014256619144602852 0.044384057971014496
1 0.4231160896130346 0.09420289855072464 0.019348268839103868 0.05253623188405797
0 0.4215885947046843 0.6376811594202898 0.016293279022403257 0.04710144927536232
0 0.4063136456211813 0.697463768115942 0.015784114052953158 0.05615942028985507
1 0.40376782077393075 0.09873188405797101 0.021384928716904276 0.057971014492753624
0 0.3854378818737271 0.7509057971014492 0.01985743380855397 0.06521739130434782
1 0.3803462321792261 0.08423913043478261 0.024439918533604887 0.06702898550724638
0 0.3640529531568228 0.8161231884057971 0.017820773930753563 0.06521739130434782
0 0.3365580448065173 0.8913043478260869 0.025967413441955193 0.0769927536231884
1 0.3060081466395112 0.021286231884057972 0.034623217922606926 0.042572463768115944
0 0.30015274949083504 0.970108695652174 0.023930753564154784 0.059782608695652176