1 0.522256728778468 0.787292817679558 0.0036231884057971015 0.011049723756906077
1 0.5217391304347826 0.8038674033149171 0.004140786749482402 0.009208103130755065
1 0.5212215320910973 0.8195211786372008 0.004140786749482402 0.011049723756906077
1 0.5201863354037267 0.8416206261510129 0.003105590062111801 0.011970534069981584
1 0.5196687370600414 0.15009208103130756 0.007246376811594203 0.024861878453038673
1 0.5196687370600414 0.2430939226519337 0.008281573498964804 0.022099447513812154
1 0.5191511387163561 0.19613259668508287 0.008799171842650104 0.02302025782688766
1 0.5191511387163561 0.8637200736648251 0.004140786749482402 0.011970534069981584
1 0.5186335403726708 0.2845303867403315 0.008281573498964804 0.02302025782688766
1 0.5175983436853002 0.10589318600368323 0.009834368530020704 0.024861878453038673
1 0.5175983436853002 0.3351749539594843 0.008281573498964804 0.02117863720073665
1 0.5165631469979296 0.9116022099447514 0.004658385093167702 0.01289134438305709
1 0.515527950310559 0.06721915285451197 0.009316770186335404 0.02578268876611418
1 0.5134575569358178 0.9613259668508287 0.005175983436853002 0.011970534069981584
1 0.5134575569358178 0.4180478821362799 0.008281573498964804 0.020257826887661142
1 0.5119047619047619 0.03222836095764273 0.010351966873706004 0.027624309392265192
1 0.510351966873706 0.503683241252302 0.007246376811594203 0.019337016574585635
1 0.5087991718426501 0.7578268876611418 0.005693581780538302 0.017495395948434623
1 0.5082815734989649 0.5874769797421732 0.007246376811594203 0.02117863720073665
0 0.5072463768115942 0.9696132596685083 0.004140786749482402 0.01565377532228361
1 0.5067287784679089 0.010589318600368325 0.011387163561076604 0.02117863720073665
0 0.5054347826086957 0.9953959484346224 0.004658385093167702 0.009208103130755065
1 0.5046583850931677 0.7605893186003683 0.007246376811594203 0.019337016574585635
1 0.5031055900621118 0.6675874769797422 0.008799171842650104 0.017495395948434623
1 0.5025879917184265 0.7053406998158379 0.008799171842650104 0.02117863720073665
1 0.5020703933747412 0.7421731123388582 0.006728778467908903 0.019337016574585635
0 0.4989648033126294 0.9558011049723757 0.007246376811594203 0.019337016574585635
0 0.4943064182194617 0.9912523020257827 0.007246376811594203 0.017495395948434623
0 0.4922360248447205 0.4281767955801105 0.008799171842650104 0.0285451197053407
0 0.4922360248447205 0.3756906077348066 0.010869565217391304 0.029465930018416207
0 0.4906832298136646 0.4843462246777164 0.011387163561076604 0.02578268876611418
0 0.4865424430641822 0.35451197053406996 0.009316770186335404 0.03130755064456722
0 0.4860248447204969 0.5966850828729282 0.009834368530020704 0.03222836095764273
0 0.4824016563146998 0.7034990791896869 0.009834368530020704 0.03130755064456722
0 0.47929606625258797 0.3867403314917127 0.011387163561076604 0.03314917127071823
0 0.4777432712215321 0.8130755064456722 0.009834368530020704 0.03683241252302026
0 0.4720496894409938 0.4180478821362799 0.011387163561076604 0.03314917127071823
0 0.4720496894409938 0.921731123388582 0.009834368530020704 0.03683241252302026
1 0.46506211180124224 0.006906077348066298 0.017080745341614908 0.013812154696132596
0 0.4611801242236025 0.47513812154696133 0.014492753623188406 0.037753222836095765
1 0.453416149068323 0.02117863720073665 0.016563146997929608 0.0423572744014733
0 0.4518633540372671 0.5349907918968693 0.014492753623188406 0.04511970534069982
1 0.4384057971014493 0.04143646408839779 0.019668737060041408 0.053406998158379376
0 0.43685300207039335 0.5939226519337016 0.016563146997929608 0.04788213627992634
0 0.42132505175983437 0.6546961325966851 0.016045548654244308 0.0570902394106814
1 0.41873706004140787 0.04604051565377532 0.021739130434782608 0.058931860036832415
0 0.4001035196687371 0.7090239410681399 0.020186335403726708 0.06629834254143646
1 0.39492753623188404 0.03268876611418048 0.024844720496894408 0.06537753222836096
0 0.37836438923395443 0.7753222836095764 0.018115942028985508 0.06629834254143646
0 0.3504140786749482 0.8517495395948435 0.026397515527950312 0.07826887661141804
0 0.3136645962732919 0.9493554327808471 0.024327122153209108 0.09484346224677716