1 0.67333984375 0.4835069444444444 0.005859375 0.006076388888888889
1 0.68212890625 0.484375 0.0048828125 0.006944444444444444
1 0.6904296875 0.4852430555555556 0.005859375 0.006944444444444444
1 0.7021484375 0.4869791666666667 0.00634765625 0.005208333333333333
1 0.33544921875 0.4878472222222222 0.01318359375 0.012152777777777778
1 0.384765625 0.4878472222222222 0.01171875 0.013888888888888888
1 0.35986328125 0.4887152777777778 0.01220703125 0.014756944444444444
1 0.7138671875 0.4887152777777778 0.00634765625 0.006944444444444444
1 0.40673828125 0.4895833333333333 0.01220703125 0.013888888888888888
1 0.31201171875 0.4913194444444444 0.01318359375 0.016493055555555556
1 0.43359375 0.4913194444444444 0.01123046875 0.013888888888888888
1 0.7392578125 0.4930555555555556 0.0068359375 0.0078125
1 0.29150390625 0.4947916666666667 0.013671875 0.015625
1 0.765625 0.4982638888888889 0.00634765625 0.008680555555555556
1 0.4775390625 0.4982638888888889 0.0107421875 0.013888888888888888
1 0.27294921875 0.5008680555555556 0.0146484375 0.017361111111111112
1 0.79150390625 0.5034722222222222 0.00634765625 0.008680555555555556
1 0.52294921875 0.5034722222222222 0.01025390625 0.012152777777777778
1 0.65771484375 0.5060763888888888 0.00927734375 0.009548611111111112
1 0.5673828125 0.5069444444444444 0.01123046875 0.012152777777777778
1 0.81787109375 0.5078125 0.00732421875 0.009548611111111112
0 0.77001953125 0.5086805555555556 0.00830078125 0.006944444444444444
1 0.26025390625 0.5095486111111112 0.013671875 0.019097222222222224
0 0.78564453125 0.5112847222222222 0.00830078125 0.0078125
1 0.84326171875 0.5130208333333334 0.00732421875 0.009548611111111112
1 0.6591796875 0.5130208333333334 0.01025390625 0.012152777777777778
1 0.60986328125 0.515625 0.00927734375 0.014756944444444444
1 0.6298828125 0.5164930555555556 0.01123046875 0.014756944444444444
1 0.86962890625 0.5164930555555556 0.0068359375 0.008680555555555556
0 0.81591796875 0.5164930555555556 0.0078125 0.0078125
1 0.24755859375 0.5164930555555556 0.01806640625 0.018229166666666668
1 0.6494140625 0.5173611111111112 0.01025390625 0.011284722222222222
1 0.89501953125 0.5208333333333334 0.0078125 0.008680555555555556
0 0.8466796875 0.5217013888888888 0.0087890625 0.0078125
0 0.7626953125 0.5225694444444444 0.01025390625 0.012152777777777778
1 0.92138671875 0.5260416666666666 0.00732421875 0.0078125
0 0.876953125 0.5269097222222222 0.009765625 0.008680555555555556
1 0.24072265625 0.5286458333333334 0.021484375 0.019097222222222224
0 0.7822265625 0.5303819444444444 0.01025390625 0.012152777777777778
0 0.9091796875 0.5321180555555556 0.009765625 0.009548611111111112
1 0.95068359375 0.5329861111111112 0.0087890625 0.008680555555555556
0 0.48291015625 0.5338541666666666 0.01513671875 0.014756944444444444
0 0.455078125 0.5338541666666666 0.015625 0.018229166666666668
0 0.5126953125 0.5364583333333334 0.013671875 0.019097222222222224
0 0.93701171875 0.5373263888888888 0.0087890625 0.009548611111111112
1 0.24072265625 0.5434027777777778 0.02099609375 0.019097222222222224
0 0.44384765625 0.5434027777777778 0.0166015625 0.015625
0 0.572265625 0.5442708333333334 0.01708984375 0.016493055555555556
0 0.9658203125 0.5442708333333334 0.0068359375 0.008680555555555556
0 0.806640625 0.5451388888888888 0.0126953125 0.014756944444444444
0 0.62890625 0.5503472222222222 0.0166015625 0.016493055555555556
0 0.99755859375 0.5512152777777778 0.00439453125 0.010416666666666666
0 0.4609375 0.5555555555555556 0.017578125 0.019097222222222224
0 0.83837890625 0.5564236111111112 0.01416015625 0.015625
0 0.68701171875 0.5581597222222222 0.01953125 0.016493055555555556
1 0.2431640625 0.5590277777777778 0.0205078125 0.020833333333333332
0 0.4775390625 0.5677083333333334 0.017578125 0.019097222222222224
0 0.74462890625 0.5677083333333334 0.01953125 0.016493055555555556
0 0.8701171875 0.5746527777777778 0.01708984375 0.018229166666666668
0 0.80322265625 0.5763888888888888 0.021484375 0.017361111111111112
0 0.830078125 0.578125 0.017578125 0.016493055555555556
1 0.2509765625 0.5789930555555556 0.0244140625 0.028645833333333332
0 0.8759765625 0.5815972222222222 0.0185546875 0.018229166666666668
0 0.8583984375 0.5815972222222222 0.01611328125 0.018229166666666668
0 0.5078125 0.5859375 0.02001953125 0.024305555555555556
1 0.265625 0.5989583333333334 0.02587890625 0.027777777777777776
0 0.53955078125 0.6015625 0.02392578125 0.024305555555555556
1 0.27783203125 0.6241319444444444 0.0283203125 0.03298611111111111
0 0.57080078125 0.6267361111111112 0.025390625 0.027777777777777776
0 0.60302734375 0.6527777777777778 0.0302734375 0.026909722222222224
1 0.2802734375 0.6571180555555556 0.03125 0.036458333333333336
0 0.6318359375 0.6883680555555556 0.03515625 0.033854166666666664
1 0.2724609375 0.6970486111111112 0.0361328125 0.041666666666666664
0 0.6669921875 0.7248263888888888 0.03515625 0.030381944444444444
0 0.70751953125 0.7717013888888888 0.04150390625 0.044270833333333336
1 0.2216796875 0.8237847222222222 0.056640625 0.059027777777777776
0 0.75927734375 0.8333333333333334 0.05029296875 0.04079861111111111
0 0.8193359375 0.8897569444444444 0.05419921875 0.04513888888888889