0 0.48597194388777554 0.3983957219251337 0.018537074148296594 0.026737967914438502
1 0.4924849699398798 0.7130124777183601 0.018036072144288578 0.029411764705882353
0 0.49899799599198397 0.37344028520499106 0.02004008016032064 0.0338680926916221
0 0.5075150300601202 0.33778966131907306 0.018537074148296594 0.029411764705882353
1 0.5075150300601202 0.6907308377896613 0.016533066132264528 0.031194295900178252
0 0.5245490981963928 0.28698752228163993 0.020541082164328657 0.030303030303030304
1 0.5275551102204409 0.6684491978609626 0.01903807615230461 0.03832442067736185
0 0.5400801603206413 0.232620320855615 0.019539078156312624 0.035650623885918005
1 0.5511022044088176 0.6639928698752228 0.022545090180360723 0.03832442067736185
0 0.561623246492986 0.17290552584670232 0.025050100200400802 0.045454545454545456
1 0.5791583166332666 0.6729055258467023 0.030561122244488977 0.049019607843137254
0 0.5826653306613226 0.11942959001782531 0.027054108216432865 0.04367201426024955
0 0.6102204408817635 0.0659536541889483 0.02655310621242485 0.044563279857397504
0 0.6425350701402806 0.015597147950089126 0.029559118236472944 0.031194295900178252
1 0.6583166332665331 0.7299465240641712 0.04458917835671343 0.07575757575757576
1 0.7722945891783567 0.8444741532976827 0.01753507014028056 0.10606060606060606
1 0.4338677354709419 0.5909090909090909 0.013026052104208416 0.017825311942959002
1 0.4348697394789579 0.6310160427807486 0.012525050100200401 0.017825311942959002
1 0.43537074148296595 0.6631016042780749 0.016533066132264528 0.024955436720142603
1 0.437374749498998 0.5525846702317291 0.011523046092184368 0.017825311942959002
1 0.4393787575150301 0.5106951871657754 0.013026052104208416 0.01693404634581105
1 0.44138276553106215 0.6907308377896613 0.01503006012024048 0.022281639928698752
1 0.4498997995991984 0.7254901960784313 0.01603206412825651 0.015151515151515152
1 0.4564128256513026 0.7370766488413547 0.012525050100200401 0.02406417112299465
1 0.467935871743487 0.7370766488413547 0.014028056112224449 0.024955436720142603
1 0.48096192384769537 0.7299465240641712 0.013026052104208416 0.0285204991087344