0 0.54833984375 0.46875 0.0146484375 0.03211805555555555
1 0.3759765625 0.4800347222222222 0.01611328125 0.03125
0 0.56201171875 0.4913194444444444 0.0185546875 0.034722222222222224
0 0.58154296875 0.5060763888888888 0.01611328125 0.03211805555555555
1 0.38818359375 0.5060763888888888 0.01708984375 0.028645833333333332
0 0.609375 0.5355902777777778 0.0166015625 0.035590277777777776
1 0.400390625 0.5407986111111112 0.02099609375 0.03298611111111111
0 0.63916015625 0.5625 0.01953125 0.033854166666666664
1 0.40283203125 0.5815972222222222 0.02099609375 0.0390625
0 0.671875 0.5998263888888888 0.02490234375 0.043402777777777776
1 0.39794921875 0.6302083333333334 0.02685546875 0.05295138888888889
0 0.701171875 0.6362847222222222 0.02392578125 0.046875
0 0.73046875 0.6840277777777778 0.0244140625 0.04600694444444445
0 0.76171875 0.7404513888888888 0.0244140625 0.051215277777777776
1 0.36669921875 0.7673611111111112 0.04150390625 0.07725694444444445
0 0.794921875 0.8012152777777778 0.0341796875 0.05295138888888889
0 0.841796875 0.875 0.0361328125 0.0625
0 0.88623046875 0.9461805555555556 0.04443359375 0.06510416666666667
1 0.30419921875 0.9748263888888888 0.05810546875 0.049479166666666664
1 0.44287109375 0.3784722222222222 0.009765625 0.022569444444444444
1 0.4208984375 0.3802083333333333 0.009765625 0.021701388888888888
1 0.4033203125 0.3810763888888889 0.013671875 0.028645833333333332
1 0.4638671875 0.3845486111111111 0.009765625 0.019965277777777776
1 0.48681640625 0.3880208333333333 0.00927734375 0.022569444444444444
1 0.38818359375 0.3914930555555556 0.01220703125 0.026041666666666668
1 0.369140625 0.40625 0.00830078125 0.027777777777777776
1 0.36279296875 0.4175347222222222 0.01318359375 0.021701388888888888
1 0.36279296875 0.4375 0.013671875 0.024305555555555556
1 0.36669921875 0.4600694444444444 0.015625 0.022569444444444444