0 0.4973516949152542 0.3888888888888889 0.019597457627118644 0.02824858757062147
1 0.5042372881355932 0.7212806026365348 0.019067796610169493 0.031073446327683617
0 0.5111228813559322 0.3625235404896422 0.0211864406779661 0.035781544256120526
0 0.5201271186440678 0.3248587570621469 0.019597457627118644 0.031073446327683617
1 0.5201271186440678 0.6977401129943502 0.017478813559322032 0.03295668549905838
0 0.538135593220339 0.2711864406779661 0.021716101694915255 0.032015065913371
1 0.5413135593220338 0.6741996233521658 0.020127118644067795 0.04048964218455744
0 0.5545550847457628 0.2137476459510358 0.02065677966101695 0.03766478342749529
1 0.566207627118644 0.6694915254237288 0.023834745762711863 0.04048964218455744
0 0.5773305084745762 0.15065913370998116 0.026483050847457626 0.0480225988700565
1 0.5958686440677966 0.6789077212806026 0.0323093220338983 0.051789077212806026
0 0.5995762711864406 0.09416195856873823 0.028601694915254237 0.046139359698681735
0 0.628707627118644 0.03766478342749529 0.028072033898305086 0.047080979284369114
1 0.6795550847457628 0.7391713747645952 0.047139830508474576 0.0800376647834275
1 0.4422669491525424 0.5922787193973634 0.013771186440677966 0.018832391713747645
1 0.4433262711864407 0.6346516007532956 0.013241525423728813 0.018832391713747645
1 0.4438559322033898 0.6685499058380414 0.017478813559322032 0.026365348399246705
1 0.4459745762711864 0.551789077212806 0.012182203389830509 0.018832391713747645
1 0.4480932203389831 0.507532956685499 0.013771186440677966 0.017890772128060263
1 0.4502118644067797 0.6977401129943502 0.015889830508474576 0.023540489642184557
1 0.4592161016949153 0.7344632768361582 0.01694915254237288 0.0160075329566855
1 0.4661016949152542 0.7467043314500942 0.013241525423728813 0.025423728813559324
1 0.4782838983050847 0.7467043314500942 0.014830508474576272 0.026365348399246705
1 0.4920550847457627 0.7391713747645952 0.013771186440677966 0.030131826741996232