1 0.49853515625 0.4704861111111111 0.029296875 0.036458333333333336
1 0.4931640625 0.5164930555555556 0.02734375 0.04513888888888889
1 0.46240234375 0.6380208333333334 0.03857421875 0.057291666666666664
1 0.40185546875 0.8532986111111112 0.05224609375 0.09375
1 0.49853515625 0.2899305555555556 0.0126953125 0.025173611111111112
1 0.48095703125 0.2925347222222222 0.01123046875 0.019097222222222224
1 0.47119140625 0.2994791666666667 0.0107421875 0.016493055555555556
1 0.4619140625 0.3029513888888889 0.0107421875 0.013888888888888888
1 0.4580078125 0.3168402777777778 0.013671875 0.016493055555555556
1 0.4580078125 0.3333333333333333 0.01318359375 0.018229166666666668
1 0.46142578125 0.3541666666666667 0.017578125 0.025173611111111112
1 0.46923828125 0.3723958333333333 0.01708984375 0.029513888888888888
1 0.484375 0.4019097222222222 0.02197265625 0.026041666666666668
1 0.4951171875 0.4314236111111111 0.021484375 0.021701388888888888