1 0.48370672097759676 0.5208333333333334 0.021384928716904276 0.05434782608695652
1 0.5106924643584522 0.5307971014492754 0.026476578411405296 0.050724637681159424
1 0.5819755600814664 0.5878623188405797 0.03360488798370672 0.07155797101449275
1 0.7082484725050916 0.7001811594202898 0.054989816700611 0.09692028985507246
1 0.37780040733197556 0.5208333333333334 0.014765784114052953 0.02355072463768116
1 0.37932790224032586 0.5534420289855072 0.01120162932790224 0.020833333333333332
1 0.3834012219959267 0.5715579710144928 0.009674134419551934 0.019927536231884056
1 0.3854378818737271 0.5887681159420289 0.008146639511201629 0.019927536231884056
1 0.3935845213849287 0.5960144927536232 0.009674134419551934 0.025362318840579712
1 0.40325865580448067 0.5960144927536232 0.010692464358452138 0.024456521739130436
1 0.4154786150712831 0.5896739130434783 0.014765784114052953 0.03260869565217391
1 0.42617107942973526 0.5751811594202898 0.017311608961303463 0.03170289855072464
1 0.4434826883910387 0.5471014492753623 0.015274949083503055 0.04076086956521739
1 0.4607942973523422 0.5271739130434783 0.012729124236252547 0.03985507246376811