1 0.5176817288801572 0.49912739965095987 0.0206286836935167 0.05235602094240838
1 0.4916502946954813 0.4895287958115183 0.025540275049115914 0.04886561954624782
1 0.42288801571709234 0.43455497382198954 0.03241650294695481 0.06893542757417102
1 0.3010805500982318 0.3263525305410122 0.05304518664047151 0.09336823734729494
1 0.6198428290766208 0.49912739965095987 0.01424361493123772 0.02268760907504363
1 0.6183693516699411 0.4677137870855148 0.010805500982318271 0.02006980802792321
1 0.6144400785854617 0.450261780104712 0.009332023575638507 0.019197207678883072
1 0.612475442043222 0.4336823734729494 0.007858546168958742 0.019197207678883072
1 0.6046168958742633 0.42670157068062825 0.009332023575638507 0.02443280977312391
1 0.5952848722986247 0.42670157068062825 0.01031434184675835 0.02356020942408377
1 0.5834970530451866 0.4328097731239092 0.01424361493123772 0.031413612565445025
1 0.5731827111984283 0.4467713787085515 0.01669941060903733 0.030541012216404886
1 0.556483300589391 0.4738219895287958 0.014734774066797643 0.03926701570680628
1 0.5397838899803536 0.4930191972076789 0.012278978388998035 0.038394415357766144