0 0.48472075869336145 0.38108614232209737 0.026343519494204427 0.040262172284644196
1 0.49736564805057953 0.9850187265917603 0.029504741833508957 0.0299625468164794
0 0.5089567966280295 0.3389513108614232 0.02370916754478398 0.04307116104868914
1 0.523972602739726 0.9934456928838952 0.0321390937829294 0.013108614232209739
0 0.5368809272918862 0.29868913857677903 0.03161222339304531 0.0552434456928839
0 0.571127502634352 0.24719101123595505 0.03898840885142255 0.05711610486891386
0 0.6164383561643836 0.19288389513108614 0.040042149631190724 0.06741573033707865
0 0.660695468914647 0.12359550561797752 0.0410958904109589 0.07584269662921349
0 0.40147523709167543 0.6161048689138576 0.01422550052687039 0.024344569288389514
0 0.40147523709167543 0.5646067415730337 0.01422550052687039 0.027153558052434457
0 0.40252897787144365 0.5037453183520599 0.0136986301369863 0.023408239700374533
0 0.4077976817702845 0.3913857677902622 0.012644889357218124 0.024344569288389514
0 0.4083245521601686 0.6385767790262172 0.0136986301369863 0.023408239700374533
0 0.41201264488935724 0.2808988764044944 0.015279241306638568 0.024344569288389514
0 0.4178082191780822 0.6132958801498127 0.016332982086406742 0.025280898876404494
0 0.4183350895679663 0.1750936329588015 0.01738672286617492 0.031835205992509365
0 0.42360379346680715 0.06179775280898876 0.016332982086406742 0.024344569288389514
0 0.4272918861959958 0.5852059925093633 0.015806111696522657 0.0299625468164794
0 0.43782929399367754 0.5337078651685393 0.016332982086406742 0.033707865168539325
0 0.45100105374077976 0.4812734082397004 0.02107481559536354 0.03838951310861423
1 0.4567966280295047 0.9934456928838952 0.02107481559536354 0.013108614232209739
0 0.46522655426765014 0.4297752808988764 0.02107481559536354 0.03745318352059925
1 0.4720758693361433 0.9826779026217228 0.026343519494204427 0.03464419475655431