0 0.5842274678111588 0.4437022900763359 0.023068669527896997 0.04770992366412214
1 0.23390557939914164 0.4666030534351145 0.02575107296137339 0.05343511450381679
0 0.6083690987124464 0.48759541984732824 0.02467811158798283 0.042938931297709926
1 0.22103004291845493 0.5152671755725191 0.03165236051502146 0.05820610687022901
0 0.6314377682403434 0.5381679389312977 0.03165236051502146 0.05725190839694656
0 0.6609442060085837 0.6001908396946565 0.03272532188841202 0.07061068702290077
1 0.15665236051502146 0.6641221374045801 0.054184549356223174 0.0715648854961832
0 0.6920600858369099 0.6822519083969466 0.03862660944206009 0.07251908396946564
0 0.7317596566523605 0.7624045801526718 0.04345493562231759 0.07442748091603053
1 0.05203862660944206 0.9055343511450382 0.0740343347639485 0.08492366412213741
0 0.44957081545064376 0.2929389312977099 0.013948497854077254 0.025763358778625955
0 0.4790772532188841 0.2929389312977099 0.01555793991416309 0.025763358778625955
0 0.5139484978540773 0.2948473282442748 0.013412017167381975 0.02480916030534351
0 0.5783261802575107 0.30438931297709926 0.013948497854077254 0.022900763358778626
0 0.4366952789699571 0.3053435114503817 0.013412017167381975 0.02480916030534351
0 0.6416309012875536 0.31202290076335876 0.013948497854077254 0.02767175572519084
0 0.4511802575107296 0.32251908396946566 0.014484978540772532 0.029580152671755726
0 0.7022532188841202 0.3234732824427481 0.018240343347639486 0.03148854961832061
0 0.7671673819742489 0.3330152671755725 0.013948497854077254 0.029580152671755726
0 0.46727467811158796 0.33969465648854963 0.017167381974248927 0.02862595419847328
0 0.8299356223175965 0.34541984732824427 0.01072961373390558 0.02480916030534351
0 0.8562231759656652 0.3511450381679389 0.011802575107296138 0.02480916030534351
0 0.9066523605150214 0.35591603053435117 0.01555793991416309 0.030534351145038167
0 0.4967811158798283 0.35877862595419846 0.019313304721030045 0.029580152671755726
0 0.884656652360515 0.35877862595419846 0.016630901287553648 0.02480916030534351
1 0.21244635193133046 0.36450381679389315 0.017167381974248927 0.026717557251908396
0 0.526824034334764 0.38263358778625955 0.021995708154506438 0.03816793893129771
1 0.22478540772532188 0.3931297709923664 0.02467811158798283 0.03816793893129771
0 0.5563304721030042 0.4083969465648855 0.02145922746781116 0.03816793893129771
1 0.2349785407725322 0.4208015267175573 0.028433476394849784 0.04770992366412214