0 0.8517034068136272 0.483065953654189 0.04458917835671343 0.053475935828877004
0 0.872745490981964 0.5668449197860963 0.0531062124248497 0.058823529411764705
1 0.26452905811623245 0.5962566844919787 0.05460921843687375 0.07130124777183601
0 0.8977955911823647 0.6737967914438503 0.06212424849699399 0.0677361853832442
0 0.9163326653306614 0.7834224598930482 0.0656312625250501 0.07575757575757576
1 0.4624248496993988 0.15240641711229946 0.013527054108216433 0.01693404634581105
1 0.4604208416833667 0.16666666666666666 0.015531062124248497 0.01871657754010695
0 0.6753507014028056 0.17914438502673796 0.01503006012024048 0.017825311942959002
0 0.6578156312625251 0.18270944741532977 0.014529058116232466 0.01871657754010695
1 0.4619238476953908 0.18449197860962566 0.01753507014028056 0.020499108734402853
0 0.7094188376753507 0.18538324420677363 0.020541082164328657 0.023172905525846704
0 0.6733466933867736 0.20053475935828877 0.016533066132264528 0.017825311942959002
1 0.46743486973947895 0.20409982174688057 0.018036072144288578 0.022281639928698752
0 0.688877755511022 0.21746880570409982 0.021042084168336674 0.023172905525846704
1 0.4709418837675351 0.2281639928698752 0.02154308617234469 0.0285204991087344
0 0.7164328657314629 0.24598930481283424 0.02404809619238477 0.025846702317290554
1 0.4634268537074148 0.2620320855614973 0.024549098196392786 0.035650623885918005
0 0.748997995991984 0.27629233511586454 0.03006012024048096 0.03297682709447415
1 0.4473947895791583 0.2976827094474153 0.026052104208416832 0.040998217468805706
0 0.779559118236473 0.3146167557932264 0.025050100200400802 0.0285204991087344
0 0.8076152304609219 0.3600713012477718 0.03006012024048096 0.036541889483065956
1 0.37925851703406815 0.40641711229946526 0.03807615230460922 0.05080213903743316
0 0.8306613226452906 0.4144385026737968 0.03406813627254509 0.04367201426024955