0 0.8427734375 0.4930555555555556 0.04345703125 0.052083333333333336
0 0.86328125 0.5746527777777778 0.0517578125 0.057291666666666664
1 0.2705078125 0.6032986111111112 0.05322265625 0.06944444444444445
0 0.8876953125 0.6788194444444444 0.060546875 0.06597222222222222
0 0.90576171875 0.7855902777777778 0.06396484375 0.07378472222222222
1 0.46337890625 0.17100694444444445 0.01318359375 0.016493055555555556
1 0.46142578125 0.18489583333333334 0.01513671875 0.018229166666666668
0 0.6708984375 0.1970486111111111 0.0146484375 0.017361111111111112
0 0.65380859375 0.20052083333333334 0.01416015625 0.018229166666666668
1 0.462890625 0.20225694444444445 0.01708984375 0.019965277777777776
0 0.7041015625 0.203125 0.02001953125 0.022569444444444444
0 0.6689453125 0.21788194444444445 0.01611328125 0.017361111111111112
1 0.46826171875 0.22135416666666666 0.017578125 0.021701388888888888
0 0.68408203125 0.234375 0.0205078125 0.022569444444444444
1 0.4716796875 0.24479166666666666 0.02099609375 0.027777777777777776
0 0.7109375 0.2621527777777778 0.0234375 0.025173611111111112
1 0.46435546875 0.2777777777777778 0.02392578125 0.034722222222222224
0 0.74267578125 0.2916666666666667 0.029296875 0.03211805555555555
1 0.44873046875 0.3125 0.025390625 0.03993055555555555
0 0.7724609375 0.3289930555555556 0.0244140625 0.027777777777777776
0 0.7998046875 0.3732638888888889 0.029296875 0.035590277777777776
1 0.38232421875 0.4184027777777778 0.037109375 0.049479166666666664
0 0.822265625 0.4262152777777778 0.033203125 0.042534722222222224