1 0.4391824526420738 0.08244680851063829 0.03988035892323031 0.09663120567375887
1 0.6874376869391825 0.4326241134751773 0.009471585244267198 0.023936170212765957
1 0.6794616151545364 0.42907801418439717 0.010468594217347957 0.0274822695035461
0 0.672482552342971 0.8093971631205674 0.009970089730807577 0.026595744680851064
0 0.6704885343968096 0.7783687943262412 0.010468594217347957 0.025709219858156027
1 0.6694915254237288 0.4317375886524823 0.011465603190428714 0.03102836879432624
0 0.6689930209371885 0.8696808510638298 0.01296111665004985 0.03634751773049645
0 0.660518444666002 0.8058510638297872 0.009970089730807577 0.02925531914893617
1 0.6585244267198405 0.44148936170212766 0.012462612163509471 0.031914893617021274
0 0.6510468594217348 0.8333333333333334 0.01296111665004985 0.03723404255319149
1 0.6450648055832503 0.44769503546099293 0.015952143569292122 0.038120567375886524
0 0.6350947158524427 0.8820921985815603 0.014456630109670987 0.0425531914893617
1 0.6261216350947159 0.43439716312056736 0.019940179461615155 0.04343971631205674
0 0.6181455633100698 0.9397163120567376 0.018444666001994018 0.05319148936170213
1 0.6061814556331007 0.40602836879432624 0.022931206380857428 0.04609929078014184
0 0.5967098703888335 0.9858156028368794 0.015952143569292122 0.028368794326241134
1 0.5453639082751744 0.2854609929078014 0.028414755732801594 0.0673758865248227