0 0.5446428571428571 0.5414462081128748 0.04662698412698413 0.08289241622574955
0 0.5744047619047619 0.6613756613756614 0.049107142857142856 0.08641975308641975
1 0.2931547619047619 0.07231040564373897 0.015376984126984126 0.010582010582010581
1 0.26240079365079366 0.07231040564373897 0.012896825396825396 0.01146384479717813
1 0.32688492063492064 0.07407407407407407 0.014384920634920634 0.010582010582010581
1 0.23115079365079366 0.07583774250440917 0.012896825396825396 0.013227513227513227
1 0.1974206349206349 0.07936507936507936 0.018353174603174604 0.014991181657848324
1 0.16319444444444445 0.08112874779541446 0.018849206349206348 0.01675485008818342
1 0.3804563492063492 0.082010582010582 0.012896825396825396 0.010582010582010581
1 0.13095238095238096 0.08818342151675485 0.019345238095238096 0.012345679012345678
1 0.4350198412698413 0.0890652557319224 0.012896825396825396 0.009700176366843033
1 0.10119047619047619 0.09700176366843033 0.020337301587301588 0.014991181657848324
1 0.4861111111111111 0.10052910052910052 0.01240079365079365 0.008818342151675485
1 0.6130952380952381 0.10052910052910052 0.005456349206349206 0.008818342151675485
1 0.6071428571428571 0.10141093474426807 0.00496031746031746 0.007936507936507936
1 0.6215277777777778 0.10229276895943562 0.006448412698412698 0.008818342151675485
1 0.6304563492063492 0.10493827160493827 0.004464285714285714 0.007054673721340388
1 0.6026785714285714 0.10493827160493827 0.005456349206349206 0.007054673721340388
1 0.07589285714285714 0.10670194003527336 0.019345238095238096 0.01675485008818342
1 0.6398809523809523 0.10758377425044091 0.005952380952380952 0.007936507936507936
1 0.6001984126984127 0.10846560846560846 0.007936507936507936 0.007054673721340388
1 0.6537698412698413 0.11199294532627865 0.005456349206349206 0.006172839506172839
1 0.5347222222222222 0.1128747795414462 0.010416666666666666 0.010582010582010581
1 0.5962301587301587 0.1146384479717813 0.009424603174603174 0.007054673721340388
0 0.3298611111111111 0.11728395061728394 0.017361111111111112 0.015873015873015872
1 0.054563492063492064 0.11728395061728394 0.018353174603174604 0.02204585537918871
1 0.6646825396825397 0.11816578483245149 0.006448412698412698 0.007054673721340388
1 0.5580357142857143 0.11816578483245149 0.010416666666666666 0.008818342151675485
0 0.3655753968253968 0.11816578483245149 0.018353174603174604 0.020282186948853614
1 0.5942460317460317 0.11992945326278659 0.008432539682539682 0.007936507936507936
0 0.40228174603174605 0.12169312169312169 0.015873015873015872 0.01763668430335097
1 0.5788690476190477 0.12433862433862433 0.00992063492063492 0.007936507936507936
0 0.30952380952380953 0.12522045855379188 0.018849206349206348 0.013227513227513227
1 0.5907738095238095 0.12610229276895943 0.010416666666666666 0.009700176366843033
1 0.03670634920634921 0.12786596119929453 0.017857142857142856 0.01675485008818342
1 0.6909722222222222 0.12786596119929453 0.00744047619047619 0.005291005291005291
0 0.4732142857142857 0.13580246913580246 0.01636904761904762 0.021164021164021163
0 0.32341269841269843 0.13756613756613756 0.01984126984126984 0.01763668430335097
1 0.7177579365079365 0.1402116402116402 0.005952380952380952 0.007936507936507936
1 0.026785714285714284 0.1419753086419753 0.023809523809523808 0.01675485008818342
0 0.691468253968254 0.14285714285714285 0.011408730158730158 0.009700176366843033
0 0.7048611111111112 0.1437389770723104 0.006448412698412698 0.007936507936507936
0 0.7192460317460317 0.14991181657848324 0.006944444444444444 0.007936507936507936
0 0.5386904761904762 0.14991181657848324 0.015873015873015872 0.01675485008818342
0 0.33978174603174605 0.15079365079365079 0.020833333333333332 0.020282186948853614
1 0.7435515873015873 0.15079365079365079 0.006944444444444444 0.008818342151675485
0 0.6999007936507936 0.15520282186948853 0.010416666666666666 0.008818342151675485
0 0.7341269841269841 0.15696649029982362 0.008432539682539682 0.008818342151675485
1 0.020833333333333332 0.16049382716049382 0.030753968253968252 0.019400352733686066
0 0.7048611111111112 0.16049382716049382 0.011904761904761904 0.007054673721340388
1 0.7693452380952381 0.16313932980599646 0.005456349206349206 0.007054673721340388
0 0.36706349206349204 0.16843033509700175 0.023313492063492064 0.02821869488536155
0 0.6026785714285714 0.17019400352733685 0.013392857142857142 0.015873015873015872
0 0.7222222222222222 0.17019400352733685 0.011904761904761904 0.01146384479717813
0 0.7624007936507936 0.1710758377425044 0.008432539682539682 0.008818342151675485
1 0.7941468253968254 0.1746031746031746 0.005952380952380952 0.006172839506172839
1 0.017857142857142856 0.1781305114638448 0.031746031746031744 0.021164021164021163
0 0.7931547619047619 0.18518518518518517 0.007936507936507936 0.008818342151675485
1 0.8199404761904762 0.18606701940035272 0.005456349206349206 0.007936507936507936
0 0.7415674603174603 0.18871252204585537 0.010912698412698412 0.01146384479717813
0 0.6641865079365079 0.19223985890652556 0.013888888888888888 0.015873015873015872
0 0.39632936507936506 0.19223985890652556 0.025297619047619048 0.0291005291005291
0 0.8224206349206349 0.1966490299823633 0.006448412698412698 0.007054673721340388
1 0.8442460317460317 0.1984126984126984 0.007936507936507936 0.007054673721340388
1 0.024305555555555556 0.2001763668430335 0.04017857142857143 0.02204585537918871
0 0.7698412698412699 0.20987654320987653 0.012896825396825396 0.014109347442680775
1 0.8690476190476191 0.20987654320987653 0.006944444444444444 0.006172839506172839
0 0.8536706349206349 0.21075837742504408 0.007936507936507936 0.010582010582010581
0 0.7247023809523809 0.21516754850088182 0.012896825396825396 0.014109347442680775
0 0.4260912698412698 0.21604938271604937 0.024305555555555556 0.03262786596119929
0 0.8799603174603174 0.22310405643738976 0.00992063492063492 0.007936507936507936
1 0.8978174603174603 0.2239858906525573 0.008432539682539682 0.007054673721340388
1 0.022569444444444444 0.22663139329805995 0.04513888888888889 0.03350970017636684
0 0.7529761904761905 0.2275132275132275 0.013392857142857142 0.015873015873015872
0 0.7976190476190477 0.2310405643738977 0.013888888888888888 0.010582010582010581
0 0.7802579365079365 0.23633156966490299 0.014384920634920634 0.01763668430335097
0 0.908234126984127 0.23721340388007053 0.008928571428571428 0.007054673721340388
0 0.8000992063492064 0.24250440917107582 0.013888888888888888 0.012345679012345678
0 0.939484126984127 0.25308641975308643 0.006448412698412698 0.007054673721340388
0 0.44990079365079366 0.25396825396825395 0.025297619047619048 0.03791887125220458
1 0.013888888888888888 0.2654320987654321 0.027777777777777776 0.04409171075837742
0 0.47023809523809523 0.30246913580246915 0.028769841269841268 0.04056437389770723
0 0.49107142857142855 0.36067019400352734 0.029265873015873016 0.05026455026455026
0 0.5153769841269841 0.4409171075837742 0.036210317460317464 0.06172839506172839