0 0.5434782608695652 0.5561694290976059 0.048654244306418216 0.0865561694290976
0 0.5745341614906833 0.6813996316758748 0.05124223602484472 0.09023941068139964
1 0.281055900621118 0.06629834254143646 0.016045548654244308 0.011049723756906077
1 0.2489648033126294 0.06629834254143646 0.013457556935817806 0.011970534069981584
1 0.3162525879917184 0.06813996316758748 0.015010351966873706 0.011049723756906077
1 0.2163561076604555 0.06998158379373849 0.013457556935817806 0.013812154696132596
1 0.18115942028985507 0.07366482504604052 0.019151138716356108 0.01565377532228361
1 0.14544513457556935 0.07550644567219153 0.019668737060041408 0.017495395948434623
1 0.3721532091097309 0.07642725598526703 0.013457556935817806 0.011049723756906077
1 0.11180124223602485 0.08287292817679558 0.020186335403726708 0.01289134438305709
1 0.42908902691511386 0.08379373848987108 0.013457556935817806 0.010128913443830571
1 0.08074534161490683 0.09208103130755065 0.021221532091097308 0.01565377532228361
1 0.4824016563146998 0.09576427255985268 0.012939958592132506 0.009208103130755065
1 0.6149068322981367 0.09576427255985268 0.005693581780538302 0.009208103130755065
1 0.6086956521739131 0.09668508287292818 0.005175983436853002 0.008287292817679558
1 0.6237060041407867 0.09760589318600368 0.006728778467908903 0.009208103130755065
1 0.6330227743271222 0.1003683241252302 0.004658385093167702 0.007366482504604052
1 0.6040372670807453 0.1003683241252302 0.005693581780538302 0.007366482504604052
1 0.05434782608695652 0.10220994475138122 0.020186335403726708 0.017495395948434623
1 0.6428571428571429 0.10313075506445672 0.006211180124223602 0.008287292817679558
1 0.6014492753623188 0.10405156537753223 0.008281573498964804 0.007366482504604052
1 0.6573498964803313 0.10773480662983426 0.005693581780538302 0.006445672191528545
1 0.5331262939958592 0.10865561694290976 0.010869565217391304 0.011049723756906077
1 0.5973084886128365 0.11049723756906077 0.009834368530020704 0.007366482504604052
0 0.3193581780538302 0.1132596685082873 0.018115942028985508 0.016574585635359115
1 0.032091097308488616 0.1132596685082873 0.019151138716356108 0.02302025782688766
1 0.6687370600414079 0.1141804788213628 0.006728778467908903 0.007366482504604052
1 0.5574534161490683 0.1141804788213628 0.010869565217391304 0.009208103130755065
0 0.35662525879917184 0.1141804788213628 0.019151138716356108 0.02117863720073665
1 0.5952380952380952 0.11602209944751381 0.008799171842650104 0.008287292817679558
0 0.39492753623188404 0.11786372007366483 0.016563146997929608 0.01841620626151013
1 0.5791925465838509 0.12062615101289134 0.010351966873706004 0.008287292817679558
0 0.2981366459627329 0.12154696132596685 0.019668737060041408 0.013812154696132596
1 0.5916149068322981 0.12246777163904236 0.010869565217391304 0.010128913443830571
1 0.013457556935817806 0.12430939226519337 0.018633540372670808 0.017495395948434623
1 0.6961697722567288 0.12430939226519337 0.007763975155279503 0.0055248618784530384
0 0.468944099378882 0.13259668508287292 0.017080745341614908 0.022099447513812154
0 0.31262939958592134 0.13443830570902393 0.020703933747412008 0.01841620626151013
1 0.724120082815735 0.13720073664825047 0.006211180124223602 0.008287292817679558
1 0.007763975155279503 0.13858195211786373 0.015527950310559006 0.017495395948434623
0 0.6966873706004141 0.13996316758747698 0.011904761904761904 0.010128913443830571
0 0.7106625258799172 0.1408839779005525 0.006728778467908903 0.008287292817679558
0 0.7256728778467909 0.14732965009208104 0.007246376811594203 0.008287292817679558
0 0.5372670807453416 0.14732965009208104 0.016563146997929608 0.017495395948434623
0 0.32971014492753625 0.14825046040515655 0.021739130434782608 0.02117863720073665
1 0.7510351966873706 0.14825046040515655 0.007246376811594203 0.009208103130755065
0 0.7054865424430642 0.15285451197053407 0.010869565217391304 0.009208103130755065
0 0.7412008281573499 0.15469613259668508 0.008799171842650104 0.009208103130755065
1 0.006469979296066253 0.15837937384898712 0.012939958592132506 0.020257826887661142
0 0.7106625258799172 0.15837937384898712 0.012422360248447204 0.007366482504604052
1 0.7779503105590062 0.16114180478821363 0.005693581780538302 0.007366482504604052
0 0.3581780538302277 0.16666666666666666 0.024327122153209108 0.029465930018416207
0 0.6040372670807453 0.1685082872928177 0.013975155279503106 0.016574585635359115
0 0.7287784679089027 0.1685082872928177 0.012422360248447204 0.011970534069981584
0 0.770703933747412 0.1694290976058932 0.008799171842650104 0.009208103130755065
1 0.8038302277432712 0.1731123388581952 0.006211180124223602 0.006445672191528545
1 0.005175983436853002 0.17679558011049723 0.010351966873706004 0.022099447513812154
0 0.8027950310559007 0.1841620626151013 0.008281573498964804 0.009208103130755065
1 0.8307453416149069 0.1850828729281768 0.005693581780538302 0.008287292817679558
0 0.7489648033126294 0.1878453038674033 0.011387163561076604 0.011970534069981584
0 0.6682194616977226 0.19152854511970535 0.014492753623188406 0.016574585635359115
0 0.3887163561076605 0.19152854511970535 0.026397515527950312 0.03038674033149171
0 0.8333333333333334 0.19613259668508287 0.006728778467908903 0.007366482504604052
1 0.8561076604554866 0.19797421731123388 0.008281573498964804 0.007366482504604052
1 0.010610766045548654 0.19935543278084714 0.021221532091097308 0.02302025782688766
0 0.7784679089026915 0.20994475138121546 0.013457556935817806 0.014732965009208104
1 0.8819875776397516 0.20994475138121546 0.007246376811594203 0.006445672191528545
0 0.8659420289855072 0.21086556169429096 0.008281573498964804 0.011049723756906077
0 0.7313664596273292 0.2154696132596685 0.013457556935817806 0.014732965009208104
0 0.4197722567287785 0.21639042357274402 0.025362318840579712 0.03406998158379374
0 0.8933747412008282 0.22375690607734808 0.010351966873706004 0.008287292817679558
1 0.912008281573499 0.22467771639042358 0.008799171842650104 0.007366482504604052
1 0.011128364389233954 0.2274401473296501 0.022256728778467908 0.034990791896869246
0 0.7608695652173914 0.2283609576427256 0.013975155279503106 0.016574585635359115
0 0.8074534161490683 0.23204419889502761 0.014492753623188406 0.011049723756906077
0 0.7893374741200828 0.23756906077348067 0.015010351966873706 0.01841620626151013
0 0.9228778467908902 0.23848987108655617 0.009316770186335404 0.007366482504604052
0 0.8100414078674948 0.2440147329650092 0.014492753623188406 0.01289134438305709
0 0.9554865424430642 0.2550644567219153 0.006728778467908903 0.007366482504604052
0 0.4446169772256729 0.2559852670349908 0.026397515527950312 0.03959484346224678
0 0.4658385093167702 0.30662983425414364 0.030020703933747412 0.0423572744014733
0 0.48757763975155277 0.3674033149171271 0.030538302277432712 0.052486187845303865
0 0.5129399585921325 0.45119705340699817 0.03778467908902691 0.06445672191528545