0 0.4603501544799176 0.6355311355311355 0.04737384140061792 0.08699633699633699
0 0.384140061791967 0.695054945054945 0.05818743563336766 0.11263736263736264
0 0.30020597322348097 0.7591575091575091 0.0607621009268795 0.13186813186813187
1 0.7312049433573635 0.10714285714285714 0.012358393408856848 0.028388278388278388
1 0.7296601441812565 0.04945054945054945 0.010298661174047374 0.027472527472527472
1 0.729145211122554 0.16666666666666666 0.01132852729145211 0.029304029304029304
1 0.7286302780638517 0.21886446886446886 0.010813594232749742 0.02564102564102564
1 0.7250257466529351 0.2802197802197802 0.01184346035015448 0.024725274725274724
1 0.7188465499485067 0.37362637362637363 0.010813594232749742 0.023809523809523808
1 0.709577754891864 0.4725274725274725 0.01184346035015448 0.022893772893772892
1 0.7003089598352215 0.5686813186813187 0.012358393408856848 0.026556776556776556
0 0.6972193614830072 0.2774725274725275 0.01596292481977343 0.03663003663003663
0 0.6951596292481977 0.34615384615384615 0.015447991761071062 0.03388278388278388
0 0.6930998970133883 0.24358974358974358 0.016992790937178166 0.03663003663003663
1 0.6910401647785788 0.6584249084249084 0.01184346035015448 0.024725274725274724
0 0.6905252317198765 0.413003663003663 0.01596292481977343 0.03205128205128205
1 0.6869207003089598 0.7014652014652014 0.012873326467559218 0.022893772893772892
0 0.6833161688980433 0.2692307692307692 0.016992790937178166 0.03663003663003663
1 0.6807415036045315 0.7445054945054945 0.009268795056642637 0.019230769230769232
0 0.6791967044284243 0.5467032967032966 0.013903192584963954 0.03388278388278388
0 0.6740473738414006 0.2976190476190476 0.017507723995880537 0.037545787545787544
0 0.666323377960865 0.6721611721611722 0.014933058702368692 0.03021978021978022
0 0.6585993820803295 0.34798534798534797 0.022142121524201853 0.04487179487179487
0 0.6488156539649845 0.793040293040293 0.013903192584963954 0.031135531135531136
0 0.6426364572605562 0.40476190476190477 0.02368692070030896 0.048534798534798536
0 0.6338825952626158 0.913003663003663 0.015447991761071062 0.0347985347985348
0 0.6225540679711637 0.4606227106227106 0.025746652935118436 0.04945054945054945
0 0.5952626158599382 0.5073260073260073 0.025231719876416064 0.0521978021978022
0 0.5612770339855818 0.5448717948717948 0.03347064881565397 0.05860805860805861
0 0.5175077239958805 0.5860805860805861 0.0411946446961895 0.07326007326007326