0 0.5263435194942044 0.33146067415730335 0.04847207586933614 0.08895131086142322
0 0.6043203371970495 0.2705992509363296 0.059536354056902004 0.1151685393258427
0 0.690200210748156 0.2050561797752809 0.06217070600632244 0.1348314606741573
1 0.24920969441517388 0.8717228464419475 0.012644889357218124 0.02902621722846442
1 0.25026343519494204 0.9873595505617978 0.01053740779768177 0.025280898876404494
1 0.2507903055848261 0.9307116104868914 0.01053740779768177 0.028089887640449437
1 0.2513171759747102 0.8108614232209738 0.011591148577449948 0.0299625468164794
1 0.2518440463645943 0.7574906367041199 0.011064278187565859 0.026217228464419477
1 0.2555321390937829 0.6947565543071161 0.012118018967334035 0.025280898876404494
1 0.261854583772392 0.599250936329588 0.011064278187565859 0.024344569288389514
1 0.2713382507903056 0.49812734082397003 0.012118018967334035 0.023408239700374533
1 0.2808219178082192 0.399812734082397 0.012644889357218124 0.027153558052434457
0 0.2839831401475237 0.697565543071161 0.016332982086406742 0.03745318352059925
0 0.28609062170706007 0.6273408239700374 0.015806111696522657 0.03464419475655431
0 0.2881981032665964 0.7322097378277154 0.01738672286617492 0.03745318352059925
1 0.2903055848261328 0.3080524344569288 0.012118018967334035 0.025280898876404494
0 0.29083245521601686 0.5589887640449438 0.016332982086406742 0.03277153558052434
1 0.2945205479452055 0.2640449438202247 0.013171759747102213 0.023408239700374533
0 0.2982086406743941 0.7059925093632958 0.01738672286617492 0.03745318352059925
1 0.30084299262381453 0.2200374531835206 0.009483667017913594 0.019662921348314606
0 0.30242360379346683 0.42228464419475653 0.01422550052687039 0.03464419475655431
0 0.3076923076923077 0.6769662921348315 0.01791359325605901 0.03838951310861423
0 0.315595363540569 0.2940074906367041 0.015279241306638568 0.03089887640449438
0 0.32349841938883034 0.6254681647940075 0.022655426765015807 0.04588014981273408
0 0.333508956796628 0.1704119850187266 0.01422550052687039 0.031835205992509365
0 0.3398314014752371 0.5674157303370787 0.02423603793466807 0.04962546816479401
0 0.3487881981032666 0.047752808988764044 0.015806111696522657 0.035580524344569285
0 0.36037934668071653 0.5102996254681648 0.026343519494204427 0.05056179775280899
0 0.3883034773445732 0.46254681647940077 0.025816649104320338 0.05337078651685393
0 0.4230769230769231 0.4241573033707865 0.03424657534246575 0.0599250936329588
0 0.4678609062170706 0.38202247191011235 0.04214963119072708 0.0749063670411985