0 0.9163952225841476 0.4343629343629344 0.02062975027144408 0.021235521235521235
1 0.6655808903365906 0.4420849420849421 0.02823018458197611 0.03185328185328185
0 0.9630836047774158 0.4546332046332046 0.02008686210640608 0.023166023166023165
1 0.7198697068403909 0.4584942084942085 0.026601520086862108 0.033783783783783786
1 0.7763300760043431 0.4806949806949807 0.030944625407166124 0.03474903474903475
1 0.8360477741585234 0.5086872586872587 0.025515743756786103 0.033783783783783786
1 0.9755700325732899 0.5743243243243243 0.03311617806731813 0.04054054054054054
1 0.5895765472312704 0.2413127413127413 0.005971769815418024 0.008687258687258687
1 0.6020629750271445 0.24903474903474904 0.007057546145494028 0.006756756756756757
1 0.6167209554831705 0.25675675675675674 0.008686210640608035 0.008687258687258687
1 0.6254071661237784 0.26544401544401547 0.00760043431053203 0.008687258687258687
1 0.6145494028230185 0.26640926640926643 0.009229098805646038 0.010617760617760617
1 0.6026058631921825 0.2673745173745174 0.008143322475570033 0.010617760617760617
1 0.5743756786102063 0.2702702702702703 0.009229098805646038 0.009652509652509652
1 0.5423452768729642 0.2731660231660232 0.009771986970684038 0.010617760617760617
1 0.506514657980456 0.27606177606177607 0.010857763300760043 0.012548262548262547
1 0.46796959826275786 0.27895752895752896 0.011400651465798045 0.012548262548262547
1 0.44625407166123776 0.28185328185328185 0.010857763300760043 0.015444015444015444
1 0.43051031487513575 0.28957528957528955 0.011943539630836048 0.017374517374517374
0 0.7844733984799132 0.2924710424710425 0.009229098805646038 0.008687258687258687
1 0.4142236699239957 0.2953667953667954 0.013572204125950055 0.016409266409266408
0 0.7958740499457112 0.29922779922779924 0.007057546145494028 0.008687258687258687
0 0.7915309446254072 0.30212355212355213 0.009771986970684038 0.011583011583011582
0 0.7681867535287731 0.30212355212355213 0.01031487513572204 0.009652509652509652
1 0.4022801302931596 0.3030888030888031 0.010857763300760043 0.016409266409266408
0 0.7117263843648208 0.3030888030888031 0.010857763300760043 0.009652509652509652
0 0.740499457111835 0.3030888030888031 0.011400651465798045 0.009652509652509652
0 0.7801302931596091 0.3030888030888031 0.010857763300760043 0.010617760617760617
0 0.6818675352877307 0.305019305019305 0.011943539630836048 0.011583011583011582
0 0.6520086862106406 0.3088803088803089 0.013029315960912053 0.012548262548262547
1 0.3925081433224756 0.3127413127413127 0.014115092290988056 0.01833976833976834
0 0.6194353963083605 0.3137065637065637 0.011943539630836048 0.012548262548262547
0 0.6036916395222585 0.3166023166023166 0.011943539630836048 0.012548262548262547
0 0.5922909880564604 0.32432432432432434 0.014115092290988056 0.01833976833976834
1 0.3925081433224756 0.3252895752895753 0.016829533116178068 0.019305019305019305
0 0.6069489685124865 0.33687258687258687 0.015743756786102063 0.017374517374517374
1 0.4011943539630836 0.3388030888030888 0.018458197611292075 0.02027027027027027
0 0.6411509229098805 0.34555984555984554 0.016286644951140065 0.017374517374517374
1 0.4201954397394137 0.3532818532818533 0.019001085776330078 0.02413127413127413
0 0.6699239956568946 0.35424710424710426 0.017915309446254073 0.019305019305019305
0 0.7128121606948968 0.3638996138996139 0.017915309446254073 0.021235521235521235
1 0.44136807817589574 0.3687258687258687 0.02062975027144408 0.02702702702702703
0 0.749728555917481 0.37258687258687256 0.019001085776330078 0.01833976833976834
0 0.7877307274701412 0.3832046332046332 0.019543973941368076 0.021235521235521235
1 0.4766558089033659 0.3841698841698842 0.02225841476655809 0.02413127413127413
0 0.8284473398479913 0.39768339768339767 0.019543973941368076 0.021235521235521235
1 0.5184581976112921 0.3996138996138996 0.02225841476655809 0.03088803088803089
0 0.8713355048859935 0.416023166023166 0.02062975027144408 0.021235521235521235
1 0.5656894679695983 0.416988416988417 0.021715526601520086 0.027992277992277992
1 0.6140065146579805 0.4305019305019305 0.023887079261672096 0.029922779922779922