1 0.4824922760041195 0.27197802197802196 0.016992790937178166 0.047619047619047616
1 0.49124613800205974 0.1804029304029304 0.018022657054582905 0.04487179487179487
1 0.5030895983522142 0.08516483516483517 0.018537590113285273 0.0521978021978022
1 0.37538619979402676 0.4001831501831502 0.004634397528321318 0.010073260073260074
1 0.37950566426364574 0.3791208791208791 0.003604531410916581 0.011904761904761904
1 0.38362512873326465 0.3543956043956044 0.004634397528321318 0.014652014652014652
1 0.388259526261586 0.33974358974358976 0.004634397528321318 0.01282051282051282
1 0.38877445932028837 0.35805860805860806 0.005664263645726055 0.015567765567765568
1 0.38928939237899074 0.3782051282051282 0.005664263645726055 0.013736263736263736
1 0.39083419155509785 0.4258241758241758 0.005149330587023687 0.015567765567765568
1 0.39237899073120497 0.47985347985347987 0.005664263645726055 0.016483516483516484
1 0.393923789907312 0.5402930402930403 0.006694129763130793 0.018315018315018316
1 0.39546858908341914 0.6053113553113553 0.006694129763130793 0.019230769230769232
1 0.39701338825952626 0.641941391941392 0.008238928939237899 0.018315018315018316
1 0.40113285272914523 0.6684981684981685 0.009268795056642637 0.020146520146520148
0 0.40267765190525234 0.07142857142857142 0.004634397528321318 0.015567765567765568
1 0.4042224510813594 0.6959706959706959 0.008753861997940269 0.022893772893772892
0 0.4062821833161689 0.0521978021978022 0.004634397528321318 0.011904761904761904
0 0.407826982492276 0.05952380952380952 0.006179196704428424 0.016483516483516484
0 0.407826982492276 0.0989010989010989 0.005149330587023687 0.0173992673992674
1 0.4083419155509784 0.7161172161172161 0.008753861997940269 0.018315018315018316
0 0.4083419155509784 0.19413919413919414 0.005149330587023687 0.018315018315018316
0 0.4083419155509784 0.14560439560439561 0.005149330587023687 0.019230769230769232
0 0.4083419155509784 0.07875457875457875 0.005664263645726055 0.018315018315018316
0 0.4093717816683831 0.2445054945054945 0.006179196704428424 0.020146520146520148
0 0.4114315139031926 0.2948717948717949 0.006694129763130793 0.02197802197802198
1 0.41349124613800203 0.7326007326007326 0.009783728115345005 0.023809523809523808
0 0.4140061791967044 0.3498168498168498 0.006694129763130793 0.020146520146520148
0 0.4155509783728115 0.37637362637362637 0.006694129763130793 0.020146520146520148
0 0.4196704428424305 0.3956043956043956 0.009783728115345005 0.023809523809523808
1 0.42018537590113286 0.7326007326007326 0.010298661174047374 0.028388278388278388
0 0.42636457260556127 0.3708791208791209 0.009268795056642637 0.026556776556776556
1 0.427394438722966 0.717948717948718 0.010813594232749742 0.031135531135531136
0 0.4309989701338826 0.3131868131868132 0.009268795056642637 0.027472527472527472
1 0.4351184346035015 0.6858974358974359 0.012873326467559218 0.03205128205128205
0 0.4356333676622039 0.26465201465201466 0.010298661174047374 0.03021978021978022
0 0.4407826982492276 0.19230769230769232 0.01132852729145211 0.03021978021978022
1 0.44335736354273947 0.6501831501831502 0.014418125643666324 0.0347985347985348
0 0.4454170957775489 0.13003663003663005 0.009783728115345005 0.03205128205128205
0 0.451081359423275 0.06593406593406594 0.01132852729145211 0.03296703296703297
1 0.45159629248197736 0.5906593406593407 0.012873326467559218 0.037545787545787544
0 0.4588053553038105 0.006868131868131868 0.01132852729145211 0.013736263736263736
1 0.45983522142121525 0.5201465201465202 0.016477857878475798 0.037545787545787544
1 0.4691040164778579 0.44047619047619047 0.014933058702368692 0.03663003663003663
1 0.476313079299691 0.358974358974359 0.01596292481977343 0.040293040293040296