0 0.8276754890678941 0.21875 0.017836593785960874 0.039959016393442626
0 0.7974683544303798 0.22950819672131148 0.018411967779056387 0.03483606557377049
0 0.7321634062140391 0.24846311475409835 0.02243958573072497 0.03790983606557377
0 0.6547756041426928 0.26485655737704916 0.020713463751438434 0.02971311475409836
0 0.5658803222094362 0.29508196721311475 0.023590333716915997 0.03278688524590164
0 0.46231300345224396 0.32274590163934425 0.02704257767548907 0.03278688524590164
1 0.9715189873417721 0.3442622950819672 0.029344073647871116 0.045081967213114756
0 0.34925201380897586 0.35963114754098363 0.02531645569620253 0.03483606557377049
1 0.8814729574223246 0.39241803278688525 0.04257767548906789 0.05327868852459016
0 0.22008055235903337 0.39702868852459017 0.02243958573072497 0.03790983606557377
1 0.7799194476409667 0.4410860655737705 0.035097813578826235 0.04815573770491803
0 0.03279631760644419 0.44723360655737704 0.031070195627157654 0.039959016393442626
1 0.6518987341772152 0.5 0.04948216340621404 0.06352459016393443
1 0.4916570771001151 0.5671106557377049 0.045454545454545456 0.060450819672131145
1 0.2905638665132336 0.6582991803278688 0.04833141542002301 0.07274590163934426
1 0.014959723820483314 0.764344262295082 0.02991944764096663 0.07581967213114754