1 0.6825520833333333 0.18101851851851852 0.011979166666666667 0.021296296296296296
1 0.7010416666666667 0.1824074074074074 0.0125 0.018518518518518517
1 0.7380208333333333 0.18564814814814815 0.0125 0.017592592592592594
1 0.77890625 0.19027777777777777 0.0109375 0.01574074074074074
1 0.8255208333333334 0.19953703703703704 0.014583333333333334 0.019444444444444445
1 0.8768229166666667 0.2074074074074074 0.015104166666666667 0.022222222222222223
0 0.5450520833333333 0.20787037037037037 0.011979166666666667 0.01574074074074074
0 0.5872395833333334 0.21203703703703702 0.011979166666666667 0.014814814814814815
1 0.90625 0.2125 0.015625 0.023148148148148147
0 0.6338541666666667 0.21481481481481482 0.0125 0.016666666666666666
1 0.9359375 0.21574074074074073 0.017708333333333333 0.025925925925925925
0 0.6588541666666666 0.2212962962962963 0.015625 0.018518518518518517
1 0.9614583333333333 0.22314814814814815 0.016666666666666666 0.022222222222222223
0 0.6830729166666667 0.225 0.016145833333333335 0.020370370370370372
1 0.9791666666666666 0.22962962962962963 0.016666666666666666 0.024074074074074074
0 0.70625 0.2310185185185185 0.017708333333333333 0.019444444444444445
0 0.73125 0.2351851851851852 0.016666666666666666 0.018518518518518517
0 0.7463541666666667 0.24074074074074073 0.016666666666666666 0.018518518518518517
0 0.7375 0.25324074074074077 0.014583333333333334 0.019444444444444445
0 0.7197916666666667 0.2611111111111111 0.017708333333333333 0.020370370370370372
0 0.6934895833333333 0.27175925925925926 0.021354166666666667 0.023148148148148147
1 0.98984375 0.27870370370370373 0.019270833333333334 0.025925925925925925
0 0.6375 0.29212962962962963 0.019791666666666666 0.026851851851851852
1 0.9479166666666666 0.30324074074074076 0.022916666666666665 0.03981481481481482
0 0.5700520833333333 0.31203703703703706 0.0203125 0.027777777777777776
1 0.9010416666666666 0.33055555555555555 0.026041666666666668 0.037037037037037035
0 0.4934895833333333 0.33796296296296297 0.0234375 0.03518518518518519
1 0.83984375 0.36203703703703705 0.027604166666666666 0.03888888888888889
0 0.39895833333333336 0.3736111111111111 0.020833333333333332 0.03425925925925926
1 0.7622395833333333 0.40925925925925927 0.03177083333333333 0.044444444444444446
0 0.29739583333333336 0.40925925925925927 0.025 0.037037037037037035
1 0.6786458333333333 0.4564814814814815 0.03229166666666667 0.046296296296296294
0 0.1671875 0.4597222222222222 0.028125 0.032407407407407406
1 0.5682291666666667 0.5199074074074074 0.036458333333333336 0.05277777777777778
1 0.42604166666666665 0.5958333333333333 0.040625 0.05462962962962963
1 0.23463541666666668 0.7037037037037037 0.049479166666666664 0.06481481481481481