1 0.31835106382978723 0.1724952741020794 0.01223404255319149 0.021739130434782608
1 0.3191489361702128 0.1389413988657845 0.010638297872340425 0.022684310018903593
1 0.32101063829787235 0.07183364839319471 0.010106382978723405 0.022684310018903593
1 0.3236702127659574 0.003780718336483932 0.009042553191489361 0.007561436672967864
0 0.3337765957446808 0.4220226843100189 0.009042553191489361 0.021739130434782608
0 0.33617021276595743 0.3454631379962193 0.00851063829787234 0.021739130434782608
0 0.3377659574468085 0.2608695652173913 0.009574468085106383 0.022684310018903593
0 0.3414893617021277 0.21550094517958412 0.010638297872340425 0.02835538752362949
0 0.34361702127659577 0.1715500945179584 0.011702127659574468 0.02930056710775047
0 0.3470744680851064 0.12948960302457466 0.011170212765957447 0.03213610586011342
0 0.349468085106383 0.08412098298676748 0.010638297872340425 0.030245746691871456
0 0.3526595744680851 0.05671077504725898 0.010638297872340425 0.030245746691871456
0 0.3598404255319149 0.07277882797731569 0.011170212765957447 0.026465028355387523
0 0.36436170212765956 0.10491493383742911 0.011702127659574468 0.03213610586011342
0 0.3704787234042553 0.15264650283553874 0.013297872340425532 0.038752362948960305
0 0.38218085106382976 0.2542533081285444 0.015425531914893617 0.035916824196597356
0 0.39361702127659576 0.3766540642722117 0.015957446808510637 0.036862003780718335
0 0.4085106382978723 0.5155954631379962 0.02021276595744681 0.04253308128544423
0 0.42898936170212765 0.6871455576559546 0.019680851063829788 0.03780718336483932
1 0.449468085106383 0.02835538752362949 0.02553191489361702 0.05671077504725898
0 0.449468085106383 0.8714555765595463 0.02127659574468085 0.045368620037807186
1 0.4765957446808511 0.17958412098298676 0.026595744680851064 0.05860113421550094
1 0.513031914893617 0.3799621928166352 0.03031914893617021 0.0661625708884688
1 0.5566489361702127 0.6379962192816635 0.03138297872340425 0.07372400756143667
1 0.6186170212765958 0.970226843100189 0.03723404255319149 0.05954631379962193