1 0.8640625 0.24027777777777778 0.016666666666666666 0.026851851851851852
1 0.8260416666666667 0.26944444444444443 0.029166666666666667 0.02962962962962963
0 0.46640625 0.2967592592592593 0.0203125 0.025
1 0.778125 0.29907407407407405 0.023958333333333335 0.02962962962962963
0 0.3848958333333333 0.33194444444444443 0.027083333333333334 0.03425925925925926
1 0.7200520833333334 0.3388888888888889 0.025520833333333333 0.02962962962962963
0 0.2833333333333333 0.3685185185185185 0.027083333333333334 0.03888888888888889
1 0.6473958333333333 0.3837962962962963 0.03854166666666667 0.04537037037037037
0 0.17161458333333332 0.41759259259259257 0.0296875 0.03888888888888889
1 0.5614583333333333 0.4439814814814815 0.03854166666666667 0.05462962962962963
0 0.030729166666666665 0.4708333333333333 0.03229166666666667 0.03425925925925926
1 0.45026041666666666 0.513425925925926 0.04010416666666667 0.05462962962962963
1 0.29765625 0.6013888888888889 0.04010416666666667 0.07314814814814814
1 0.07421875 0.7444444444444445 0.05677083333333333 0.07777777777777778