1 0.6860532407407407 0.9727366255144033 0.02141203703703704 0.04218106995884774
0 0.6759259259259259 0.4567901234567901 0.01273148148148148 0.024691358024691357
1 0.6689814814814815 0.9079218106995884 0.024305555555555556 0.04218106995884774
0 0.6553819444444444 0.34670781893004116 0.01678240740740741 0.024691358024691357
1 0.6498842592592593 0.8194444444444444 0.018518518518518517 0.040123456790123455
0 0.6400462962962963 0.20627572016460904 0.018518518518518517 0.03806584362139918
1 0.6218171296296297 0.7150205761316872 0.022569444444444444 0.037037037037037035
0 0.6151620370370371 0.035493827160493825 0.024305555555555556 0.050411522633744855
1 0.5885416666666666 0.5694444444444444 0.03125 0.04835390946502058
1 0.5509259259259259 0.4027777777777778 0.03125 0.060699588477366256
1 0.4982638888888889 0.17026748971193414 0.03587962962962963 0.07921810699588477