1 0.5763020833333333 0.24675925925925926 0.021354166666666667 0.03611111111111111
1 0.5419270833333333 0.2828703703703704 0.025520833333333333 0.03425925925925926
0 0.36432291666666666 0.28379629629629627 0.019270833333333334 0.03611111111111111
0 0.34088541666666666 0.2953703703703704 0.019270833333333334 0.022222222222222223
0 0.31197916666666664 0.3189814814814815 0.021875 0.026851851851851852
1 0.496875 0.325 0.027083333333333334 0.03888888888888889
0 0.24973958333333332 0.3537037037037037 0.024479166666666666 0.022222222222222223
1 0.43828125 0.3800925925925926 0.0296875 0.04351851851851852
0 0.16744791666666667 0.4023148148148148 0.024479166666666666 0.03611111111111111
1 0.36276041666666664 0.45231481481481484 0.0296875 0.04351851851851852
0 0.06197916666666667 0.47314814814814815 0.027083333333333334 0.03888888888888889
1 0.2604166666666667 0.549074074074074 0.03333333333333333 0.04814814814814815
1 0.10885416666666667 0.6912037037037037 0.04791666666666667 0.07314814814814814