1 0.561141304347826 0.23646034816247583 0.022282608695652174 0.037717601547388784
1 0.5252717391304348 0.2741779497098646 0.026630434782608695 0.035783365570599614
0 0.33994565217391304 0.2751450676982592 0.02010869565217391 0.037717601547388784
0 0.3154891304347826 0.2872340425531915 0.02010869565217391 0.02321083172147002
0 0.28532608695652173 0.3118955512572534 0.02282608695652174 0.02804642166344294
1 0.4782608695652174 0.3181818181818182 0.02826086956521739 0.04061895551257253
0 0.2203804347826087 0.3481624758220503 0.025543478260869567 0.02321083172147002
1 0.4171195652173913 0.3757253384912959 0.03097826086956522 0.045454545454545456
0 0.13451086956521738 0.39893617021276595 0.025543478260869567 0.037717601547388784
1 0.3383152173913043 0.4511605415860735 0.03097826086956522 0.045454545454545456
0 0.024456521739130436 0.47292069632495165 0.02826086956521739 0.04061895551257253
1 0.23152173913043478 0.5522243713733076 0.034782608695652174 0.05029013539651837
1 0.07336956521739131 0.7006769825918762 0.05 0.07640232108317214