0 0.6807291666666667 0.2916666666666667 0.016666666666666666 0.024074074074074074
0 0.6950520833333333 0.3013888888888889 0.018229166666666668 0.025
0 0.678125 0.3162037037037037 0.017708333333333333 0.025
0 0.6091145833333333 0.33287037037037037 0.0203125 0.028703703703703703
1 0.9731770833333333 0.35324074074074074 0.027604166666666666 0.03981481481481482
0 0.5278645833333333 0.35648148148148145 0.027604166666666666 0.03518518518518519
1 0.9557291666666666 0.37453703703703706 0.023958333333333335 0.03796296296296296
0 0.43307291666666664 0.37777777777777777 0.025520833333333333 0.03518518518518519
1 0.8846354166666667 0.40185185185185185 0.0328125 0.04814814814814815
0 0.31927083333333334 0.40555555555555556 0.028125 0.040740740740740744
1 0.8015625 0.4388888888888889 0.03333333333333333 0.044444444444444446
0 0.17942708333333332 0.4393518518518518 0.0296875 0.04537037037037037
0 0.027864583333333335 0.48148148148148145 0.0328125 0.04814814814814815
1 0.69609375 0.4875 0.03802083333333333 0.04722222222222222
1 0.5653645833333333 0.5421296296296296 0.0359375 0.05092592592592592
1 0.40989583333333335 0.6194444444444445 0.04583333333333333 0.06481481481481481
1 0.19635416666666666 0.7113981481481481 0.05 0.08055555555555556