1 0.5866704805491991 0.4760692464358452 0.016590389016018305 0.029531568228105907
1 0.5763729977116705 0.5274949083503055 0.02231121281464531 0.034623217922606926
1 0.5649313501144165 0.5773930753564155 0.02231121281464531 0.04276985743380855
0 0.5520594965675057 0.01120162932790224 0.013729977116704805 0.02240325865580448
1 0.5512013729977117 0.6364562118126272 0.02116704805491991 0.034623217922606926
1 0.5440503432494279 0.6807535641547862 0.018306636155606407 0.03971486761710794
1 0.5354691075514875 0.7153767820773931 0.02402745995423341 0.04175152749490835
0 0.5348970251716247 0.06364562118126273 0.017162471395881007 0.029531568228105907
0 0.5271739130434783 0.09063136456211812 0.015446224256292907 0.032586558044806514
1 0.5234553775743707 0.7342158859470469 0.019450800915331808 0.04480651731160896
1 0.5062929061784897 0.7179226069246436 0.02517162471395881 0.05702647657841141
0 0.505720823798627 0.1115071283095723 0.02402745995423341 0.0539714867617108
0 0.4937070938215103 0.07942973523421588 0.02288329519450801 0.04480651731160896
1 0.4851258581235698 0.6741344195519349 0.030892448512585814 0.05702647657841141
0 0.4765446224256293 0.0050916496945010185 0.02517162471395881 0.010183299389002037
1 0.4668192219679634 0.6247454175152749 0.029748283752860413 0.051934826883910386
1 0.4362128146453089 0.5274949083503055 0.033752860411899316 0.06517311608961303
1 0.40360411899313503 0.40020366598778007 0.039473684210526314 0.07535641547861507
1 0.34210526315789475 0.03665987780040733 0.04233409610983982 0.07331975560081466