1 0.4226063829787234 0.6138941398865785 0.015425531914893617 0.027410207939508508
1 0.4321808510638298 0.5661625708884688 0.02074468085106383 0.03213610586011342
1 0.4428191489361702 0.5198487712665406 0.02074468085106383 0.03969754253308128
1 0.4555851063829787 0.46502835538752363 0.019680851063829788 0.03213610586011342
1 0.4622340425531915 0.42391304347826086 0.01702127659574468 0.036862003780718335
1 0.4702127659574468 0.39177693761814747 0.022340425531914895 0.038752362948960305
0 0.47074468085106386 0.9914933837429112 0.015957446808510637 0.017013232514177693
0 0.4779255319148936 0.9716446124763705 0.014361702127659574 0.030245746691871456
1 0.48138297872340424 0.3742911153119093 0.018085106382978722 0.04158790170132325
1 0.4973404255319149 0.389413988657845 0.023404255319148935 0.052930056710775046
0 0.4978723404255319 0.9522684310018904 0.022340425531914895 0.0500945179584121
0 0.5090425531914894 0.9806238185255198 0.02127659574468085 0.038752362948960305
1 0.5170212765957447 0.43005671077504726 0.02872340425531915 0.052930056710775046
1 0.5340425531914894 0.4758979206049149 0.027659574468085105 0.048204158790170135
1 0.5625 0.5661625708884688 0.03138297872340425 0.06049149338374291
1 0.5928191489361702 0.6843100189035917 0.036702127659574466 0.06994328922495274