0 0.323512585812357 0.48421588594704684 0.015446224256292907 0.029531568228105907
0 0.35583524027459956 0.515274949083503 0.019450800915331808 0.04480651731160896
1 0.6493135011441648 0.5269857433808554 0.020594965675057208 0.04786150712830957
1 0.6701945080091534 0.5504073319755601 0.02231121281464531 0.03971486761710794
1 0.6947940503432495 0.5707739307535642 0.02231121281464531 0.04989816700610998
1 0.7093821510297483 0.5835030549898167 0.02631578947368421 0.04480651731160896
0 0.3767162471395881 0.5926680244399185 0.02459954233409611 0.05295315682281059
0 0.34668192219679633 0.6003054989816701 0.02402745995423341 0.04786150712830957
0 0.2837528604118993 0.6109979633401222 0.029748283752860413 0.05295315682281059
0 0.2048054919908467 0.6252545824847251 0.03546910755148741 0.06720977596741344
1 0.7325514874141876 0.6278004073319755 0.033752860411899316 0.04175152749490835
0 0.11842105263157894 0.6344195519348269 0.036613272311212815 0.06517311608961303
1 0.7096681922196796 0.6573319755600815 0.02917620137299771 0.04989816700610998
1 0.670766590389016 0.6761710794297352 0.04061784897025172 0.05702647657841141
1 0.6229977116704806 0.7062118126272913 0.04805491990846682 0.07026476578411406
1 0.5337528604118993 0.7367617107942973 0.041189931350114416 0.07026476578411406
1 0.43278032036613273 0.7744399185336049 0.04519450800915332 0.07026476578411406
1 0.16618993135011442 0.8345213849287169 0.06121281464530892 0.09266802443991853