0 0.5132022471910113 0.1205 0.016292134831460674 0.027
0 0.4960674157303371 0.177 0.024719101123595506 0.034
1 0.4896067415730337 0.69 0.026404494382022473 0.036
1 0.47668539325842696 0.7265 0.021910112359550562 0.039
1 0.4654494382022472 0.7695 0.02752808988764045 0.039
1 0.4584269662921348 0.795 0.024719101123595506 0.046
0 0.4533707865168539 0.2135 0.029213483146067417 0.043
0 0.4491573033707865 0.161 0.026404494382022473 0.042
0 0.44325842696629214 0.051 0.029213483146067417 0.052
1 0.4339887640449438 0.8355 0.023033707865168538 0.059
1 0.41769662921348316 0.7955 0.02752808988764045 0.051
1 0.40730337078651685 0.7275 0.03146067415730337 0.071
1 0.3907303370786517 0.644 0.03876404494382023 0.084
1 0.37387640449438203 0.488 0.03876404494382023 0.072
1 0.35308988764044946 0.3115 0.03876404494382023 0.079