0 0.38403141361256543 0.38733705772811916 0.014136125654450262 0.0297951582867784
1 0.6748691099476439 0.41154562383612664 0.023036649214659685 0.040968342644320296
1 0.6989528795811518 0.43109869646182497 0.024083769633507852 0.048417132216014895
1 0.7117801047120419 0.4441340782122905 0.030890052356020943 0.040968342644320296
0 0.3994764397905759 0.44646182495344505 0.025130890052356022 0.036312849162011177
0 0.37408376963350787 0.4613594040968343 0.025654450261780103 0.03445065176908752
1 0.731413612565445 0.4757914338919926 0.03455497382198953 0.048417132216014895
0 0.31884816753926704 0.4767225325884544 0.028272251308900525 0.040968342644320296
0 0.2494764397905759 0.49022346368715086 0.030890052356020943 0.04562383612662942
1 0.7094240837696335 0.49906890130353815 0.02931937172774869 0.05772811918063315
0 0.17565445026178012 0.5 0.029842931937172777 0.040968342644320296
1 0.668848167539267 0.520949720670391 0.03717277486910995 0.05493482309124767
0 0.017015706806282723 0.5246741154562383 0.034031413612565446 0.05307262569832402
1 0.6172774869109947 0.5418994413407822 0.033507853403141365 0.05027932960893855
1 0.537696335078534 0.5758845437616388 0.033507853403141365 0.06238361266294227
1 0.44738219895287956 0.6121973929236499 0.041361256544502616 0.06610800744878957
1 0.20916230366492147 0.6578212290502793 0.051832460732984295 0.07355679702048418