0 0.38255208333333335 0.3851851851851852 0.0140625 0.02962962962962963
1 0.671875 0.40925925925925927 0.022916666666666665 0.040740740740740744
1 0.6958333333333333 0.4287037037037037 0.023958333333333335 0.04814814814814815
1 0.70859375 0.44166666666666665 0.030729166666666665 0.040740740740740744
0 0.39791666666666664 0.4439814814814815 0.025 0.03611111111111111
0 0.37265625 0.4587962962962963 0.025520833333333333 0.03425925925925926
1 0.728125 0.47314814814814815 0.034375 0.04814814814814815
0 0.3177083333333333 0.4740740740740741 0.028125 0.040740740740740744
0 0.24869791666666666 0.4875 0.030729166666666665 0.04537037037037037
1 0.70625 0.4962962962962963 0.029166666666666667 0.05740740740740741
0 0.17526041666666667 0.49722222222222223 0.0296875 0.040740740740740744
1 0.6658854166666667 0.5180555555555556 0.03697916666666667 0.05462962962962963
0 0.0171875 0.5217592592592593 0.034375 0.05277777777777778
1 0.6145833333333334 0.5388888888888889 0.03333333333333333 0.05
1 0.5354166666666667 0.5726851851851852 0.03333333333333333 0.062037037037037036
1 0.44557291666666665 0.6087962962962963 0.04114583333333333 0.06574074074074074
1 0.20859375 0.6541666666666667 0.0515625 0.07314814814814814