0 0.5594965675057209 0.25 0.018306636155606407 0.0274949083503055
1 0.5446224256292906 0.8156822810590632 0.02517162471395881 0.04480651731160896
1 0.532608695652174 0.8625254582484725 0.029748283752860413 0.04684317718940937
1 0.5245995423340961 0.8874745417515275 0.02517162471395881 0.06008146639511202
0 0.5231693363844394 0.280040733197556 0.02231121281464531 0.048879837067209775
0 0.5140160183066361 0.23065173116089613 0.02116704805491991 0.04989816700610998
1 0.5051487414187643 0.9256619144602851 0.029748283752860413 0.06720977596741344
0 0.5045766590389016 0.12321792260692464 0.02517162471395881 0.054989816700611
0 0.49628146453089245 0.009164969450101833 0.02803203661327231 0.018329938900203666
1 0.49084668192219677 0.8828920570264766 0.03546910755148741 0.05702647657841141
1 0.4774027459954233 0.8039714867617108 0.033752860411899316 0.07230142566191446
1 0.4645308924485126 0.7036659877800407 0.030892448512585814 0.06517311608961303
1 0.44364988558352403 0.5488798370672098 0.03832951945080092 0.06517311608961303
1 0.4213386727688787 0.37321792260692466 0.04061784897025172 0.08044806517311609