0 0.6029255319148936 0.30482041587901704 0.026063829787234042 0.0500945179584121
1 0.5952127659574468 0.8993383742911153 0.03297872340425532 0.055765595463137994
0 0.5928191489361702 0.26984877126654067 0.025 0.05198487712665406
1 0.5808510638297872 0.8591682419659735 0.03829787234042553 0.062381852551984876
0 0.5792553191489361 0.16729678638941398 0.027659574468085105 0.04914933837429111
0 0.5707446808510638 0.036389413988657845 0.02872340425531915 0.055765595463137994
1 0.5659574468085107 0.781663516068053 0.03829787234042553 0.062381852551984876
1 0.5409574468085107 0.6918714555765595 0.03829787234042553 0.07183364839319471
1 0.5164893617021277 0.5472589792060492 0.039361702127659576 0.062381852551984876
1 0.4930851063829787 0.3870510396975425 0.043617021276595745 0.08223062381852551
1 0.4497340425531915 0.00992438563327032 0.04734042553191489 0.01984877126654064