0 0.40078125 0.3300925925925926 0.027604166666666666 0.04537037037037037
1 0.7283854166666667 0.3435185185185185 0.030729166666666665 0.05740740740740741
0 0.3815104166666667 0.3476851851851852 0.028645833333333332 0.04351851851851852
1 0.70625 0.3685185185185185 0.034375 0.06666666666666667
0 0.325 0.3712962962962963 0.027083333333333334 0.04814814814814815
0 0.25286458333333334 0.3861111111111111 0.030729166666666665 0.05
1 0.6635416666666667 0.39444444444444443 0.034375 0.06666666666666667
0 0.18333333333333332 0.40185185185185185 0.03125 0.05
1 0.6140625 0.43796296296296294 0.03958333333333333 0.06666666666666667
0 0.030989583333333334 0.4388888888888889 0.034895833333333334 0.05
1 0.534375 0.48055555555555557 0.034375 0.06851851851851852
1 0.44609375 0.5212962962962963 0.0453125 0.07592592592592592
1 0.22109375 0.5967592592592592 0.0453125 0.0824074074074074