0 0.41151685393258425 0.2155 0.028651685393258425 0.029
1 0.7429775280898876 0.222 0.03876404494382023 0.042
0 0.3808988764044944 0.2295 0.030337078651685393 0.047
0 0.3146067415730337 0.2475 0.035955056179775284 0.049
1 0.7632022471910113 0.2505 0.034269662921348316 0.049
0 0.24382022471910111 0.252 0.0348314606741573 0.052
0 0.1654494382022472 0.258 0.03202247191011236 0.044
0 0.009831460674157303 0.2665 0.019662921348314606 0.047
1 0.7547752808988764 0.2815 0.04101123595505618 0.057
1 0.7157303370786516 0.3045 0.03707865168539326 0.067
1 0.6620786516853933 0.3365 0.039887640449438204 0.057
1 0.6061797752808988 0.3595 0.04269662921348315 0.067
1 0.5056179775280899 0.4015 0.035955056179775284 0.067
1 0.400561797752809 0.435 0.04157303370786517 0.064
1 0.15196629213483145 0.4665 0.05 0.087