0 0.4285310734463277 0.21177062374245473 0.0288135593220339 0.029175050301810865
1 0.761864406779661 0.21830985915492956 0.03898305084745763 0.04225352112676056
0 0.3977401129943503 0.22585513078470826 0.030508474576271188 0.047283702213279676
0 0.3310734463276836 0.24396378269617705 0.03615819209039548 0.04929577464788732
1 0.7822033898305085 0.24698189134808854 0.03446327683615819 0.04929577464788732
0 0.2598870056497175 0.24849094567404426 0.03502824858757062 0.052313883299798795
0 0.18107344632768363 0.2545271629778672 0.03220338983050847 0.04426559356136821
0 0.017231638418079096 0.2630784708249497 0.03446327683615819 0.047283702213279676
1 0.773728813559322 0.27816901408450706 0.04124293785310734 0.05734406438631791
1 0.7344632768361582 0.301307847082495 0.03728813559322034 0.06740442655935613
1 0.6805084745762712 0.3335010060362173 0.04011299435028248 0.05734406438631791
1 0.6242937853107344 0.3566398390342052 0.04293785310734463 0.06740442655935613
1 0.5231638418079096 0.39889336016096577 0.03615819209039548 0.06740442655935613
1 0.4175141242937853 0.43259557344064387 0.04180790960451977 0.06438631790744467
1 0.16751412429378532 0.4642857142857143 0.05028248587570622 0.0875251509054326