0 0.4361979166666667 0.30185185185185187 0.0203125 0.04814814814814815
0 0.40625 0.30694444444444446 0.022916666666666665 0.04537037037037037
0 0.34869791666666666 0.31666666666666665 0.024479166666666666 0.03148148148148148
0 0.28359375 0.324537037037037 0.024479166666666666 0.03425925925925926
0 0.21328125 0.3300925925925926 0.024479166666666666 0.03611111111111111
0 0.071875 0.3388888888888889 0.03125 0.04814814814814815
1 0.74765625 0.3490740740740741 0.0265625 0.040740740740740744
1 0.70859375 0.3712962962962963 0.04114583333333333 0.05740740740740741
1 0.6544270833333333 0.4041666666666667 0.03697916666666667 0.06388888888888888
1 0.59375 0.4199074074074074 0.03854166666666667 0.0712962962962963
1 0.49557291666666664 0.4564814814814815 0.0453125 0.07592592592592592
1 0.3932291666666667 0.4759259259259259 0.04375 0.07777777777777778
1 0.16614583333333333 0.5037037037037037 0.053125 0.08703703703703704