0 0.4343085106382979 0.29584120982986767 0.02074468085106383 0.04914933837429111
0 0.40372340425531916 0.30103969754253307 0.023404255319148935 0.046313799621928164
0 0.3449468085106383 0.31096408317580343 0.025 0.03213610586011342
0 0.27845744680851064 0.31899810964083175 0.025 0.03497164461247637
0 0.20664893617021277 0.32466918714555765 0.025 0.036862003780718335
0 0.06223404255319149 0.333648393194707 0.031914893617021274 0.04914933837429111
1 0.7523936170212766 0.3440453686200378 0.027127659574468086 0.04158790170132325
1 0.7125 0.3667296786389414 0.04202127659574468 0.05860113421550094
1 0.6571808510638298 0.4002835538752363 0.03776595744680851 0.06521739130434782
1 0.5952127659574468 0.416351606805293 0.039361702127659576 0.07277882797731569
1 0.4949468085106383 0.45368620037807184 0.04627659574468085 0.07750472589792061
1 0.3904255319148936 0.4735349716446125 0.04468085106382979 0.07939508506616257
1 0.15851063829787235 0.501890359168242 0.05425531914893617 0.0888468809073724