0 0.6251366120218579 0.40631067961165046 0.02841530054644809 0.037864077669902914
0 0.6221311475409836 0.3504854368932039 0.026775956284153007 0.04271844660194175
0 0.6163934426229508 0.24320388349514563 0.018579234972677595 0.04563106796116505
0 0.6117486338797814 0.12184466019417475 0.020218579234972677 0.04563106796116505
0 0.6084699453551913 0.006796116504854369 0.021311475409836064 0.013592233009708738
1 0.5972677595628415 0.9810679611650486 0.024043715846994537 0.037864077669902914
1 0.5841530054644809 0.9140776699029126 0.033879781420765025 0.0766990291262136
1 0.5647540983606557 0.8131067961165048 0.03770491803278689 0.06893203883495146
1 0.555464480874317 0.7 0.04207650273224044 0.07184466019417475
1 0.533879781420765 0.5169902912621359 0.04480874316939891 0.08446601941747572
1 0.5224043715846994 0.3262135922330097 0.04590163934426229 0.08155339805825243