1 0.8447802197802198 0.2333984375 0.010439560439560439 0.009765625
1 0.8206043956043956 0.234375 0.008241758241758242 0.0078125
1 0.7972527472527473 0.2353515625 0.00989010989010989 0.01171875
1 0.8686813186813187 0.236328125 0.008791208791208791 0.009765625
0 0.5846153846153846 0.2373046875 0.006593406593406593 0.0078125
0 0.5744505494505494 0.23779296875 0.007142857142857143 0.0107421875
1 0.8961538461538462 0.23779296875 0.008791208791208791 0.0107421875
1 0.9129120879120879 0.2392578125 0.010439560439560439 0.015625
1 0.9348901098901099 0.23974609375 0.010439560439560439 0.0166015625
0 0.5947802197802198 0.240234375 0.006043956043956044 0.0078125
0 0.6071428571428571 0.2412109375 0.007692307692307693 0.009765625
0 0.6774725274725275 0.2421875 0.006593406593406593 0.0078125
0 0.7013736263736263 0.2421875 0.00934065934065934 0.01171875
0 0.731043956043956 0.24267578125 0.011538461538461539 0.0126953125
0 0.6208791208791209 0.2431640625 0.007692307692307693 0.009765625
0 0.6368131868131868 0.244140625 0.008791208791208791 0.01171875
0 0.656043956043956 0.2451171875 0.007692307692307693 0.009765625
0 0.7843406593406593 0.24853515625 0.012637362637362638 0.0146484375
0 0.7510989010989011 0.2490234375 0.012087912087912088 0.01953125
0 0.7717032967032967 0.2509765625 0.011538461538461539 0.01171875
0 0.7027472527472527 0.25830078125 0.01098901098901099 0.0107421875
1 0.9288461538461539 0.259765625 0.012637362637362638 0.013671875
0 0.653021978021978 0.2607421875 0.011538461538461539 0.01171875
1 0.8807692307692307 0.26220703125 0.01098901098901099 0.0185546875
0 0.5373626373626373 0.26953125 0.01098901098901099 0.017578125
0 0.5964285714285714 0.27001953125 0.012637362637362638 0.0166015625
1 0.7736263736263737 0.27001953125 0.014285714285714285 0.0166015625
1 0.8285714285714286 0.27001953125 0.014285714285714285 0.0205078125
0 0.4774725274725275 0.27197265625 0.012087912087912088 0.0146484375
0 0.44642857142857145 0.27294921875 0.010439560439560439 0.0146484375
0 0.4137362637362637 0.2734375 0.01098901098901099 0.015625
1 0.7148351648351648 0.2763671875 0.016483516483516484 0.017578125
0 0.385989010989011 0.2763671875 0.013736263736263736 0.017578125
1 0.6832417582417583 0.28125 0.013736263736263736 0.021484375
0 0.3717032967032967 0.2822265625 0.014835164835164835 0.0234375
1 0.6543956043956044 0.28515625 0.013186813186813187 0.01953125
1 0.6387362637362637 0.28759765625 0.013736263736263736 0.0205078125
1 0.643956043956044 0.294921875 0.015384615384615385 0.01953125
0 0.37884615384615383 0.29833984375 0.013736263736263736 0.0205078125
1 0.6513736263736264 0.30615234375 0.013736263736263736 0.0205078125
0 0.3881868131868132 0.3076171875 0.018131868131868133 0.021484375
1 0.6637362637362637 0.3212890625 0.01978021978021978 0.025390625
0 0.3945054945054945 0.32470703125 0.01868131868131868 0.0244140625
1 0.6733516483516484 0.33984375 0.023626373626373626 0.029296875
0 0.38846153846153847 0.341796875 0.01978021978021978 0.0234375
0 0.3771978021978022 0.3525390625 0.02032967032967033 0.021484375
1 0.6804945054945055 0.35986328125 0.023626373626373626 0.0322265625
0 0.3598901098901099 0.365234375 0.023076923076923078 0.029296875
1 0.6881868131868132 0.37158203125 0.024725274725274724 0.0302734375
0 0.32774725274725275 0.3720703125 0.024725274725274724 0.025390625
0 0.264010989010989 0.384765625 0.026923076923076925 0.03125
0 0.18873626373626373 0.39111328125 0.03021978021978022 0.0341796875
1 0.6956043956043956 0.3916015625 0.02857142857142857 0.03515625
0 0.11071428571428571 0.39794921875 0.03571428571428571 0.0400390625
1 0.6826923076923077 0.40771484375 0.033516483516483515 0.0380859375
1 0.6398351648351648 0.43359375 0.03571428571428571 0.052734375
1 0.5818681318681319 0.45068359375 0.03406593406593406 0.0556640625
1 0.5175824175824176 0.47119140625 0.038461538461538464 0.0576171875
1 0.41016483516483515 0.49609375 0.0456043956043956 0.064453125
1 0.2945054945054945 0.52294921875 0.05274725274725275 0.0673828125
1 0.033516483516483515 0.54931640625 0.05714285714285714 0.0791015625