1 0.3544973544973545 0.003766478342749529 0.006349206349206349 0.007532956685499058
0 0.35555555555555557 0.3634651600753296 0.004232804232804233 0.011299435028248588
0 0.3558201058201058 0.3808851224105461 0.00582010582010582 0.01224105461393597
0 0.35714285714285715 0.346045197740113 0.004232804232804233 0.010357815442561206
0 0.3576719576719577 0.3248587570621469 0.005291005291005291 0.013182674199623353
0 0.3582010582010582 0.20433145009416195 0.004232804232804233 0.011299435028248588
0 0.3582010582010582 0.16337099811676084 0.006349206349206349 0.0160075329566855
0 0.3584656084656085 0.11252354048964218 0.0068783068783068784 0.01977401129943503
0 0.35873015873015873 0.3013182674199623 0.005291005291005291 0.013182674199623353
0 0.3592592592592593 0.2740112994350282 0.006349206349206349 0.015065913370998116
0 0.35978835978835977 0.24105461393596986 0.005291005291005291 0.013182674199623353
0 0.36164021164021165 0.0211864406779661 0.007936507936507936 0.021657250470809793
0 0.3619047619047619 0.07815442561205273 0.010582010582010581 0.02071563088512241
0 0.362962962962963 0.0428436911487759 0.006349206349206349 0.01977401129943503
0 0.36693121693121694 0.16101694915254236 0.00582010582010582 0.018832391713747645
0 0.3682539682539683 0.24623352165725046 0.006349206349206349 0.01977401129943503
0 0.373015873015873 0.4444444444444444 0.009523809523809525 0.018832391713747645
0 0.37328042328042327 0.3432203389830508 0.008994708994708995 0.021657250470809793
1 0.37328042328042327 0.03954802259887006 0.008994708994708995 0.02448210922787194
0 0.37433862433862436 0.5470809792843692 0.007936507936507936 0.02071563088512241
0 0.37486772486772485 0.6002824858757062 0.007936507936507936 0.017890772128060263
0 0.37513227513227515 0.6563088512241054 0.008465608465608466 0.018832391713747645
1 0.37671957671957673 0.14030131826741996 0.009523809523809525 0.02824858757062147
0 0.37671957671957673 0.7038606403013182 0.009523809523809525 0.023540489642184557
1 0.37936507936507935 0.19444444444444445 0.01164021164021164 0.023540489642184557
0 0.3798941798941799 0.7283427495291902 0.012698412698412698 0.025423728813559324
1 0.3814814814814815 0.243879472693032 0.010582010582010581 0.022598870056497175
1 0.3828042328042328 0.2707156308851224 0.011111111111111112 0.023540489642184557
1 0.38677248677248677 0.2617702448210923 0.010582010582010581 0.026365348399246705
0 0.38862433862433865 0.7161016949152542 0.011111111111111112 0.023540489642184557
1 0.39285714285714285 0.2490583804143126 0.011111111111111112 0.023540489642184557
0 0.39365079365079364 0.7000941619585688 0.01164021164021164 0.031073446327683617
1 0.40105820105820106 0.2278719397363465 0.013756613756613757 0.03389830508474576
0 0.4029100529100529 0.6892655367231638 0.013227513227513227 0.032015065913371
1 0.4111111111111111 0.21139359698681734 0.015873015873015872 0.04048964218455744
0 0.4121693121693122 0.699623352165725 0.012698412698412698 0.03389830508474576
0 0.41798941798941797 0.7189265536723164 0.01164021164021164 0.03483992467043315
1 0.421957671957672 0.19915254237288135 0.01746031746031746 0.04048964218455744
0 0.4248677248677249 0.748587570621469 0.015873015873015872 0.03954802259887006
1 0.4283068783068783 0.185969868173258 0.0164021164021164 0.0423728813559322
0 0.42857142857142855 0.8036723163841808 0.013756613756613757 0.0423728813559322
0 0.4354497354497355 0.9129001883239172 0.016931216931216932 0.046139359698681735
1 0.43915343915343913 0.17325800376647835 0.01904761904761905 0.04896421845574388
1 0.4478835978835979 0.19538606403013184 0.020634920634920634 0.05743879472693032
1 0.46190476190476193 0.2688323917137476 0.02857142857142857 0.06120527306967985
1 0.4711640211640212 0.3681732580037665 0.03015873015873016 0.0583804143126177
1 0.4822751322751323 0.4783427495291902 0.031216931216931216 0.06591337099811675
1 0.49576719576719575 0.6624293785310734 0.03492063492063492 0.07815442561205273
1 0.5103174603174603 0.8606403013182674 0.03650793650793651 0.0903954802259887