0 0.17135416666666667 0.3439814814814815 0.021875 0.03611111111111111
0 0.153125 0.3527777777777778 0.027083333333333334 0.02962962962962963
1 0.43463541666666666 0.3763888888888889 0.022395833333333334 0.04537037037037037
0 0.13125 0.37824074074074077 0.027083333333333334 0.03425925925925926
0 0.10494791666666667 0.39166666666666666 0.024479166666666666 0.02962962962962963
0 0.057291666666666664 0.42083333333333334 0.028125 0.04537037037037037
1 0.4114583333333333 0.44074074074074077 0.022916666666666665 0.04814814814814815
1 0.40182291666666664 0.46805555555555556 0.0296875 0.05277777777777778
1 0.3653645833333333 0.5041666666666667 0.0296875 0.06388888888888888
1 0.3046875 0.538425925925926 0.03854166666666667 0.05462962962962963
1 0.22395833333333334 0.5689814814814815 0.03854166666666667 0.06388888888888888
1 0.13567708333333334 0.6018518518518519 0.04114583333333333 0.07037037037037037
1 0.01328125 0.6504629629629629 0.0265625 0.08425925925925926