0 0.598663101604278 0.2804182509505703 0.014438502673796792 0.02091254752851711
0 0.598663101604278 0.3203422053231939 0.014438502673796792 0.030418250950570342
0 0.5975935828877005 0.3688212927756654 0.011229946524064172 0.022813688212927757
0 0.5967914438502674 0.4230038022813688 0.012834224598930482 0.02091254752851711
0 0.5946524064171123 0.47290874524714827 0.011764705882352941 0.025665399239543727
0 0.5927807486631016 0.23431558935361216 0.015508021390374332 0.027566539923954372
0 0.5906417112299466 0.6763307984790875 0.014438502673796792 0.027566539923954372
0 0.5901069518716577 0.7908745247148289 0.015508021390374332 0.024714828897338403
0 0.5887700534759358 0.9025665399239544 0.014973262032085561 0.02376425855513308
0 0.5844919786096257 0.1829847908745247 0.012834224598930482 0.03517110266159696
0 0.5772727272727273 0.1211977186311787 0.014438502673796792 0.025665399239543727
1 0.5713903743315508 0.6069391634980988 0.01871657754010695 0.027566539923954372
1 0.5713903743315508 0.6763307984790875 0.016577540106951873 0.029467680608365018
1 0.5697860962566845 0.5570342205323194 0.015508021390374332 0.03231939163498099
1 0.5697860962566845 0.7452471482889734 0.016577540106951873 0.034220532319391636
1 0.5671122994652407 0.8830798479087453 0.01871657754010695 0.030418250950570342
0 0.5663101604278075 0.051330798479087454 0.017112299465240642 0.03231939163498099
1 0.5660427807486631 0.5190114068441065 0.015508021390374332 0.022813688212927757
0 0.5620320855614973 0.00903041825095057 0.01818181818181818 0.01806083650190114
1 0.5553475935828877 0.4505703422053232 0.015508021390374332 0.03231939163498099
1 0.5435828877005348 0.35693916349809884 0.019786096256684493 0.03517110266159696
1 0.5283422459893048 0.23574144486692014 0.023529411764705882 0.039923954372623575
1 0.5128342245989305 0.09077946768060836 0.022459893048128343 0.04467680608365019
1 0.5056149732620321 0.009980988593155894 0.026203208556149733 0.019961977186311788