0 0.5905671296296297 0.3662551440329218 0.015625 0.02263374485596708
0 0.5905671296296297 0.4094650205761317 0.015625 0.03292181069958848
0 0.5894097222222222 0.4619341563786008 0.012152777777777778 0.024691358024691357
0 0.5885416666666666 0.5205761316872428 0.013888888888888888 0.02263374485596708
0 0.5862268518518519 0.5745884773662552 0.01273148148148148 0.027777777777777776
0 0.5842013888888888 0.31635802469135804 0.01678240740740741 0.029835390946502057
0 0.5818865740740741 0.7947530864197531 0.015625 0.029835390946502057
0 0.5813078703703703 0.918724279835391 0.01678240740740741 0.026748971193415638
0 0.5752314814814815 0.26080246913580246 0.013888888888888888 0.03806584362139918
0 0.5674189814814815 0.19393004115226337 0.015625 0.027777777777777776
1 0.5610532407407407 0.7196502057613169 0.02025462962962963 0.029835390946502057
1 0.5610532407407407 0.7947530864197531 0.017939814814814815 0.03189300411522634
1 0.5593171296296297 0.6656378600823045 0.01678240740740741 0.03497942386831276
1 0.5593171296296297 0.8693415637860082 0.017939814814814815 0.037037037037037035
0 0.5555555555555556 0.1183127572016461 0.018518518518518517 0.03497942386831276
1 0.5552662037037037 0.6244855967078189 0.01678240740740741 0.024691358024691357
0 0.5509259259259259 0.06584362139917696 0.019675925925925927 0.03292181069958848
0 0.5451388888888888 0.00874485596707819 0.019675925925925927 0.01748971193415638
1 0.5436921296296297 0.5504115226337448 0.01678240740740741 0.03497942386831276
1 0.5309606481481481 0.44907407407407407 0.02141203703703704 0.03806584362139918
1 0.5144675925925926 0.31790123456790126 0.02546296296296296 0.043209876543209874
1 0.4976851851851852 0.1610082304526749 0.024305555555555556 0.04835390946502058
1 0.4898726851851852 0.05915637860082305 0.028356481481481483 0.050411522633744855