0 0.8939135381114903 0.4271255060728745 0.01763367463026166 0.03441295546558704
0 0.9274744027303754 0.4271255060728745 0.02218430034129693 0.03441295546558704
0 0.7255403868031854 0.4438259109311741 0.016496018202502846 0.027327935222672066
0 0.7937997724687145 0.4438259109311741 0.016496018202502846 0.027327935222672066
0 0.48208191126279865 0.4524291497975709 0.015358361774744027 0.024291497975708502
0 0.4536405005688282 0.45445344129554655 0.02104664391353811 0.024291497975708502
0 0.4271899886234357 0.4590080971659919 0.013651877133105802 0.03744939271255061
1 0.9391353811149032 0.4741902834008097 0.019340159271899887 0.03744939271255061
0 0.3981797497155859 0.47520242914979755 0.01820250284414107 0.029352226720647773
1 0.7676336746302617 0.4777327935222672 0.02104664391353811 0.03441295546558704
1 0.6885665529010239 0.48228744939271256 0.02218430034129693 0.029352226720647773
1 0.6476109215017065 0.48431174089068824 0.016496018202502846 0.027327935222672066
0 0.36689419795221845 0.49139676113360325 0.01820250284414107 0.03744939271255061
1 0.573947667804323 0.4939271255060729 0.013651877133105802 0.032388663967611336
0 0.33276450511945393 0.5055668016194332 0.01820250284414107 0.029352226720647773
1 0.550910125142207 0.5091093117408907 0.016496018202502846 0.032388663967611336
0 0.28782707622298065 0.5247975708502024 0.019340159271899887 0.027327935222672066
1 0.5062571103526735 0.5293522267206477 0.01820250284414107 0.032388663967611336
0 0.2571103526734926 0.5369433198380567 0.01820250284414107 0.027327935222672066
1 0.4448236632536974 0.5526315789473685 0.023890784982935155 0.04251012145748988
0 0.1825938566552901 0.5668016194331984 0.017064846416382253 0.02631578947368421
0 0.1407849829351536 0.5779352226720648 0.02104664391353811 0.032388663967611336
1 0.37457337883959047 0.5865384615384616 0.02218430034129693 0.039473684210526314
0 0.08816837315130831 0.5910931174089069 0.01820250284414107 0.03441295546558704
0 0.002844141069397042 0.5951417004048583 0.005688282138794084 0.04251012145748988
0 0.03896473265073948 0.5961538461538461 0.02218430034129693 0.03441295546558704
1 0.28640500568828214 0.6204453441295547 0.02218430034129693 0.0465587044534413
1 0.23179749715585893 0.6417004048582996 0.026734926052332197 0.044534412955465584
1 0.1766211604095563 0.6644736842105263 0.025597269624573378 0.039473684210526314
1 0.10637087599544938 0.6887651821862348 0.03526734926052332 0.05161943319838057
1 0.02161547212741752 0.7034412955465587 0.03185437997724687 0.05668016194331984