1 0.98984375 0.4287037037037037 0.0203125 0.03888888888888889
0 0.8481770833333333 0.4462962962962963 0.016145833333333335 0.03148148148148148
0 0.87890625 0.4462962962962963 0.0203125 0.03148148148148148
0 0.6940104166666666 0.4615740740740741 0.015104166666666667 0.025
0 0.7565104166666666 0.4615740740740741 0.015104166666666667 0.025
0 0.47109375 0.46944444444444444 0.0140625 0.022222222222222223
0 0.44505208333333335 0.47129629629629627 0.019270833333333334 0.022222222222222223
0 0.42083333333333334 0.475462962962963 0.0125 0.03425925925925926
1 0.96953125 0.48194444444444445 0.0265625 0.03796296296296296
1 0.8895833333333333 0.48935185185185187 0.017708333333333333 0.03425925925925926
0 0.39427083333333335 0.49027777777777776 0.016666666666666666 0.026851851851851852
1 0.7325520833333333 0.4925925925925926 0.019270833333333334 0.03148148148148148
1 0.66015625 0.49675925925925923 0.0203125 0.026851851851851852
1 0.62265625 0.4986111111111111 0.015104166666666667 0.025
0 0.365625 0.5050925925925925 0.016666666666666666 0.03425925925925926
1 0.5552083333333333 0.5074074074074074 0.0125 0.02962962962962963
0 0.334375 0.5180555555555556 0.016666666666666666 0.026851851851851852
1 0.5341145833333333 0.5212962962962963 0.015104166666666667 0.02962962962962963
0 0.29322916666666665 0.5356481481481481 0.017708333333333333 0.025
1 0.49322916666666666 0.5398148148148149 0.016666666666666666 0.02962962962962963
0 0.26510416666666664 0.5467592592592593 0.016666666666666666 0.025
1 0.43697916666666664 0.5611111111111111 0.021875 0.03888888888888889
0 0.196875 0.5740740740740741 0.015625 0.024074074074074074
0 0.15859375 0.5842592592592593 0.019270833333333334 0.02962962962962963
1 0.37265625 0.5921296296296297 0.0203125 0.03611111111111111
0 0.11041666666666666 0.5962962962962963 0.016666666666666666 0.03148148148148148
0 0.0234375 0.6 0.022916666666666665 0.03888888888888889
0 0.06536458333333334 0.600925925925926 0.0203125 0.03148148148148148
1 0.29192708333333334 0.6231481481481481 0.0203125 0.04259259259259259
1 0.24192708333333332 0.6425925925925926 0.024479166666666666 0.040740740740740744
1 0.19140625 0.663425925925926 0.0234375 0.03611111111111111
1 0.12708333333333333 0.6856481481481481 0.03229166666666667 0.04722222222222222
1 0.049479166666666664 0.6990740740740741 0.029166666666666667 0.05185185185185185