0 0.5213157894736842 0.8497191011235955 0.014210526315789474 0.027153558052434457
0 0.5213157894736842 0.9620786516853933 0.014210526315789474 0.027153558052434457
0 0.5168421052631579 0.44897003745318353 0.01263157894736842 0.025280898876404494
0 0.5157894736842106 0.40215355805243447 0.01263157894736842 0.03464419475655431
0 0.513421052631579 0.3586142322097378 0.019473684210526317 0.02247191011235955
0 0.505 0.31086142322097376 0.015263157894736841 0.0299625468164794
1 0.5036842105263157 0.9190074906367042 0.017894736842105262 0.03464419475655431
1 0.5013157894736842 0.7888576779026217 0.015263157894736841 0.03651685393258427
1 0.5002631578947369 0.721441947565543 0.014210526315789474 0.027153558052434457
0 0.49657894736842106 0.25936329588014984 0.019473684210526317 0.0299625468164794
1 0.49526315789473685 0.600187265917603 0.016842105263157894 0.02247191011235955
0 0.4892105263157895 0.20318352059925093 0.015263157894736841 0.0299625468164794
1 0.48736842105263156 0.5622659176029963 0.016842105263157894 0.027153558052434457
0 0.4792105263157895 0.12921348314606743 0.014210526315789474 0.031835205992509365
1 0.4768421052631579 0.4887640449438202 0.016842105263157894 0.0299625468164794
0 0.47289473684210526 0.07865168539325842 0.014210526315789474 0.0299625468164794
1 0.46473684210526317 0.38764044943820225 0.022105263157894735 0.03932584269662921
1 0.44710526315789473 0.2720037453183521 0.020526315789473684 0.03651685393258427
1 0.42947368421052634 0.12687265917602997 0.024210526315789474 0.03651685393258427
1 0.41842105263157897 0.03698501872659176 0.023157894736842106 0.04400749063670412