1 0.36214689265536726 0.10513078470824949 0.012429378531073447 0.019114688128772636
1 0.3632768361581921 0.079476861167002 0.00903954802259887 0.018108651911468814
1 0.36638418079096047 0.057847082494969816 0.0096045197740113 0.01710261569416499
1 0.3675141242937853 0.029678068410462777 0.014124293785310734 0.02112676056338028
1 0.3700564971751412 0.0030181086519114686 0.015819209039548022 0.006036217303822937
0 0.376271186440678 0.23893360160965796 0.014689265536723164 0.02112676056338028
0 0.37796610169491524 0.20774647887323944 0.011299435028248588 0.023138832997987926
0 0.3788135593220339 0.1675050301810865 0.011864406779661017 0.025150905432595575
0 0.3799435028248588 0.13732394366197184 0.010734463276836158 0.02112676056338028
0 0.3889830508474576 0.1096579476861167 0.014124293785310734 0.02414486921529175
0 0.38954802259887006 0.2107645875251509 0.010734463276836158 0.019114688128772636
0 0.3903954802259887 0.15694164989939638 0.015819209039548022 0.026156941649899398
0 0.3963276836158192 0.32645875251509054 0.01638418079096045 0.029175050301810865
0 0.39717514124293785 0.545774647887324 0.014689265536723164 0.029175050301810865
0 0.39887005649717516 0.8661971830985915 0.012429378531073447 0.026156941649899398
0 0.39943502824858756 0.6514084507042254 0.013559322033898305 0.029175050301810865
0 0.4019774011299435 0.920020120724346 0.01864406779661017 0.019114688128772636
0 0.40480225988700563 0.966297786720322 0.01638418079096045 0.02716297786720322
1 0.40847457627118644 0.09909456740442656 0.01807909604519774 0.03118712273641851
1 0.41271186440677965 0.2409456740442656 0.020903954802259886 0.029175050301810865
1 0.4129943502824859 0.3737424547283702 0.01807909604519774 0.03118712273641851
1 0.4186440677966102 0.5759557344064387 0.01807909604519774 0.029175050301810865
1 0.4186440677966102 0.5100603621730382 0.01807909604519774 0.02414486921529175
1 0.4231638418079096 0.6483903420523138 0.0192090395480226 0.03118712273641851
1 0.42627118644067796 0.7022132796780685 0.01638418079096045 0.03822937625754527
1 0.43135593220338986 0.743963782696177 0.020903954802259886 0.029175050301810865
1 0.44689265536723166 0.8420523138832998 0.023728813559322035 0.03420523138832998
1 0.46214689265536724 0.9582494969818913 0.023728813559322035 0.039235412474849095