1 0.67734375 0.287962962962963 0.009895833333333333 0.020370370370370372
1 0.690625 0.2898148148148148 0.009375 0.014814814814814815
1 0.7018229166666666 0.2949074074074074 0.008854166666666666 0.01574074074074074
1 0.71640625 0.2967592592592593 0.0109375 0.023148148148148147
1 0.73359375 0.30092592592592593 0.009895833333333333 0.025925925925925925
1 0.7541666666666667 0.30277777777777776 0.010416666666666666 0.024074074074074074
1 0.7953125 0.30462962962962964 0.013541666666666667 0.022222222222222223
1 0.7752604166666667 0.3060185185185185 0.011979166666666667 0.026851851851851852
1 0.8151041666666666 0.30694444444444446 0.013541666666666667 0.017592592592592594
0 0.6080729166666666 0.3111111111111111 0.0109375 0.024074074074074074
1 0.8361979166666667 0.31342592592592594 0.015104166666666667 0.025
0 0.62421875 0.3138888888888889 0.011979166666666667 0.018518518518518517
0 0.6450520833333333 0.31527777777777777 0.013020833333333334 0.019444444444444445
0 0.6606770833333333 0.31712962962962965 0.0109375 0.017592592592592594
0 0.675 0.33194444444444443 0.0125 0.023148148148148147
0 0.62265625 0.33287037037037037 0.009895833333333333 0.017592592592592594
0 0.6505208333333333 0.33425925925925926 0.013541666666666667 0.025925925925925925
1 0.8609375 0.33425925925925926 0.01875 0.02962962962962963
1 0.8497395833333333 0.3421296296296296 0.015104166666666667 0.026851851851851852
0 0.5627604166666667 0.3439814814814815 0.015104166666666667 0.026851851851851852
1 0.83359375 0.3439814814814815 0.015104166666666667 0.026851851851851852
0 0.44921875 0.3453703703703704 0.015104166666666667 0.024074074074074074
1 0.8078125 0.34675925925925927 0.013541666666666667 0.026851851851851852
0 0.2833333333333333 0.34814814814814815 0.013541666666666667 0.020370370370370372
0 0.39453125 0.3490740740740741 0.015104166666666667 0.022222222222222223
1 0.7828125 0.3509259259259259 0.0125 0.03148148148148148
0 0.25546875 0.35324074074074074 0.009895833333333333 0.030555555555555555
0 0.23151041666666666 0.3578703703703704 0.0140625 0.026851851851851852
1 0.7453125 0.3592592592592593 0.01875 0.02962962962962963
1 0.68046875 0.3638888888888889 0.016145833333333335 0.02962962962962963
1 0.60703125 0.37083333333333335 0.015104166666666667 0.03425925925925926
1 0.53828125 0.3712962962962963 0.016145833333333335 0.02962962962962963
0 0.20026041666666666 0.37175925925925923 0.0140625 0.026851851851851852
1 0.43359375 0.38055555555555554 0.015104166666666667 0.02962962962962963
1 0.46770833333333334 0.38055555555555554 0.0125 0.02962962962962963
0 0.16875 0.387037037037037 0.016666666666666666 0.02962962962962963
1 0.39609375 0.38796296296296295 0.016145833333333335 0.03148148148148148
1 0.36822916666666666 0.39305555555555555 0.019791666666666666 0.026851851851851852
1 0.34661458333333334 0.4013888888888889 0.015104166666666667 0.03425925925925926
0 0.12526041666666668 0.4064814814814815 0.015104166666666667 0.022222222222222223
0 0.07916666666666666 0.4263888888888889 0.016666666666666666 0.03425925925925926
1 0.29583333333333334 0.42685185185185187 0.017708333333333333 0.03888888888888889
0 0.04791666666666667 0.43796296296296294 0.016666666666666666 0.03888888888888889
1 0.23567708333333334 0.45185185185185184 0.0203125 0.03888888888888889
0 0.009375 0.4527777777777778 0.01875 0.037037037037037035
1 0.16015625 0.47824074074074074 0.025520833333333333 0.03611111111111111
1 0.06458333333333334 0.5143518518518518 0.03229166666666667 0.03425925925925926
1 0.008072916666666667 0.5458333333333333 0.016145833333333335 0.05462962962962963