1 0.685054347826087 0.29980657640232106 0.010326086956521738 0.02127659574468085
1 0.6989130434782609 0.30174081237911027 0.009782608695652175 0.015473887814313346
1 0.7105978260869565 0.30705996131528046 0.00923913043478261 0.01644100580270793
1 0.7258152173913044 0.3089941972920696 0.01141304347826087 0.024177949709864602
1 0.74375 0.31334622823984526 0.010326086956521738 0.027079303675048357
1 0.7652173913043478 0.3152804642166344 0.010869565217391304 0.025145067698259187
1 0.8081521739130435 0.31721470019342357 0.014130434782608696 0.02321083172147002
1 0.7872282608695652 0.31866537717601545 0.0125 0.02804642166344294
1 0.8288043478260869 0.31963249516441006 0.014130434782608696 0.0183752417794971
0 0.6127717391304348 0.3239845261121857 0.01141304347826087 0.025145067698259187
1 0.8508152173913044 0.32640232108317213 0.01576086956521739 0.02611218568665377
0 0.6296195652173913 0.32688588007736946 0.0125 0.019342359767891684
0 0.6513586956521739 0.32833655705996134 0.01358695652173913 0.020309477756286266
0 0.6676630434782609 0.3302707930367505 0.01141304347826087 0.0183752417794971
0 0.6826086956521739 0.34574468085106386 0.013043478260869565 0.024177949709864602
0 0.6279891304347827 0.3467117988394584 0.010326086956521738 0.0183752417794971
0 0.6570652173913043 0.3481624758220503 0.014130434782608696 0.027079303675048357
1 0.8766304347826087 0.3481624758220503 0.01956521739130435 0.030947775628626693
1 0.8649456521739131 0.35638297872340424 0.01576086956521739 0.02804642166344294
0 0.5654891304347827 0.3583172147001934 0.01576086956521739 0.02804642166344294
1 0.8480978260869565 0.3583172147001934 0.01576086956521739 0.02804642166344294
0 0.4470108695652174 0.3597678916827853 0.01576086956521739 0.025145067698259187
1 0.821195652173913 0.36121856866537716 0.014130434782608696 0.02804642166344294
0 0.27391304347826084 0.36266924564796904 0.014130434782608696 0.02127659574468085
0 0.389945652173913 0.36363636363636365 0.01576086956521739 0.02321083172147002
1 0.7951086956521739 0.3655705996131528 0.013043478260869565 0.03288201160541586
0 0.24483695652173912 0.3679883945841393 0.010326086956521738 0.031914893617021274
0 0.21983695652173912 0.3728239845261122 0.014673913043478261 0.02804642166344294
1 0.7559782608695652 0.3742746615087041 0.01956521739130435 0.030947775628626693
1 0.6883152173913043 0.379110251450677 0.01684782608695652 0.030947775628626693
1 0.6116847826086956 0.38636363636363635 0.01576086956521739 0.035783365570599614
1 0.539945652173913 0.38684719535783363 0.01684782608695652 0.030947775628626693
0 0.1872282608695652 0.38733075435203096 0.014673913043478261 0.02804642166344294
1 0.43070652173913043 0.3965183752417795 0.01576086956521739 0.030947775628626693
1 0.46630434782608693 0.3965183752417795 0.013043478260869565 0.030947775628626693
0 0.15434782608695652 0.4032882011605416 0.017391304347826087 0.030947775628626693
1 0.39157608695652174 0.40425531914893614 0.01684782608695652 0.03288201160541586
1 0.3625 0.4095744680851064 0.020652173913043477 0.02804642166344294
1 0.33994565217391304 0.4182785299806576 0.01576086956521739 0.035783365570599614
0 0.10896739130434782 0.42359767891682787 0.01576086956521739 0.02321083172147002
0 0.06086956521739131 0.4443907156673114 0.017391304347826087 0.035783365570599614
1 0.28695652173913044 0.4448742746615087 0.01847826086956522 0.04061895551257253
0 0.02826086956521739 0.4564796905222437 0.017391304347826087 0.04061895551257253
1 0.22418478260869565 0.4709864603481625 0.021195652173913043 0.04061895551257253
1 0.1453804347826087 0.4985493230174081 0.026630434782608695 0.037717601547388784
1 0.04565217391304348 0.5362669245647969 0.03369565217391304 0.035783365570599614