0 0.6203703703703703 0.8410493827160493 0.009259259259259259 0.021604938271604937
0 0.6203703703703703 0.8744855967078189 0.009259259259259259 0.02263374485596708
0 0.6197916666666666 0.2345679012345679 0.009259259259259259 0.026748971193415638
0 0.6183449074074074 0.7998971193415638 0.01099537037037037 0.029835390946502057
0 0.6160300925925926 0.7587448559670782 0.01099537037037037 0.021604938271604937
0 0.6140046296296297 0.6728395061728395 0.008101851851851851 0.01646090534979424
0 0.6140046296296297 0.7145061728395061 0.009259259259259259 0.021604938271604937
0 0.6125578703703703 0.6363168724279835 0.007523148148148148 0.021604938271604937
0 0.6114004629629629 0.2690329218106996 0.007523148148148148 0.027777777777777776
0 0.6099537037037037 0.6049382716049383 0.009259259259259259 0.0205761316872428
0 0.6059027777777778 0.5802469135802469 0.008101851851851851 0.0205761316872428
0 0.6024305555555556 0.3204732510288066 0.009259259259259259 0.0257201646090535
0 0.6006944444444444 0.5432098765432098 0.008101851851851851 0.0205761316872428
0 0.5992476851851852 0.3559670781893004 0.009837962962962963 0.026748971193415638
0 0.5978009259259259 0.5108024691358025 0.009259259259259259 0.0257201646090535
0 0.5949074074074074 0.4017489711934156 0.008101851851851851 0.023662551440329218
1 0.5946180555555556 0.970679012345679 0.01099537037037037 0.0257201646090535
0 0.5943287037037037 0.47016460905349794 0.008101851851851851 0.024691358024691357
1 0.5911458333333334 0.9274691358024691 0.01099537037037037 0.023662551440329218
1 0.5876736111111112 0.8945473251028807 0.01099537037037037 0.01748971193415638
1 0.5836226851851852 0.8688271604938271 0.009837962962962963 0.01954732510288066
1 0.5772569444444444 0.8461934156378601 0.012152777777777778 0.021604938271604937
1 0.5734953703703703 0.8179012345679012 0.011574074074074073 0.03292181069958848
1 0.5703125 0.01800411522633745 0.013310185185185185 0.0360082304526749
1 0.5682870370370371 0.7808641975308642 0.01273148148148148 0.02880658436213992
1 0.5659722222222222 0.06635802469135803 0.01273148148148148 0.03806584362139918
1 0.5633680555555556 0.7304526748971193 0.013310185185185185 0.03909465020576132
1 0.5590277777777778 0.14146090534979425 0.015046296296296295 0.040123456790123455
1 0.5564236111111112 0.21965020576131689 0.013310185185185185 0.044238683127572016
1 0.5561342592592593 0.6671810699588477 0.010416666666666666 0.04218106995884774
1 0.5552662037037037 0.5931069958847737 0.012152777777777778 0.040123456790123455
1 0.5520833333333334 0.31275720164609055 0.013888888888888888 0.047325102880658436
1 0.5512152777777778 0.40997942386831276 0.014467592592592593 0.056584362139917695
1 0.5512152777777778 0.5046296296296297 0.013310185185185185 0.040123456790123455