0 0.42108108108108105 0.23990384615384616 0.008648648648648649 0.020192307692307693
0 0.42108108108108105 0.20865384615384616 0.008648648648648649 0.021153846153846155
0 0.42162162162162165 0.8067307692307693 0.008648648648648649 0.025
0 0.422972972972973 0.2783653846153846 0.01027027027027027 0.027884615384615386
0 0.4251351351351351 0.31682692307692306 0.01027027027027027 0.020192307692307693
0 0.42702702702702705 0.3971153846153846 0.0075675675675675675 0.015384615384615385
0 0.42702702702702705 0.3581730769230769 0.008648648648648649 0.020192307692307693
0 0.4283783783783784 0.43125 0.007027027027027027 0.020192307692307693
0 0.42945945945945946 0.7745192307692308 0.007027027027027027 0.025961538461538463
0 0.4308108108108108 0.46057692307692305 0.008648648648648649 0.019230769230769232
0 0.4345945945945946 0.48365384615384616 0.0075675675675675675 0.019230769230769232
0 0.43783783783783786 0.7264423076923077 0.008648648648648649 0.02403846153846154
0 0.43945945945945947 0.5182692307692308 0.0075675675675675675 0.019230769230769232
1 0.44054054054054054 0.03942307692307692 0.011891891891891892 0.03076923076923077
0 0.4408108108108108 0.6932692307692307 0.009189189189189189 0.025
0 0.44216216216216214 0.5485576923076924 0.008648648648648649 0.02403846153846154
0 0.4448648648648649 0.6504807692307693 0.0075675675675675675 0.022115384615384617
1 0.44513513513513514 0.11875 0.01027027027027027 0.02403846153846154
0 0.4454054054054054 0.5865384615384616 0.0075675675675675675 0.023076923076923078
1 0.4483783783783784 0.15913461538461537 0.01027027027027027 0.022115384615384617
1 0.4516216216216216 0.18990384615384615 0.01027027027027027 0.016346153846153847
1 0.4554054054054054 0.21394230769230768 0.009189189189189189 0.01826923076923077
1 0.46135135135135136 0.23509615384615384 0.011351351351351352 0.020192307692307693
1 0.4648648648648649 0.26153846153846155 0.010810810810810811 0.03076923076923077
1 0.46783783783783783 0.9961538461538462 0.012432432432432432 0.007692307692307693
1 0.4697297297297297 0.29615384615384616 0.011891891891891892 0.026923076923076925
1 0.4718918918918919 0.9639423076923077 0.011891891891891892 0.035576923076923075
1 0.4743243243243243 0.34326923076923077 0.012432432432432432 0.03653846153846154
1 0.4783783783783784 0.89375 0.014054054054054054 0.0375
1 0.4808108108108108 0.8206730769230769 0.012432432432432432 0.041346153846153845
1 0.4810810810810811 0.40240384615384617 0.00972972972972973 0.03942307692307692
1 0.4818918918918919 0.4716346153846154 0.011351351351351352 0.0375
1 0.48486486486486485 0.7336538461538461 0.012972972972972972 0.04423076923076923
1 0.48567567567567566 0.6427884615384616 0.013513513513513514 0.052884615384615384
1 0.48567567567567566 0.5543269230769231 0.012432432432432432 0.0375