0 0.6309895833333333 0.35555555555555557 0.0109375 0.014814814814814815
0 0.6479166666666667 0.35555555555555557 0.011458333333333333 0.014814814814814815
0 0.32395833333333335 0.35648148148148145 0.013541666666666667 0.014814814814814815
0 0.61015625 0.3587962962962963 0.015104166666666667 0.017592592592592594
0 0.5893229166666667 0.3625 0.0109375 0.017592592592592594
0 0.5458333333333333 0.36574074074074076 0.008333333333333333 0.012962962962962963
0 0.5669270833333333 0.36574074074074076 0.0109375 0.014814814814814815
0 0.52734375 0.3680555555555556 0.0109375 0.012037037037037037
0 0.34140625 0.3699074074074074 0.0140625 0.012037037037037037
0 0.5114583333333333 0.37222222222222223 0.010416666666666666 0.014814814814814815
0 0.49895833333333334 0.3787037037037037 0.010416666666666666 0.012962962962962963
0 0.36744791666666665 0.38425925925925924 0.013020833333333334 0.014814814814814815
1 0.78203125 0.387037037037037 0.015104166666666667 0.022222222222222223
0 0.48020833333333335 0.387037037037037 0.010416666666666666 0.012962962962962963
1 0.7395833333333334 0.3888888888888889 0.016666666666666666 0.020370370370370372
0 0.3854166666666667 0.38935185185185184 0.013541666666666667 0.01574074074074074
0 0.46380208333333334 0.39166666666666666 0.013020833333333334 0.014814814814814815
0 0.40859375 0.3962962962962963 0.011979166666666667 0.012962962962962963
1 0.6966145833333334 0.39675925925925926 0.013020833333333334 0.017592592592592594
0 0.4432291666666667 0.3972222222222222 0.0125 0.012962962962962963
1 0.6747395833333333 0.4023148148148148 0.011979166666666667 0.017592592592592594
1 0.6580729166666667 0.4078703703703704 0.008854166666666666 0.017592592592592594
1 0.6450520833333333 0.41435185185185186 0.009895833333333333 0.01574074074074074
1 0.63359375 0.42453703703703705 0.0109375 0.019444444444444445
1 0.6192708333333333 0.4305555555555556 0.016666666666666666 0.018518518518518517
1 0.21304166666666668 0.4355277777777778 0.020833333333333332 0.021296296296296296
1 0.6005208333333333 0.4388888888888889 0.014583333333333334 0.020370370370370372
1 0.23880208333333333 0.4425925925925926 0.019270833333333334 0.020370370370370372
1 0.575 0.44675925925925924 0.019791666666666666 0.021296296296296296
1 0.27682291666666664 0.4537037037037037 0.0203125 0.024074074074074074
1 0.31640625 0.45787037037037037 0.022395833333333334 0.021296296296296296
1 0.54296875 0.4583333333333333 0.021354166666666667 0.016666666666666666
1 0.50546875 0.4597222222222222 0.0203125 0.019444444444444445
1 0.36354166666666665 0.4648148148148148 0.023958333333333335 0.022222222222222223
1 0.4127604166666667 0.46620370370370373 0.028645833333333332 0.023148148148148147
1 0.46067708333333335 0.46620370370370373 0.0203125 0.021296296296296296