0 0.5620967741935484 0.2872848948374761 0.015591397849462365 0.02581261950286807
0 0.5330645161290323 0.29732313575525815 0.014516129032258065 0.022944550669216062
0 0.5043010752688172 0.3011472275334608 0.012903225806451613 0.030592734225621414
0 0.4747311827956989 0.3025812619502868 0.012903225806451613 0.027724665391969407
0 0.443010752688172 0.30975143403441685 0.011827956989247311 0.022944550669216062
0 0.23655913978494625 0.31166347992351817 0.013978494623655914 0.032504780114722756
0 0.4163978494623656 0.3140535372848948 0.014516129032258065 0.027724665391969407
0 0.3881720430107527 0.32122370936902483 0.011827956989247311 0.022944550669216062
1 0.6169354838709677 0.3231357552581262 0.02204301075268817 0.030592734225621414
0 0.36155913978494625 0.3312619502868069 0.015591397849462365 0.027724665391969407
1 0.5489247311827957 0.3403441682600382 0.015053763440860216 0.032504780114722756
0 0.32876344086021503 0.3427342256214149 0.014516129032258065 0.027724665391969407
1 0.5150537634408602 0.34321223709369025 0.01827956989247312 0.022944550669216062
0 0.3008064516129032 0.35038240917782026 0.014516129032258065 0.027724665391969407
1 0.054838709677419356 0.35181644359464626 0.02258064516129032 0.040152963671128104
0 0.22258064516129034 0.3546845124282983 0.017204301075268817 0.04206500956022945
1 0.4827956989247312 0.3546845124282983 0.012903225806451613 0.032504780114722756
0 0.2682795698924731 0.3565965583173996 0.017204301075268817 0.021032504780114723
0 0.23225806451612904 0.36233269598470363 0.017204301075268817 0.032504780114722756
1 0.4529569892473118 0.365678776290631 0.016666666666666666 0.03537284894837476
1 0.03333333333333333 0.3690248565965583 0.015053763440860216 0.032504780114722756
1 0.4174731182795699 0.37667304015296366 0.017741935483870968 0.04206500956022945
1 0.011559139784946236 0.3852772466539197 0.017741935483870968 0.030592734225621414
1 0.38548387096774195 0.3881453154875717 0.025806451612903226 0.032504780114722756
1 0.3424731182795699 0.4063097514340344 0.017204301075268817 0.040152963671128104
1 0.2967741935483871 0.41204588910133844 0.02258064516129032 0.04206500956022945
1 0.24435483870967742 0.4254302103250478 0.01989247311827957 0.030592734225621414
1 0.19462365591397848 0.43546845124282985 0.02258064516129032 0.03537284894837476
1 0.08897849462365591 0.4421606118546845 0.020967741935483872 0.044933078393881457
1 0.015591397849462365 0.4450286806883365 0.02043010752688172 0.06405353728489484
1 0.139247311827957 0.44550669216061184 0.02795698924731183 0.05162523900573614
1 0.04973118279569892 0.4502868068833652 0.02204301075268817 0.04206500956022945