1 0.24713541666666666 0.2657407407407407 0.0171875 0.03148148148148148
0 0.6083333333333333 0.27685185185185185 0.0125 0.022222222222222223
1 0.22552083333333334 0.27824074074074073 0.013541666666666667 0.03425925925925926
0 0.5794270833333334 0.27870370370370373 0.015104166666666667 0.020370370370370372
0 0.37135416666666665 0.28055555555555556 0.017708333333333333 0.02962962962962963
0 0.5486979166666667 0.28425925925925927 0.016145833333333335 0.03148148148148148
0 0.52109375 0.2884259259259259 0.015104166666666667 0.026851851851851852
0 0.49453125 0.2912037037037037 0.022395833333333334 0.03611111111111111
1 0.20442708333333334 0.29259259259259257 0.015104166666666667 0.03888888888888889
0 0.43307291666666664 0.3023148148148148 0.019270833333333334 0.026851851851851852
0 0.45989583333333334 0.3023148148148148 0.0125 0.026851851851851852
0 0.37265625 0.30972222222222223 0.0203125 0.026851851851851852
1 0.18098958333333334 0.3111111111111111 0.015104166666666667 0.02962962962962963
0 0.40260416666666665 0.3111111111111111 0.017708333333333333 0.02962962962962963
1 0.6361979166666667 0.3277777777777778 0.016145833333333335 0.03148148148148148
1 0.6010416666666667 0.33425925925925926 0.01875 0.03888888888888889
1 0.15104166666666666 0.337037037037037 0.017708333333333333 0.05
1 0.5690104166666666 0.34120370370370373 0.015104166666666667 0.03425925925925926
1 0.534375 0.3453703703703704 0.013541666666666667 0.02962962962962963
1 0.5036458333333333 0.3574074074074074 0.016666666666666666 0.02962962962962963
1 0.4609375 0.362962962962963 0.028125 0.040740740740740744
1 0.17526041666666667 0.36527777777777776 0.024479166666666666 0.04537037037037037
1 0.15885416666666666 0.3662037037037037 0.017708333333333333 0.05277777777777778
1 0.196875 0.3731481481481482 0.022916666666666665 0.04814814814814815
1 0.4127604166666667 0.37453703703703706 0.0203125 0.03611111111111111
1 0.36484375 0.37546296296296294 0.0203125 0.04351851851851852
1 0.23072916666666668 0.3787037037037037 0.022916666666666665 0.040740740740740744
1 0.31927083333333334 0.3787037037037037 0.028125 0.040740740740740744
1 0.2721354166666667 0.3851851851851852 0.025520833333333333 0.03888888888888889