1 0.33638443935926776 0.9210794297352343 0.019450800915331808 0.03360488798370672
0 0.34324942791762014 0.21486761710794297 0.013729977116704805 0.024439918533604887
1 0.3441075514874142 0.9633401221995926 0.02116704805491991 0.026476578411405296
0 0.34439359267734554 0.2713849287169043 0.012585812356979404 0.029531568228105907
0 0.34553775743707094 0.6782077393075356 0.018306636155606407 0.034623217922606926
0 0.34782608695652173 0.3314663951120163 0.019450800915331808 0.031568228105906315
0 0.3504004576659039 0.3854378818737271 0.016590389016018305 0.029531568228105907
0 0.352116704805492 0.43737270875763745 0.02231121281464531 0.04378818737270876
1 0.35297482837528604 0.994908350305499 0.02402745995423341 0.010183299389002037
0 0.3589816933638444 0.5575356415478615 0.016590389016018305 0.03767820773930754
0 0.3589816933638444 0.505091649694501 0.016590389016018305 0.024439918533604887
0 0.363558352402746 0.6756619144602851 0.016590389016018305 0.03971486761710794
0 0.36441647597254007 0.6171079429735234 0.018306636155606407 0.034623217922606926
1 0.37471395881006864 0.16038696537678207 0.019450800915331808 0.031568228105906315
1 0.37871853546910755 0.22912423625254583 0.02402745995423341 0.03665987780040733
1 0.3830091533180778 0.29175152749490835 0.02116704805491991 0.029531568228105907
1 0.38558352402745993 0.3594704684317719 0.018306636155606407 0.026476578411405296
1 0.39302059496567504 0.4195519348268839 0.018306636155606407 0.032586558044806514
1 0.39645308924485123 0.5030549898167006 0.02517162471395881 0.054989816700611
1 0.40360411899313503 0.5972505091649695 0.02231121281464531 0.03971486761710794
1 0.4041762013729977 0.6909368635437881 0.02688787185354691 0.03971486761710794
1 0.4061784897025172 0.9531568228105907 0.02517162471395881 0.04480651731160896
1 0.4061784897025172 0.780040733197556 0.02517162471395881 0.054989816700611
1 0.41018306636155605 0.8721995926680245 0.02402745995423341 0.04989816700610998