1 0.6329842931937173 0.04888268156424581 0.01780104712041885 0.030726256983240222
0 0.6267015706806283 0.6945996275605214 0.012565445026178011 0.0223463687150838
1 0.6259162303664921 0.0111731843575419 0.0193717277486911 0.0223463687150838
0 0.6256544502617801 0.6429236499068901 0.011518324607329843 0.027001862197392923
0 0.624607329842932 0.2709497206703911 0.016753926701570682 0.03165735567970205
0 0.6225130890052356 0.5879888268156425 0.01780104712041885 0.028864059590316574
0 0.6201570680628272 0.5386405959031657 0.015183246073298429 0.027001862197392923
0 0.618586387434555 0.49115456238361266 0.020418848167539267 0.04003724394785847
0 0.6123036649214659 0.3812849162011173 0.015183246073298429 0.03445065176908752
0 0.6123036649214659 0.4292364990689013 0.015183246073298429 0.0223463687150838
0 0.6081151832460733 0.2732774674115456 0.015183246073298429 0.036312849162011177
0 0.6073298429319371 0.3268156424581006 0.016753926701570682 0.03165735567970205
1 0.5979057591623037 0.744413407821229 0.01780104712041885 0.028864059590316574
1 0.5942408376963351 0.6815642458100558 0.02198952879581152 0.0335195530726257
1 0.5903141361256544 0.6243016759776536 0.0193717277486911 0.027001862197392923
1 0.587958115183246 0.5623836126629422 0.016753926701570682 0.024208566108007448
1 0.581151832460733 0.5074487895716946 0.016753926701570682 0.0297951582867784
1 0.5780104712041885 0.43109869646182497 0.023036649214659685 0.05027932960893855
1 0.5714659685863874 0.34497206703910616 0.020418848167539267 0.036312849162011177
1 0.5709424083769633 0.25931098696461824 0.024607329842931937 0.036312849162011177
1 0.569109947643979 0.020018621973929236 0.023036649214659685 0.04003724394785847
1 0.569109947643979 0.17783985102420857 0.023036649214659685 0.05027932960893855
1 0.5654450261780105 0.0935754189944134 0.02198952879581152 0.04562383612662942