0 0.8470108695652174 0.3293036750483559 0.01684782608695652 0.045454545454545456
0 0.8766304347826087 0.32978723404255317 0.017391304347826087 0.0425531914893617
0 0.8040760869565218 0.3317214700193424 0.01576086956521739 0.030947775628626693
0 0.7660326086956522 0.3341392649903288 0.01576086956521739 0.035783365570599614
0 0.6926630434782609 0.33849129593810445 0.01576086956521739 0.030947775628626693
0 0.7271739130434782 0.33849129593810445 0.014130434782608696 0.030947775628626693
1 0.3173913043478261 0.33849129593810445 0.020652173913043477 0.027079303675048357
0 0.6540760869565218 0.3471953578336557 0.01684782608695652 0.03288201160541586
0 0.6214673913043478 0.35106382978723405 0.01684782608695652 0.04061895551257253
0 0.5853260869565218 0.3568665377176016 0.013043478260869565 0.03288201160541586
1 0.29429347826086955 0.3568665377176016 0.014673913043478261 0.02321083172147002
0 0.44375 0.3655705996131528 0.014673913043478261 0.030947775628626693
0 0.5451086956521739 0.36895551257253384 0.01956521739130435 0.02804642166344294
0 0.5163043478260869 0.3733075435203095 0.013043478260869565 0.03288201160541586
1 0.264945652173913 0.3733075435203095 0.01576086956521739 0.03288201160541586
0 0.4796195652173913 0.3781431334622824 0.01576086956521739 0.03288201160541586
1 0.9926630434782608 0.3844294003868472 0.014673913043478261 0.045454545454545456
0 0.45054347826086955 0.3844294003868472 0.017391304347826087 0.045454545454545456
1 0.8918478260869566 0.3902321083172147 0.01956521739130435 0.047388781431334626
1 0.7913043478260869 0.39748549323017407 0.025 0.0425531914893617
1 0.23423913043478262 0.39748549323017407 0.02282608695652174 0.03288201160541586
1 0.74375 0.40522243713733075 0.022282608695652174 0.0425531914893617
1 0.6953804347826087 0.4095744680851064 0.021195652173913043 0.047388781431334626
1 0.6494565217391305 0.42166344294003866 0.02391304347826087 0.0425531914893617
1 0.60625 0.43036750483558994 0.027717391304347826 0.04061895551257253
1 0.21440217391304348 0.43133462282398455 0.021195652173913043 0.03288201160541586
1 0.5627717391304348 0.4385880077369439 0.022282608695652174 0.037717601547388784
1 0.2247282608695652 0.44535783365570597 0.02010869565217391 0.045454545454545456
1 0.5105978260869565 0.4511605415860735 0.021195652173913043 0.047388781431334626
1 0.23777173913043478 0.4574468085106383 0.01684782608695652 0.05029013539651837
1 0.46168478260869567 0.4584139264990329 0.026630434782608695 0.07156673114119923
1 0.26875 0.4598646034816248 0.026630434782608695 0.045454545454545456
1 0.30978260869565216 0.4622823984526112 0.02391304347826087 0.04061895551257253
1 0.3557065217391304 0.46566731141199225 0.026630434782608695 0.047388781431334626
1 0.4057065217391304 0.46566731141199225 0.025543478260869567 0.047388781431334626