0 0.39216216216216215 0.036057692307692304 0.02 0.027884615384615386
0 0.3945945945945946 0.1658653846153846 0.017297297297297298 0.027884615384615386
0 0.3945945945945946 0.10480769230769231 0.017297297297297298 0.025
1 0.3945945945945946 0.8298076923076924 0.015135135135135135 0.03653846153846154
0 0.3994594594594595 0.23413461538461539 0.018378378378378378 0.02980769230769231
0 0.4016216216216216 0.2918269230769231 0.022702702702702703 0.02980769230769231
0 0.40486486486486484 0.3557692307692308 0.018378378378378378 0.023076923076923078
1 0.40486486486486484 0.8706730769230769 0.012972972972972972 0.025961538461538463
0 0.4097297297297297 0.60625 0.017297297297297298 0.025961538461538463
0 0.41162162162162164 0.4269230769230769 0.015675675675675675 0.03461538461538462
0 0.41405405405405404 0.4778846153846154 0.018378378378378378 0.023076923076923078
1 0.41405405405405404 0.9225961538461539 0.018378378378378378 0.027884615384615386
0 0.4167567567567568 0.5427884615384615 0.018378378378378378 0.027884615384615386
0 0.42027027027027025 0.5942307692307692 0.025405405405405406 0.03076923076923077
1 0.4275675675675676 0.006730769230769231 0.023783783783783784 0.013461538461538462
1 0.4275675675675676 0.9769230769230769 0.018378378378378378 0.04038461538461539
1 0.43189189189189187 0.07548076923076923 0.023783783783783784 0.03942307692307692
1 0.43432432432432433 0.16105769230769232 0.026486486486486487 0.0375
1 0.4410810810810811 0.2423076923076923 0.023783783783783784 0.04230769230769231
1 0.44594594594594594 0.31875 0.022702702702702703 0.04903846153846154
1 0.45054054054054055 0.3956730769230769 0.02108108108108108 0.03942307692307692
1 0.45432432432432435 0.9879807692307693 0.025405405405405406 0.02403846153846154
1 0.45756756756756756 0.4879807692307692 0.026486486486486487 0.0375
1 0.4610810810810811 0.9706730769230769 0.02810810810810811 0.02980769230769231
1 0.4616216216216216 0.5745192307692307 0.04 0.047115384615384615
1 0.4624324324324324 0.9158653846153846 0.025405405405405406 0.047115384615384615
1 0.46378378378378377 0.8432692307692308 0.022702702702702703 0.04230769230769231
1 0.4656756756756757 0.7620192307692307 0.026486486486486487 0.047115384615384615
1 0.4656756756756757 0.6735576923076924 0.026486486486486487 0.04519230769230769