0 0.534375 0.9083333333333333 0.022916666666666665 0.03333333333333333
0 0.534375 0.9777777777777777 0.022916666666666665 0.03333333333333333
0 0.53203125 0.8481481481481481 0.0296875 0.04259259259259259
0 0.5294270833333333 0.7847222222222222 0.019270833333333334 0.03611111111111111
0 0.5270833333333333 0.5407407407407407 0.027083333333333334 0.04259259259259259
0 0.525 0.6564814814814814 0.022916666666666665 0.03333333333333333
0 0.52265625 0.7111111111111111 0.025520833333333333 0.040740740740740744
0 0.5192708333333333 0.5953703703703703 0.021875 0.040740740740740744
1 0.50703125 0.14814814814814814 0.0203125 0.040740740740740744
1 0.5002604166666667 0.1726851851851852 0.025520833333333333 0.04351851851851852
1 0.49453125 0.20972222222222223 0.0296875 0.05277777777777778
1 0.49270833333333336 0.275 0.022916666666666665 0.04814814814814815
1 0.49166666666666664 0.8703703703703703 0.021875 0.040740740740740744
1 0.48854166666666665 0.7856481481481481 0.022916666666666665 0.03796296296296296
1 0.48854166666666665 0.34675925925925927 0.022916666666666665 0.04351851851851852
1 0.48802083333333335 0.6162037037037037 0.021875 0.04537037037037037
1 0.4875 0.7 0.028125 0.05185185185185185
1 0.48489583333333336 0.4263888888888889 0.022916666666666665 0.03611111111111111
1 0.48385416666666664 0.5175925925925926 0.027083333333333334 0.06111111111111111