1 0.4692934782608696 0.3317214700193424 0.010326086956521738 0.03288201160541586
1 0.4434782608695652 0.33849129593810445 0.013043478260869565 0.030947775628626693
0 0.6244565217391305 0.34332688588007737 0.01847826086956522 0.030947775628626693
0 0.6005434782608695 0.3539651837524178 0.01956521739130435 0.03288201160541586
1 0.41304347826086957 0.35493230174081236 0.017391304347826087 0.04061895551257253
0 0.5779891304347826 0.3602514506769826 0.01576086956521739 0.02611218568665377
1 0.3782608695652174 0.3646034816247582 0.02391304347826087 0.04061895551257253
1 0.34103260869565216 0.3733075435203095 0.017934782608695653 0.03288201160541586
0 0.5527173913043478 0.38007736943907156 0.01956521739130435 0.0425531914893617
1 0.3184782608695652 0.38733075435203096 0.02391304347826087 0.047388781431334626
0 0.6953804347826087 0.39506769825918764 0.01684782608695652 0.037717601547388784
0 0.7317934782608696 0.39506769825918764 0.021195652173913043 0.047388781431334626
0 0.7728260869565218 0.39506769825918764 0.01956521739130435 0.047388781431334626
0 0.81875 0.39748549323017407 0.021195652173913043 0.05222437137330754
0 0.8586956521739131 0.3984526112185687 0.01956521739130435 0.04061895551257253
0 0.5706521739130435 0.39893617021276595 0.025 0.0551257253384913
0 0.5445652173913044 0.40135396518375244 0.01956521739130435 0.04061895551257253
0 0.90625 0.40135396518375244 0.022282608695652174 0.04061895551257253
0 0.6135869565217391 0.402321083172147 0.02391304347826087 0.0425531914893617
0 0.6494565217391305 0.40377176015473887 0.01956521739130435 0.045454545454545456
1 0.30570652173913043 0.41102514506769827 0.02010869565217391 0.030947775628626693
0 0.95625 0.41150870406189555 0.022282608695652174 0.047388781431334626
0 0.9970108695652173 0.4158607350096712 0.005978260869565218 0.05029013539651837
1 0.3141304347826087 0.43133462282398455 0.017391304347826087 0.0425531914893617
1 0.3361413043478261 0.43617021276595747 0.021195652173913043 0.0425531914893617
1 0.36875 0.45551257253384914 0.021195652173913043 0.05222437137330754
1 0.41358695652173916 0.46663442940038685 0.02391304347826087 0.0551257253384913
1 0.6815217391304348 0.4738878143133462 0.02391304347826087 0.04061895551257253
1 0.45706521739130435 0.4738878143133462 0.02391304347826087 0.059961315280464215
1 0.782608695652174 0.4772727272727273 0.01956521739130435 0.037717601547388784
1 0.6282608695652174 0.47823984526112184 0.02391304347826087 0.0551257253384913
1 0.7309782608695652 0.4787234042553192 0.030434782608695653 0.05029013539651837
1 0.8402173913043478 0.48065764023210833 0.034782608695652174 0.05029013539651837
1 0.5692934782608695 0.48307543520309476 0.027717391304347826 0.0551257253384913
1 0.9021739130434783 0.48307543520309476 0.030434782608695653 0.0551257253384913
1 0.5149456521739131 0.4835589941972921 0.03097826086956522 0.06963249516441006