1 0.4700520833333333 0.3509259259259259 0.009895833333333333 0.03148148148148148
1 0.4453125 0.3574074074074074 0.0125 0.02962962962962963
0 0.61875 0.36203703703703705 0.017708333333333333 0.02962962962962963
0 0.5958333333333333 0.37222222222222223 0.01875 0.03148148148148148
1 0.4161458333333333 0.3731481481481482 0.016666666666666666 0.03888888888888889
0 0.57421875 0.37824074074074077 0.015104166666666667 0.025
1 0.3828125 0.3824074074074074 0.022916666666666665 0.03888888888888889
1 0.34713541666666664 0.3907407407407407 0.0171875 0.03148148148148148
0 0.55 0.3972222222222222 0.01875 0.040740740740740744
1 0.3255208333333333 0.4041666666666667 0.022916666666666665 0.04537037037037037
0 0.68671875 0.4115740740740741 0.016145833333333335 0.03611111111111111
0 0.7216145833333333 0.4115740740740741 0.0203125 0.04537037037037037
0 0.7609375 0.4115740740740741 0.01875 0.04537037037037037
0 0.8049479166666667 0.41388888888888886 0.0203125 0.05
0 0.8432291666666667 0.4148148148148148 0.01875 0.03888888888888889
0 0.5671875 0.4152777777777778 0.023958333333333335 0.05277777777777778
0 0.5421875 0.41759259259259257 0.01875 0.03888888888888889
0 0.8888020833333333 0.41759259259259257 0.021354166666666667 0.03888888888888889
0 0.6083333333333333 0.4185185185185185 0.022916666666666665 0.040740740740740744
0 0.6427083333333333 0.4199074074074074 0.01875 0.04351851851851852
1 0.31328125 0.42685185185185187 0.019270833333333334 0.02962962962962963
0 0.93671875 0.4273148148148148 0.021354166666666667 0.04537037037037037
0 0.9830729166666666 0.43148148148148147 0.0203125 0.04814814814814815
1 0.32135416666666666 0.4462962962962963 0.016666666666666666 0.040740740740740744
1 0.3424479166666667 0.45092592592592595 0.0203125 0.040740740740740744
1 0.3736979166666667 0.46944444444444444 0.0203125 0.05
1 0.4166666666666667 0.48009259259259257 0.022916666666666665 0.05277777777777778
1 0.6734375 0.48703703703703705 0.022916666666666665 0.03888888888888889
1 0.4583333333333333 0.48703703703703705 0.022916666666666665 0.05740740740740741
1 0.7703125 0.49027777777777776 0.01875 0.03611111111111111
1 0.6223958333333334 0.4912037037037037 0.022916666666666665 0.05277777777777778
1 0.7208333333333333 0.49166666666666664 0.029166666666666667 0.04814814814814815
1 0.8255208333333334 0.4935185185185185 0.03333333333333333 0.04814814814814815
1 0.5658854166666667 0.49583333333333335 0.0265625 0.05277777777777778
1 0.8848958333333333 0.49583333333333335 0.029166666666666667 0.05277777777777778
1 0.5138020833333333 0.4962962962962963 0.0296875 0.06666666666666667