1 0.42117376294591485 0.6019467213114754 0.019562715765247412 0.0194672131147541
1 0.4252013808975834 0.6506147540983607 0.018411967779056387 0.02459016393442623
0 0.428078250863061 0.3094262295081967 0.018411967779056387 0.03483606557377049
0 0.4344073647871116 0.35450819672131145 0.019562715765247412 0.036885245901639344
1 0.43498273878020716 0.7079918032786885 0.024165707710011506 0.03278688524590164
0 0.43814729574223243 0.39702868852459017 0.015535097813578827 0.02971311475409836
1 0.4407364787111623 0.7735655737704918 0.024165707710011506 0.045081967213114756
1 0.44591484464902187 0.84375 0.019562715765247412 0.03381147540983607
0 0.44994246260069043 0.444672131147541 0.02531645569620253 0.036885245901639344
1 0.4542577675489068 0.8862704918032787 0.02819332566168009 0.045081967213114756
0 0.4588607594936709 0.1757172131147541 0.02243958573072497 0.031762295081967214
0 0.4588607594936709 0.10706967213114754 0.02819332566168009 0.039959016393442626
0 0.4588607594936709 0.02971311475409836 0.02819332566168009 0.036885245901639344
0 0.46116225546605294 0.4108606557377049 0.03279631760644419 0.0471311475409836
0 0.4626006904487917 0.4600409836065574 0.024165707710011506 0.036885245901639344
0 0.46317606444188725 0.32991803278688525 0.02531645569620253 0.045081967213114756
0 0.4640391254315305 0.26229508196721313 0.02704257767548907 0.036885245901639344
1 0.46835443037974683 0.9103483606557377 0.018411967779056387 0.03790983606557377
1 0.48043728423475257 0.8944672131147541 0.02531645569620253 0.03278688524590164
1 0.48331415420023016 0.8529713114754098 0.02531645569620253 0.039959016393442626
1 0.4948216340621404 0.7914959016393442 0.031070195627157654 0.039959016393442626
1 0.5014384349827388 0.7069672131147541 0.03279631760644419 0.045081967213114756
1 0.5057537399309551 0.20184426229508196 0.024165707710011506 0.045081967213114756
1 0.5057537399309551 0.625 0.03567318757192175 0.045081967213114756
1 0.5077675489067894 0.01485655737704918 0.02243958573072497 0.02971311475409836
1 0.5083429228998849 0.30225409836065575 0.03279631760644419 0.045081967213114756
1 0.5086306098964327 0.10860655737704918 0.02991944764096663 0.05737704918032787
1 0.5112197928653625 0.413422131147541 0.03279631760644419 0.05225409836065574
1 0.5115074798619103 0.5158811475409836 0.04142692750287687 0.0584016393442623