0 0.5691891891891891 0.5725961538461538 0.018378378378378378 0.025961538461538463
1 0.5672972972972973 0.2798076923076923 0.014594594594594595 0.03076923076923077
1 0.5610810810810811 0.20096153846153847 0.018378378378378378 0.03653846153846154
0 0.5605405405405406 0.5322115384615385 0.017297297297297298 0.02980769230769231
0 0.5583783783783783 0.9274038461538462 0.023783783783783784 0.047115384615384615
0 0.5575675675675675 0.9942307692307693 0.02 0.011538461538461539
0 0.5548648648648649 0.8456730769230769 0.025405405405405406 0.0375
0 0.5537837837837838 0.7846153846153846 0.02 0.03461538461538462
1 0.5532432432432433 0.12740384615384615 0.02108108108108108 0.02980769230769231
1 0.5491891891891892 0.08798076923076924 0.018378378378378378 0.03173076923076923
0 0.548918918918919 0.5072115384615384 0.026486486486486487 0.0375
0 0.5481081081081081 0.6927884615384615 0.022702702702702703 0.03942307692307692
0 0.5467567567567567 0.6341346153846154 0.02 0.047115384615384615
0 0.5456756756756757 0.5576923076923077 0.02 0.03461538461538462
1 0.5345945945945946 0.05144230769230769 0.017297297297297298 0.035576923076923075
1 0.5178378378378379 0.07115384615384615 0.023783783783783784 0.04038461538461539
1 0.5145945945945946 0.10288461538461538 0.022702702702702703 0.051923076923076926
1 0.51 0.9447115384615384 0.026486486486486487 0.047115384615384615
1 0.5064864864864865 0.8384615384615385 0.02810810810810811 0.04230769230769231
1 0.5064864864864865 0.16538461538461538 0.02810810810810811 0.04230769230769231
1 0.505945945945946 0.24182692307692308 0.034594594594594595 0.035576923076923075
1 0.5021621621621621 0.6341346153846154 0.03351351351351351 0.047115384615384615
1 0.5021621621621621 0.7389423076923077 0.03351351351351351 0.03942307692307692
1 0.5008108108108108 0.3235576923076923 0.030810810810810812 0.04519230769230769
1 0.5005405405405405 0.4264423076923077 0.02918918918918919 0.06442307692307692
1 0.49972972972972973 0.5370192307692307 0.030810810810810812 0.058653846153846154