0 0.5833333333333334 0.9813883299798792 0.024293785310734464 0.035211267605633804
0 0.5785310734463277 0.8018108651911469 0.022598870056497175 0.030181086519114688
0 0.5771186440677966 0.8878269617706237 0.020903954802259886 0.04124748490945674
0 0.5765536723163842 0.7077464788732394 0.022033898305084745 0.03722334004024145
0 0.5745762711864407 0.5352112676056338 0.02598870056497175 0.04024144869215292
0 0.5725988700564971 0.619215291750503 0.023163841807909605 0.04124748490945674
0 0.5658192090395481 0.448692152917505 0.025423728813559324 0.03621730382293763
0 0.5598870056497175 0.3677062374245473 0.02598870056497175 0.047283702213279676
0 0.5519774011299435 0.26961770623742454 0.022598870056497175 0.04024144869215292
0 0.5471751412429379 0.0437625754527163 0.020903954802259886 0.03722334004024145
0 0.5468926553672316 0.19064386317907445 0.02937853107344633 0.043259557344064385
0 0.5454802259887006 0.10412474849094568 0.02768361581920904 0.043259557344064385
1 0.522316384180791 0.9839034205231388 0.0288135593220339 0.03219315895372234
1 0.5175141242937853 0.7349094567404426 0.02711864406779661 0.04527162977867203
1 0.5146892655367231 0.6126760563380281 0.02598870056497175 0.0482897384305835
1 0.5107344632768361 0.4909456740442656 0.02598870056497175 0.052313883299798795
1 0.5042372881355932 0.37072434607645877 0.02768361581920904 0.06740442655935613
1 0.4903954802259887 0.24698189134808854 0.02937853107344633 0.05533199195171026
1 0.48361581920903957 0.12374245472837023 0.031638418079096044 0.056338028169014086
1 0.47966101694915253 0.008048289738430584 0.031638418079096044 0.01609657947686117