0 0.890391254315305 0.32838114754098363 0.02243958573072497 0.039959016393442626
0 0.8449367088607594 0.33043032786885246 0.020138089758342925 0.04405737704918033
0 0.7422324510932106 0.3391393442622951 0.01726121979286536 0.040983606557377046
0 0.7914269275028769 0.3417008196721312 0.023590333716915997 0.03790983606557377
0 0.6884349827387802 0.3427254098360656 0.021288837744533946 0.039959016393442626
0 0.5897583429228999 0.3463114754098361 0.023014959723820484 0.0471311475409836
0 0.6378020713463751 0.34989754098360654 0.023590333716915997 0.042008196721311473
0 0.5402761795166858 0.36219262295081966 0.020713463751438434 0.04610655737704918
0 0.49395857307249713 0.3729508196721312 0.02704257767548907 0.0471311475409836
0 0.4378596087456847 0.38729508196721313 0.023014959723820484 0.040983606557377046
0 0.30868814729574223 0.39600409836065575 0.021288837744533946 0.03790983606557377
0 0.392692750287687 0.39651639344262296 0.02474108170310702 0.05327868852459016
0 0.34321058688147293 0.399077868852459 0.02474108170310702 0.050204918032786885
1 0.9962600690448792 0.4385245901639344 0.007479861910241657 0.06147540983606557
1 0.8521288837744534 0.4410860655737705 0.02991944764096663 0.05225409836065574
1 0.703970080552359 0.44979508196721313 0.025891829689298044 0.04918032786885246
1 0.6340621403912543 0.45491803278688525 0.02761795166858458 0.0471311475409836
1 0.5644418872266973 0.46209016393442626 0.02991944764096663 0.0471311475409836
1 0.49568469505178364 0.4738729508196721 0.03855005753739931 0.050204918032786885
1 0.42491369390103567 0.4989754098360656 0.03164556962025317 0.05327868852459016
1 0.35443037974683544 0.5112704918032787 0.03222094361334868 0.05737704918032787
1 0.2744533947065593 0.5184426229508197 0.03682393555811277 0.05737704918032787
1 0.009781357882623706 0.5256147540983607 0.019562715765247412 0.05122950819672131
1 0.19735327963176064 0.5292008196721312 0.03222094361334868 0.0584016393442623
1 0.11478711162255466 0.5348360655737705 0.03279631760644419 0.06352459016393443
1 0.056962025316455694 0.5358606557377049 0.039125431530494824 0.06557377049180328