0 0.8216145833333334 0.37175925925925923 0.0203125 0.03611111111111111
0 0.78046875 0.3736111111111111 0.018229166666666668 0.03981481481481482
0 0.6875 0.3814814814814815 0.015625 0.037037037037037035
0 0.73203125 0.3837962962962963 0.021354166666666667 0.03425925925925926
0 0.6388020833333333 0.38472222222222224 0.019270833333333334 0.03611111111111111
0 0.5494791666666666 0.38796296296296295 0.020833333333333332 0.04259259259259259
0 0.59296875 0.3912037037037037 0.021354166666666667 0.03796296296296296
0 0.5046875 0.4023148148148148 0.01875 0.041666666666666664
0 0.4627604166666667 0.41203703703703703 0.024479166666666666 0.04259259259259259
0 0.4119791666666667 0.425 0.020833333333333332 0.037037037037037035
0 0.2950520833333333 0.43287037037037035 0.019270833333333334 0.03425925925925926
0 0.37109375 0.43333333333333335 0.022395833333333334 0.04814814814814815
0 0.3263020833333333 0.4356481481481482 0.022395833333333334 0.04537037037037037
1 0.9302083333333333 0.47129629629629627 0.03229166666666667 0.05555555555555555
1 0.7869791666666667 0.4736111111111111 0.027083333333333334 0.04722222222222222
1 0.6528645833333333 0.48148148148148145 0.0234375 0.044444444444444446
1 0.5895833333333333 0.4861111111111111 0.025 0.04259259259259259
1 0.5265625 0.4925925925925926 0.027083333333333334 0.04259259259259259
1 0.46432291666666664 0.5032407407407408 0.034895833333333334 0.04537037037037037
1 0.4002604166666667 0.5259259259259259 0.028645833333333332 0.04814814814814815
1 0.33645833333333336 0.5370370370370371 0.029166666666666667 0.05185185185185185
1 0.2640625 0.5435185185185185 0.03333333333333333 0.05185185185185185
1 0.01953125 0.55 0.027604166666666666 0.046296296296296294
1 0.19427083333333334 0.5532407407407407 0.029166666666666667 0.05277777777777778
1 0.11953125 0.5583333333333333 0.0296875 0.05740740740740741
1 0.0671875 0.5592592592592592 0.035416666666666666 0.05925925925925926