0 0.5888888888888889 0.23258003766478344 0.015873015873015872 0.03766478342749529
0 0.5772486772486772 0.16290018832391714 0.025396825396825397 0.035781544256120526
0 0.5658730158730159 0.07862523540489642 0.019576719576719578 0.0423728813559322
0 0.5634920634920635 0.6548964218455744 0.021164021164021163 0.03483992467043315
0 0.562962962962963 0.9133709981167608 0.022222222222222223 0.030131826741996232
0 0.5624338624338624 0.5659133709981168 0.026455026455026454 0.05084745762711865
0 0.5621693121693122 0.8225047080979284 0.020634920634920634 0.031073446327683617
0 0.5621693121693122 0.4910546139359699 0.020634920634920634 0.038606403013182675
0 0.5616402116402116 0.7387005649717514 0.021693121693121695 0.044256120527306965
0 0.5603174603174603 0.9854048964218456 0.020105820105820106 0.02919020715630885
0 0.5592592592592592 0.4077212806026365 0.022222222222222223 0.035781544256120526
0 0.5574074074074075 0.3243879472693032 0.02275132275132275 0.044256120527306965
0 0.5537037037037037 0.011770244821092278 0.02275132275132275 0.023540489642184557
0 0.5534391534391534 0.2226930320150659 0.020105820105820106 0.03672316384180791
0 0.551058201058201 0.1530131826741996 0.021693121693121695 0.04048964218455744
0 0.5486772486772487 0.059792843691148775 0.022222222222222223 0.03672316384180791
1 0.5058201058201058 0.3611111111111111 0.02328042328042328 0.04990583804143126
1 0.5044973544973544 0.594632768361582 0.025925925925925925 0.051789077212806026
1 0.5023809523809524 0.4759887005649718 0.03756613756613757 0.059322033898305086
1 0.5013227513227513 0.24246704331450095 0.021693121693121695 0.044256120527306965
1 0.4978835978835979 0.8427495291902072 0.0328042328042328 0.05273069679849341
1 0.49497354497354495 0.11629001883239172 0.020634920634920634 0.04990583804143126
1 0.49074074074074076 0.010828625235404897 0.021693121693121695 0.021657250470809793