0 0.3494791666666667 0.3435185185185185 0.020833333333333332 0.027777777777777776
0 0.3109375 0.3638888888888889 0.019791666666666666 0.044444444444444446
0 0.2643229166666667 0.3837962962962963 0.0234375 0.03425925925925926
0 0.5830729166666667 0.38796296296296295 0.019270833333333334 0.037037037037037035
0 0.7260416666666667 0.3888888888888889 0.016666666666666666 0.03888888888888889
0 0.5338541666666666 0.38981481481481484 0.028125 0.046296296296296294
0 0.67578125 0.3902777777777778 0.0171875 0.03611111111111111
0 0.49244791666666665 0.3902777777777778 0.021354166666666667 0.03611111111111111
0 0.6294270833333333 0.3912037037037037 0.024479166666666666 0.03796296296296296
0 0.7682291666666666 0.39351851851851855 0.020833333333333332 0.03518518518518519
0 0.44635416666666666 0.39537037037037037 0.019791666666666666 0.03888888888888889
0 0.4002604166666667 0.39861111111111114 0.024479166666666666 0.03981481481481482
0 0.22578125 0.4050925925925926 0.016145833333333335 0.03981481481481482
0 0.34401041666666665 0.40555555555555556 0.0203125 0.03518518518518519
0 0.30546875 0.4097222222222222 0.022395833333333334 0.03796296296296296
0 0.25390625 0.41388888888888886 0.0203125 0.03888888888888889
1 0.4205729166666667 0.4888888888888889 0.027604166666666666 0.040740740740740744
1 0.5497395833333333 0.4912037037037037 0.028645833333333332 0.04537037037037037
1 0.48411458333333335 0.4949074074074074 0.0328125 0.06574074074074074
1 0.35494791666666664 0.49675925925925923 0.024479166666666666 0.03796296296296296
1 0.6869791666666667 0.5027777777777778 0.029166666666666667 0.05740740740740741
1 0.28515625 0.5078703703703704 0.027604166666666666 0.03611111111111111
1 0.21744791666666666 0.5152777777777777 0.030729166666666665 0.03796296296296296
1 0.8315104166666667 0.5166666666666667 0.0328125 0.06666666666666667
1 0.14166666666666666 0.5166666666666667 0.021875 0.02962962962962963
1 0.06796875 0.5231481481481481 0.0265625 0.03518518518518519