0 0.4134831460674157 0.724 0.016853932584269662 0.04
0 0.4258426966292135 0.798 0.02696629213483146 0.038
0 0.4379213483146067 0.8875 0.020786516853932586 0.045
0 0.4404494382022472 0.2755 0.02247191011235955 0.037
0 0.4410112359550562 0.0085 0.02359550561797753 0.017
0 0.44157303370786516 0.37 0.028089887640449437 0.054
0 0.44185393258426964 0.0975 0.021910112359550562 0.033
0 0.44185393258426964 0.4495 0.021910112359550562 0.041
0 0.44241573033707865 0.1865 0.023033707865168538 0.047
0 0.4449438202247191 0.538 0.02359550561797753 0.038
0 0.4469101123595506 0.6265 0.024157303370786518 0.047
0 0.4508426966292135 0.9615 0.024157303370786518 0.031
0 0.451123595505618 0.7345 0.021348314606741574 0.039
0 0.45365168539325845 0.8085 0.023033707865168538 0.043
0 0.45617977528089887 0.9075 0.02359550561797753 0.039
1 0.501685393258427 0.5875 0.024719101123595506 0.053
1 0.5030898876404495 0.3395 0.02752808988764045 0.055
1 0.5053370786516854 0.4655 0.039887640449438204 0.063
1 0.5064606741573033 0.7135 0.023033707865168538 0.047
1 0.5101123595505618 0.076 0.0348314606741573 0.056
1 0.5132022471910113 0.8475 0.021910112359550562 0.053
1 0.5176966292134831 0.974 0.023033707865168538 0.052