0 0.43543956043956045 0.392578125 0.02912087912087912 0.052734375
0 0.43543956043956045 0.556640625 0.03241758241758242 0.05078125
0 0.43626373626373627 0.302734375 0.026373626373626374 0.037109375
0 0.4368131868131868 0.47412109375 0.027472527472527472 0.0458984375
0 0.4370879120879121 0.2314453125 0.02142857142857143 0.04296875
0 0.4379120879120879 0.6455078125 0.03406593406593406 0.0546875
0 0.4381868131868132 0.7314453125 0.026923076923076925 0.044921875
0 0.4398351648351648 0.82958984375 0.033516483516483515 0.0634765625
0 0.44258241758241756 0.92138671875 0.028021978021978023 0.0498046875
1 0.5010989010989011 0.85498046875 0.03956043956043956 0.0595703125
1 0.5010989010989011 0.73876953125 0.03956043956043956 0.0576171875
1 0.5021978021978022 0.97119140625 0.03076923076923077 0.0576171875
1 0.5032967032967033 0.49267578125 0.03626373626373627 0.0615234375
1 0.5148351648351648 0.23388671875 0.03736263736263736 0.0439453125