0 0.42289473684210527 0.398876404494382 0.027894736842105264 0.05056179775280899
0 0.42289473684210527 0.5561797752808989 0.03105263157894737 0.04868913857677903
0 0.4236842105263158 0.31273408239700373 0.02526315789473684 0.035580524344569285
0 0.4242105263157895 0.477059925093633 0.02631578947368421 0.04400749063670412
0 0.42447368421052634 0.2443820224719101 0.020526315789473684 0.04119850187265917
0 0.42526315789473684 0.6413857677902621 0.03263157894736842 0.052434456928838954
0 0.4255263157894737 0.7237827715355806 0.025789473684210525 0.04307116104868914
0 0.4271052631578947 0.8178838951310862 0.032105263157894734 0.060861423220973786
0 0.42973684210526314 0.9058988764044944 0.026842105263157896 0.047752808988764044
1 0.48578947368421055 0.8422284644194756 0.037894736842105266 0.05711610486891386
1 0.48578947368421055 0.7308052434456929 0.037894736842105266 0.0552434456928839
1 0.4868421052631579 0.9592696629213483 0.029473684210526315 0.06647940074906367
1 0.48789473684210527 0.4948501872659176 0.034736842105263156 0.05898876404494382
1 0.49894736842105264 0.24672284644194756 0.035789473684210524 0.042134831460674156