1 0.34347826086956523 0.8201160541586073 0.011956521739130435 0.027079303675048357
1 0.34646739130434784 0.8607350096711799 0.01141304347826087 0.02127659574468085
0 0.3502717391304348 0.503384912959381 0.01358695652173913 0.02611218568665377
1 0.35380434782608694 0.9458413926499033 0.011956521739130435 0.025145067698259187
0 0.358695652173913 0.5913926499032882 0.013043478260869565 0.031914893617021274
0 0.36195652173913045 0.6726305609284333 0.013043478260869565 0.020309477756286266
0 0.37228260869565216 0.7640232108317214 0.013043478260869565 0.030947775628626693
0 0.3804347826086957 0.8650870406189555 0.016304347826086956 0.02804642166344294
0 0.3864130434782609 0.9206963249516441 0.014130434782608696 0.03288201160541586
0 0.3934782608695652 0.9598646034816247 0.015217391304347827 0.02611218568665377
0 0.3964673913043478 0.6740812379110251 0.017934782608695653 0.0425531914893617
0 0.3972826086956522 0.5870406189555126 0.015217391304347827 0.03481624758220503
0 0.3978260869565217 0.5024177949709865 0.016304347826086956 0.039651837524177946
0 0.3983695652173913 0.8491295938104448 0.017391304347826087 0.030947775628626693
0 0.3986413043478261 0.7756286266924565 0.014673913043478261 0.03288201160541586
0 0.39891304347826084 0.4206963249516441 0.01847826086956522 0.04061895551257253
0 0.40054347826086956 0.33365570599613154 0.015217391304347827 0.03288201160541586
0 0.40054347826086956 0.9264990328820116 0.015217391304347827 0.03288201160541586
0 0.4067934782608696 0.24758220502901354 0.021195652173913043 0.0425531914893617
0 0.41195652173913044 0.16102514506769827 0.021739130434782608 0.033849129593810444
0 0.41304347826086957 0.06818181818181818 0.02391304347826087 0.045454545454545456
1 0.452445652173913 0.7703094777562862 0.021195652173913043 0.04932301740812379
1 0.45461956521739133 0.8892649903288201 0.022282608695652174 0.05319148936170213
1 0.45543478260869563 0.6542553191489362 0.02282608695652174 0.05125725338491296
1 0.4573369565217391 0.9922630560928434 0.023369565217391305 0.015473887814313346
1 0.4625 0.543036750483559 0.025 0.0551257253384913
1 0.4763586956521739 0.30705996131528046 0.027717391304347826 0.05705996131528046
1 0.4970108695652174 0.04061895551257253 0.03858695652173913 0.06769825918762089