1 0.6445652173913043 0.17311411992263057 0.011956521739130435 0.027079303675048357
1 0.6415760869565217 0.13249516441005801 0.01141304347826087 0.02127659574468085
0 0.6377717391304348 0.4898452611218569 0.01358695652173913 0.02611218568665377
1 0.6342391304347826 0.047388781431334626 0.011956521739130435 0.025145067698259187
0 0.6293478260869565 0.4018375241779497 0.013043478260869565 0.031914893617021274
0 0.6260869565217392 0.32059961315280466 0.013043478260869565 0.020309477756286266
0 0.6157608695652174 0.22920696324951645 0.013043478260869565 0.030947775628626693
0 0.6076086956521739 0.1281431334622824 0.016304347826086956 0.02804642166344294
0 0.6016304347826087 0.0725338491295938 0.014130434782608696 0.03288201160541586
0 0.5945652173913043 0.033365570599613155 0.015217391304347827 0.02611218568665377
0 0.5915760869565218 0.3191489361702128 0.017934782608695653 0.0425531914893617
0 0.5907608695652173 0.40618955512572535 0.015217391304347827 0.03481624758220503
0 0.5902173913043478 0.49081237911025144 0.016304347826086956 0.039651837524177946
0 0.5896739130434783 0.14410058027079303 0.017391304347826087 0.030947775628626693
0 0.5894021739130435 0.21760154738878143 0.014673913043478261 0.03288201160541586
0 0.5891304347826087 0.5725338491295938 0.01847826086956522 0.04061895551257253
0 0.5875 0.6595744680851063 0.015217391304347827 0.03288201160541586
0 0.5875 0.06673114119922631 0.015217391304347827 0.03288201160541586
0 0.58125 0.7456479690522244 0.021195652173913043 0.0425531914893617
0 0.5760869565217391 0.8322050290135397 0.021739130434782608 0.033849129593810444
0 0.575 0.9250483558994197 0.02391304347826087 0.045454545454545456
0 0.5706521739130435 0.9922630560928434 0.025 0.015473887814313346
1 0.5355978260869565 0.22292069632495165 0.021195652173913043 0.04932301740812379
1 0.5334239130434782 0.1039651837524178 0.022282608695652174 0.05319148936170213
1 0.532608695652174 0.33897485493230173 0.02282608695652174 0.05125725338491296
1 0.5255434782608696 0.45019342359767894 0.025 0.0551257253384913
1 0.5116847826086957 0.6861702127659575 0.027717391304347826 0.05705996131528046
1 0.4910326086956522 0.9526112185686654 0.03858695652173913 0.06769825918762089