1 0.9304123711340206 0.9110824742268041 0.13917525773195877 0.15721649484536082
1 0.6610824742268041 0.6533505154639175 0.059278350515463915 0.03608247422680412
1 0.6610824742268041 0.5644329896907216 0.059278350515463915 0.03608247422680412
1 0.7190721649484536 0.9188144329896907 0.08762886597938144 0.05154639175257732
1 0.6662371134020618 0.7564432989690721 0.05670103092783505 0.030927835051546393
1 0.7835051546391752 0.7951030927835051 0.09278350515463918 0.05670103092783505
1 0.6688144329896907 0.8157216494845361 0.059278350515463915 0.03350515463917526
0 0.854381443298969 0.024484536082474227 0.14690721649484537 0.04896907216494845
0 0.8170103092783505 0.1211340206185567 0.13402061855670103 0.10309278350515463
0 0.7641752577319587 0.18298969072164947 0.09278350515463918 0.06701030927835051
0 0.6804123711340206 0.07087628865979381 0.06958762886597938 0.05154639175257732
0 0.6791237113402062 0.16108247422680413 0.07474226804123711 0.05154639175257732
0 0.7319587628865979 0.2912371134020619 0.08762886597938144 0.061855670103092786
0 0.7190721649484536 0.3698453608247423 0.08505154639175258 0.05412371134020619
0 0.6984536082474226 0.4574742268041237 0.08762886597938144 0.04639175257731959