1 0.11328125 0.93359375 0.15885416666666666 0.1328125
1 0.3736979166666667 0.6653645833333334 0.036458333333333336 0.059895833333333336
1 0.4635416666666667 0.6653645833333334 0.036458333333333336 0.059895833333333336
1 0.10546875 0.7239583333333334 0.052083333333333336 0.08854166666666667
1 0.26953125 0.6705729166666666 0.03125 0.057291666666666664
1 0.23046875 0.7890625 0.057291666666666664 0.09375
1 0.20963541666666666 0.6731770833333334 0.033854166666666664 0.059895833333333336
0 0.9921875 0.8606770833333334 0.015625 0.1484375
0 0.9114583333333334 0.8229166666666666 0.10416666666666667 0.13541666666666666
0 0.8489583333333334 0.76953125 0.06770833333333333 0.09375
0 0.9622395833333334 0.6848958333333334 0.052083333333333336 0.0703125
0 0.87109375 0.68359375 0.052083333333333336 0.07552083333333333
0 0.7395833333333334 0.7369791666666666 0.0625 0.08854166666666667
0 0.66015625 0.7239583333333334 0.0546875 0.0859375
0 0.5716145833333334 0.703125 0.046875 0.08854166666666667