0 0.8469387755102041 0.8788265306122449 0.09183673469387756 0.14795918367346939
0 0.9630102040816326 0.9221938775510204 0.07397959183673469 0.1556122448979592
0 0.7767857142857143 0.8316326530612245 0.06887755102040816 0.10714285714285714
0 0.8788265306122449 0.735969387755102 0.05102040816326531 0.07908163265306123
0 0.7908163265306123 0.7372448979591837 0.04081632653061224 0.07142857142857142
0 0.6632653061224489 0.7806122448979592 0.05612244897959184 0.08673469387755102
0 0.5816326530612245 0.7806122448979592 0.061224489795918366 0.09183673469387756
0 0.5012755102040817 0.7538265306122449 0.04591836734693878 0.08928571428571429
1 0.45790816326530615 0.7079081632653061 0.02295918367346939 0.04081632653061224
1 0.3877551020408163 0.7244897959183674 0.030612244897959183 0.058673469387755105
1 0.29846938775510207 0.7257653061224489 0.030612244897959183 0.05357142857142857
1 0.18494897959183673 0.7295918367346939 0.03316326530612245 0.058673469387755105
1 0.11607142857142858 0.7385204081632653 0.03571428571428571 0.06377551020408163
1 0.08545918367346939 0.7767857142857143 0.03571428571428571 0.058673469387755105
1 0.11989795918367346 0.8558673469387755 0.061224489795918366 0.08673469387755102
1 0.10331632653061225 0.9477040816326531 0.04336734693877551 0.10459183673469388