0 0.90625 0.8190104166666666 0.09375 0.15104166666666666
0 0.8346354166666666 0.7708333333333334 0.0703125 0.109375
0 0.9388020833333334 0.6731770833333334 0.052083333333333336 0.08072916666666667
0 0.8489583333333334 0.6744791666666666 0.041666666666666664 0.07291666666666667
0 0.71875 0.71875 0.057291666666666664 0.08854166666666667
0 0.6354166666666666 0.71875 0.0625 0.09375
0 0.5533854166666666 0.69140625 0.046875 0.09114583333333333
1 0.5091145833333334 0.64453125 0.0234375 0.041666666666666664
1 0.4375 0.6614583333333334 0.03125 0.059895833333333336
1 0.3463541666666667 0.6627604166666666 0.03125 0.0546875
1 0.23046875 0.6666666666666666 0.033854166666666664 0.059895833333333336
1 0.16015625 0.67578125 0.036458333333333336 0.06510416666666667
1 0.12890625 0.71484375 0.036458333333333336 0.059895833333333336
1 0.1640625 0.7955729166666666 0.0625 0.08854166666666667
1 0.14713541666666666 0.90234375 0.044270833333333336 0.13020833333333334