1 0.1771356783919598 0.008793969849246231 0.10804020100502512 0.017587939698492462
1 0.29020100502512564 0.07412060301507538 0.06532663316582915 0.04020100502512563
1 0.2964824120603015 0.1972361809045226 0.06281407035175879 0.035175879396984924
1 0.30402010050251255 0.292713567839196 0.06281407035175879 0.03768844221105527
0 0.07663316582914573 0.9120603015075377 0.15326633165829145 0.11557788944723618
0 0.13190954773869346 0.7713567839195979 0.1507537688442211 0.09798994974874371
0 0.1721105527638191 0.6947236180904522 0.11557788944723618 0.07035175879396985
0 0.22738693467336685 0.5753768844221105 0.08793969849246232 0.06030150753768844
0 0.23743718592964824 0.4962311557788945 0.09045226130653267 0.05025125628140704
0 0.2675879396984925 0.40703517587939697 0.08040201005025126 0.05025125628140704
0 0.28015075376884424 0.7889447236180904 0.07035175879396985 0.04522613065326633
0 0.2864321608040201 0.7035175879396985 0.0678391959798995 0.03768844221105527
0 0.29396984924623115 0.48115577889447236 0.04522613065326633 0.032663316582914576