1 0.2706185567010309 0.28737113402061853 0.07216494845360824 0.04896907216494845
0 0.2706185567010309 0.8105670103092784 0.07216494845360824 0.04896907216494845
1 0.2693298969072165 0.18427835051546393 0.06443298969072164 0.04381443298969072
0 0.2667525773195876 0.7229381443298969 0.07989690721649484 0.04896907216494845
1 0.24742268041237114 0.05412371134020619 0.06701030927835051 0.04639175257731959
0 0.23324742268041238 0.40463917525773196 0.09536082474226804 0.05154639175257732
0 0.20747422680412372 0.49742268041237114 0.09020618556701031 0.061855670103092786
0 0.1958762886597938 0.5824742268041238 0.10824742268041238 0.061855670103092786
0 0.1481958762886598 0.7152061855670103 0.1211340206185567 0.07989690721649484
0 0.09278350515463918 0.8041237113402062 0.18556701030927836 0.09278350515463918
0 0.061855670103092786 0.9471649484536082 0.12371134020618557 0.1056701030927835