1 0.29743589743589743 0.25769230769230766 0.07179487179487179 0.04871794871794872
0 0.29743589743589743 0.7782051282051282 0.07179487179487179 0.04871794871794872
1 0.29615384615384616 0.15512820512820513 0.0641025641025641 0.04358974358974359
0 0.2935897435897436 0.691025641025641 0.07948717948717948 0.04871794871794872
1 0.2743589743589744 0.02564102564102564 0.06666666666666667 0.046153846153846156
0 0.2602564102564103 0.37435897435897436 0.09487179487179487 0.05128205128205128
0 0.23461538461538461 0.4666666666666667 0.08974358974358974 0.06153846153846154
0 0.2230769230769231 0.5512820512820513 0.1076923076923077 0.06153846153846154
0 0.17564102564102563 0.6833333333333333 0.12051282051282051 0.07948717948717948
0 0.11666666666666667 0.7717948717948718 0.19230769230769232 0.09230769230769231
0 0.07564102564102564 0.9307692307692308 0.15128205128205127 0.13846153846153847