0 0.9439024390243902 0.06341463414634146 0.11219512195121951 0.12682926829268293
0 0.9097560975609756 0.25 0.16829268292682928 0.11219512195121951
0 0.8475609756097561 0.33902439024390246 0.12926829268292683 0.08536585365853659
0 0.7865853658536586 0.4682926829268293 0.1048780487804878 0.06829268292682927
0 0.7695121951219512 0.5621951219512196 0.08780487804878048 0.05609756097560976
0 0.7414634146341463 0.651219512195122 0.09024390243902439 0.04878048780487805
0 0.7073170731707317 0.24390243902439024 0.06829268292682927 0.04390243902439024
0 0.7158536585365853 0.3353658536585366 0.07560975609756097 0.04390243902439024
1 0.7073170731707317 0.8682926829268293 0.07804878048780488 0.05121951219512195
1 0.7085365853658536 0.7621951219512195 0.06585365853658537 0.03902439024390244
1 0.7109756097560975 0.9890243902439024 0.06097560975609756 0.02195121951219512