0 0.8694029850746269 0.9340796019900498 0.1517412935323383 0.1318407960199005
0 0.7562189054726368 0.8731343283582089 0.09950248756218906 0.13432835820895522
0 0.6057213930348259 0.8134328358208955 0.07960199004975124 0.12437810945273632
0 0.503731343283582 0.7835820895522388 0.06716417910447761 0.10199004975124377
0 0.40422885572139305 0.7524875621890548 0.06965174129353234 0.08955223880597014
0 0.8532338308457711 0.7176616915422885 0.05472636815920398 0.08955223880597014
0 0.75 0.7151741293532339 0.04477611940298507 0.0845771144278607
0 0.5012437810945274 0.7151741293532339 0.04228855721393035 0.04477611940298507
1 0.06218905472636816 0.7126865671641791 0.03731343283582089 0.05223880597014925
1 0.19154228855721392 0.7027363184079602 0.04228855721393035 0.06218905472636816
1 0.2972636815920398 0.7027363184079602 0.03980099502487562 0.05970149253731343
1 0.5199004975124378 0.6803482587064676 0.03233830845771144 0.03482587064676617