0 0.06155778894472362 0.8907035175879398 0.12311557788944724 0.15326633165829145
0 0.11809045226130653 0.7763819095477387 0.135678391959799 0.10050251256281408
0 0.17839195979899497 0.6243718592964824 0.12562814070351758 0.08040201005025126
0 0.20854271356783918 0.5213567839195979 0.10301507537688442 0.0678391959798995
0 0.2399497487437186 0.42085427135678394 0.09045226130653267 0.07035175879396985
0 0.2751256281407035 0.8743718592964824 0.09045226130653267 0.05527638190954774
0 0.2776381909547739 0.7701005025125628 0.08542713567839195 0.04522613065326633
0 0.2776381909547739 0.5188442211055276 0.04522613065326633 0.04271356783919598
1 0.28015075376884424 0.07537688442211055 0.052763819095477386 0.03768844221105527
1 0.29020100502512564 0.20603015075376885 0.06281407035175879 0.04271356783919598
1 0.29020100502512564 0.3128140703517588 0.06030150753768844 0.04020100502512563
1 0.3128140703517588 0.5376884422110553 0.035175879396984924 0.032663316582914576