1 0.7173366834170855 0.9899497487437185 0.06281407035175879 0.020100502512562814
1 0.7185929648241206 0.914572864321608 0.06281407035175879 0.04271356783919598
1 0.707286432160804 0.7738693467336684 0.07035175879396985 0.04271356783919598
1 0.714824120603015 0.6658291457286433 0.0728643216080402 0.04020100502512563
1 0.6959798994974874 0.4371859296482412 0.032663316582914576 0.02763819095477387
0 0.7587939698492462 0.5527638190954773 0.09547738693467336 0.06030150753768844
0 0.8140703517587939 0.44974874371859297 0.09798994974874371 0.07788944723618091
0 0.8379396984924623 0.34296482412060303 0.12060301507537688 0.0829145728643216
0 0.9296482412060302 0.1507537688442211 0.1407035175879397 0.12060301507537688
0 0.7336683417085427 0.4535175879396985 0.04773869346733668 0.04773869346733668
0 0.7399497487437185 0.314070351758794 0.06030150753768844 0.022613065326633167
0 0.7437185929648241 0.18592964824120603 0.06532663316582915 0.052763819095477386
0 0.7412060301507538 0.07412060301507538 0.07788944723618091 0.05527638190954774