1 0.05585106382978723 0.6675531914893617 0.04521276595744681 0.06648936170212766
1 0.2047872340425532 0.6555851063829787 0.04521276595744681 0.07446808510638298
1 0.3191489361702128 0.663563829787234 0.0425531914893617 0.07712765957446809
1 0.5611702127659575 0.6436170212765957 0.02925531914893617 0.034574468085106384
0 0.43882978723404253 0.7101063829787234 0.06382978723404255 0.10106382978723404
0 0.5478723404255319 0.7686170212765957 0.08244680851063829 0.10372340425531915
0 0.660904255319149 0.7938829787234043 0.08776595744680851 0.1276595744680851
0 0.8656914893617021 0.9082446808510638 0.1276595744680851 0.18085106382978725
0 0.5438829787234043 0.6835106382978723 0.05053191489361702 0.05053191489361702
0 0.6914893617021277 0.6901595744680851 0.023936170212765957 0.06382978723404255
0 0.8271276595744681 0.6941489361702128 0.05585106382978723 0.06914893617021277
0 0.9454787234042553 0.6914893617021277 0.05851063829787234 0.08244680851063829