0 0.9053398058252428 0.9223300970873787 0.13592233009708737 0.1553398058252427
0 0.9696601941747572 0.7148058252427184 0.04854368932038835 0.08009708737864078
0 0.8567961165048543 0.720873786407767 0.04854368932038835 0.0703883495145631
0 0.7293689320388349 0.7305825242718447 0.03155339805825243 0.06553398058252427
0 0.587378640776699 0.7220873786407767 0.04854368932038835 0.043689320388349516
0 0.4878640776699029 0.7548543689320388 0.04854368932038835 0.07766990291262135
0 0.587378640776699 0.7973300970873787 0.07766990291262135 0.10679611650485436
0 0.7050970873786407 0.8240291262135923 0.06796116504854369 0.08980582524271845
1 0.6019417475728155 0.6783980582524272 0.038834951456310676 0.038834951456310676
1 0.3786407766990291 0.7038834951456311 0.03640776699029126 0.06310679611650485
1 0.27184466019417475 0.7087378640776699 0.03640776699029126 0.06067961165048544
1 0.1395631067961165 0.7196601941747572 0.03640776699029126 0.06796116504854369
1 0.04975728155339806 0.7245145631067961 0.043689320388349516 0.06553398058252427