0 0.9097560975609756 0.9219512195121952 0.13658536585365855 0.15609756097560976
0 0.974390243902439 0.7134146341463414 0.04878048780487805 0.08048780487804878
0 0.8609756097560975 0.7195121951219512 0.04878048780487805 0.07073170731707316
0 0.7329268292682927 0.7292682926829268 0.03170731707317073 0.06585365853658537
0 0.5902439024390244 0.7207317073170731 0.04878048780487805 0.04390243902439024
0 0.4902439024390244 0.7536585365853659 0.04878048780487805 0.07804878048780488
0 0.5902439024390244 0.7963414634146342 0.07804878048780488 0.1073170731707317
0 0.7085365853658536 0.823170731707317 0.06829268292682927 0.09024390243902439
1 0.6048780487804878 0.676829268292683 0.03902439024390244 0.03902439024390244
1 0.3804878048780488 0.7024390243902439 0.036585365853658534 0.06341463414634146
1 0.2731707317073171 0.7073170731707317 0.036585365853658534 0.06097560975609756
1 0.1402439024390244 0.7182926829268292 0.036585365853658534 0.06829268292682927
1 0.05 0.723170731707317 0.04390243902439024 0.06585365853658537