1 0.07587064676616916 0.7201492537313433 0.04228855721393035 0.07213930348258707
1 0.17039800995024876 0.7176616915422885 0.04228855721393035 0.06467661691542288
1 0.31094527363184077 0.7052238805970149 0.0472636815920398 0.06218905472636816
1 0.4216417910447761 0.7101990049751243 0.04477611940298507 0.06716417910447761
1 0.6616915422885572 0.6840796019900498 0.03233830845771144 0.03482587064676617
0 0.5286069651741293 0.7649253731343284 0.07213930348258707 0.10945273631840796
0 0.6430348258706468 0.822139303482587 0.08208955223880597 0.12189054726368159
0 0.6430348258706468 0.7325870646766169 0.05721393034825871 0.05721393034825871
0 0.8059701492537313 0.746268656716418 0.05223880597014925 0.07960199004975124
0 0.9415422885572139 0.7375621890547264 0.04975124378109453 0.07462686567164178
0 0.7810945273631841 0.8644278606965174 0.09701492537313433 0.12686567164179105
0 0.9676616915422885 0.945273631840796 0.06467661691542288 0.10945273631840796