1 0.7685185185185185 0.9775132275132276 0.07671957671957672 0.04497354497354497
1 0.7658730158730159 0.876984126984127 0.06878306878306878 0.04497354497354497
1 0.7526455026455027 0.7275132275132276 0.06613756613756613 0.05026455026455026
1 0.7579365079365079 0.6097883597883598 0.07142857142857142 0.047619047619047616
1 0.7301587301587301 0.3544973544973545 0.037037037037037035 0.03439153439153439
0 0.8161375661375662 0.49603174603174605 0.1164021164021164 0.07671957671957672
0 0.876984126984127 0.37433862433862436 0.12962962962962962 0.0873015873015873
0 0.7817460317460317 0.37433862433862436 0.06084656084656084 0.06084656084656084
0 0.7962962962962963 0.20105820105820105 0.08465608465608465 0.05555555555555555
0 0.7870370370370371 0.056878306878306875 0.07936507936507936 0.05291005291005291
0 0.921957671957672 0.2275132275132275 0.1349206349206349 0.10317460317460317
0 0.9748677248677249 0.031746031746031744 0.05026455026455026 0.06349206349206349