0 0.2896825396825397 0.9365079365079365 0.10052910052910052 0.06349206349206349
0 0.2896825396825397 0.7896825396825397 0.09259259259259259 0.05291005291005291
0 0.29365079365079366 0.6150793650793651 0.06084656084656084 0.05291005291005291
0 0.2619047619047619 0.49603174603174605 0.10846560846560846 0.06084656084656084
0 0.1917989417989418 0.6177248677248677 0.1111111111111111 0.08994708994708994
0 0.15211640211640212 0.7645502645502645 0.16137566137566137 0.1164021164021164
1 0.3412698412698413 0.6256613756613757 0.047619047619047616 0.047619047619047616
1 0.32936507936507936 0.37566137566137564 0.06878306878306878 0.037037037037037035
1 0.32275132275132273 0.2552910052910053 0.07936507936507936 0.047619047619047616
1 0.31613756613756616 0.10978835978835978 0.08465608465608465 0.04497354497354497
1 0.31216931216931215 0.018518518518518517 0.08994708994708994 0.037037037037037035