0 0.9646464646464646 0.7310606060606061 0.06060606060606061 0.09595959595959595
0 0.8244949494949495 0.7310606060606061 0.050505050505050504 0.08838383838383838
0 0.6578282828282829 0.7272727272727273 0.050505050505050504 0.05808080808080808
0 0.5441919191919192 0.7575757575757576 0.05808080808080808 0.10353535353535354
0 0.6603535353535354 0.8244949494949495 0.08585858585858586 0.10606060606060606
0 0.8005050505050505 0.8623737373737373 0.1111111111111111 0.15404040404040403
1 0.6679292929292929 0.6818181818181818 0.045454545454545456 0.045454545454545456
1 0.4292929292929293 0.6931818181818182 0.03535353535353535 0.06565656565656566
1 0.3143939393939394 0.6994949494949495 0.045454545454545456 0.07575757575757576
1 0.1755050505050505 0.7058080808080808 0.04292929292929293 0.08080808080808081
1 0.08333333333333333 0.7095959595959596 0.047979797979797977 0.08585858585858586