1 0.7459893048128342 0.9237967914438503 0.08823529411764706 0.053475935828877004
1 0.7486631016042781 0.8302139037433155 0.0855614973262032 0.053475935828877004
1 0.7299465240641712 0.6751336898395722 0.0748663101604278 0.045454545454545456
1 0.7406417112299465 0.5561497326203209 0.0748663101604278 0.0427807486631016
0 0.8008021390374331 0.43315508021390375 0.11764705882352941 0.06684491978609626
1 0.713903743315508 0.29812834224598933 0.040106951871657755 0.040106951871657755
0 0.766042780748663 0.31283422459893045 0.06149732620320856 0.053475935828877004
0 0.767379679144385 0.13636363636363635 0.08288770053475936 0.058823529411764705
0 0.7740641711229946 0.008021390374331552 0.09358288770053476 0.016042780748663103
0 0.8609625668449198 0.3088235294117647 0.12299465240641712 0.08823529411764706
0 0.9117647058823529 0.16176470588235295 0.1443850267379679 0.10962566844919786