1 0.7087378640776699 0.9114077669902912 0.08009708737864078 0.04854368932038835
1 0.7111650485436893 0.8264563106796117 0.07766990291262135 0.04854368932038835
1 0.6941747572815534 0.6856796116504854 0.06796116504854369 0.0412621359223301
1 0.7038834951456311 0.5776699029126213 0.06796116504854369 0.038834951456310676
0 0.758495145631068 0.46601941747572817 0.10679611650485436 0.06067961165048544
1 0.6796116504854369 0.3434466019417476 0.03640776699029126 0.03640776699029126
0 0.7269417475728155 0.3567961165048544 0.055825242718446605 0.04854368932038835
0 0.7281553398058253 0.1966019417475728 0.07524271844660194 0.05339805825242718
0 0.7342233009708737 0.06067961165048544 0.08495145631067962 0.050970873786407765
0 0.8131067961165048 0.35315533980582525 0.11165048543689321 0.08009708737864078
0 0.8592233009708737 0.2196601941747573 0.13106796116504854 0.09951456310679611