0 0.9195979899497487 0.06658291457286432 0.16080402010050251 0.12814070351758794
0 0.7688442211055276 0.06155778894472362 0.10050251256281408 0.0678391959798995
0 0.8680904522613065 0.23743718592964824 0.14824120603015076 0.10552763819095477
0 0.8015075376884422 0.3655778894472362 0.10552763819095477 0.06281407035175879
0 0.7587939698492462 0.24623115577889448 0.07537688442211055 0.05778894472361809
1 0.7537688442211056 0.9849246231155779 0.08542713567839195 0.03015075376884422
1 0.7361809045226131 0.8316582914572864 0.06281407035175879 0.04522613065326633
1 0.7273869346733668 0.7462311557788944 0.0678391959798995 0.04020100502512563
1 0.7211055276381909 0.6017587939698492 0.07788944723618091 0.04522613065326633
1 0.7223618090452262 0.4886934673366834 0.06532663316582915 0.04773869346733668
1 0.7085427135678392 0.22989949748743718 0.02512562814070352 0.032663316582914576