1 0.05150753768844221 0.7537688442211056 0.06281407035175879 0.08793969849246232
1 0.21608040201005024 0.7248743718592965 0.05025125628140704 0.08040201005025126
1 0.3015075376884422 0.7173366834170855 0.052763819095477386 0.0728643216080402
1 0.4510050251256281 0.7060301507537688 0.04271356783919598 0.07035175879396985
1 0.5640703517587939 0.7097989949748744 0.04773869346733668 0.0728643216080402
1 0.8304020100502513 0.6947236180904522 0.04020100502512563 0.04020100502512563
0 0.6922110552763819 0.7864321608040201 0.07537688442211055 0.10552763819095477
0 0.8178391959798995 0.7525125628140703 0.0678391959798995 0.07788944723618091
0 0.9899497487437185 0.7587939698492462 0.020100502512562814 0.08542713567839195
0 0.8304020100502513 0.8655778894472361 0.10552763819095477 0.1457286432160804
0 0.9723618090452262 0.9170854271356784 0.05527638190954774 0.1658291457286432