1 0.59375 0.7265625 0.033854166666666664 0.0546875
1 0.7942708333333334 0.7161458333333334 0.0234375 0.020833333333333332
1 0.5104166666666666 0.7265625 0.03125 0.052083333333333336
1 0.41015625 0.7317708333333334 0.033854166666666664 0.0546875
1 0.21354166666666666 0.95703125 0.13020833333333334 0.0859375
1 0.3359375 0.8958333333333334 0.03125 0.09375
1 0.3489583333333333 0.84375 0.044270833333333336 0.08854166666666667
1 0.2552083333333333 0.7786458333333334 0.03125 0.07291666666666667
1 0.23958333333333334 0.7526041666666666 0.020833333333333332 0.041666666666666664
1 0.3515625 0.7356770833333334 0.028645833333333332 0.046875
1 0.3723958333333333 0.8098958333333334 0.041666666666666664 0.07291666666666667
0 0.9895833333333334 0.890625 0.020833333333333332 0.140625
0 0.9544270833333334 0.8463541666666666 0.049479166666666664 0.09635416666666667
0 0.9192708333333334 0.7565104166666666 0.0234375 0.07291666666666667
0 0.8541666666666666 0.8072916666666666 0.052083333333333336 0.10677083333333333
0 0.7760416666666666 0.7890625 0.049479166666666664 0.08072916666666667
0 0.7005208333333334 0.765625 0.046875 0.08072916666666667