1 0.5670103092783505 0.729381443298969 0.03350515463917526 0.05412371134020619
1 0.7654639175257731 0.7190721649484536 0.023195876288659795 0.020618556701030927
1 0.4845360824742268 0.729381443298969 0.030927835051546393 0.05154639175257732
1 0.3853092783505155 0.7345360824742269 0.03350515463917526 0.05412371134020619
1 0.19072164948453607 0.9574742268041238 0.12886597938144329 0.08505154639175258
1 0.3118556701030928 0.8969072164948454 0.030927835051546393 0.09278350515463918
1 0.3247422680412371 0.845360824742268 0.04381443298969072 0.08762886597938144
1 0.23195876288659795 0.7809278350515464 0.030927835051546393 0.07216494845360824
1 0.21649484536082475 0.7551546391752577 0.020618556701030927 0.041237113402061855
1 0.327319587628866 0.7384020618556701 0.028350515463917526 0.04639175257731959
1 0.3479381443298969 0.8118556701030928 0.041237113402061855 0.07216494845360824
0 0.9742268041237113 0.8917525773195877 0.05154639175257732 0.13917525773195877
0 0.9239690721649485 0.8479381443298969 0.04896907216494845 0.09536082474226804
0 0.9819587628865979 0.759020618556701 0.03608247422680412 0.06443298969072164
0 0.8891752577319587 0.759020618556701 0.023195876288659795 0.07216494845360824
0 0.8247422680412371 0.8092783505154639 0.05154639175257732 0.1056701030927835
0 0.7474226804123711 0.7912371134020618 0.04896907216494845 0.07989690721649484
0 0.6726804123711341 0.7680412371134021 0.04639175257731959 0.07989690721649484