0 0.9761306532663316 0.8706030150753769 0.04773869346733668 0.14321608040201006
0 0.9346733668341709 0.8128140703517588 0.06281407035175879 0.09798994974874371
0 0.9786432160804021 0.7211055276381909 0.04271356783919598 0.06030150753768844
0 0.8266331658291457 0.7738693467336684 0.04271356783919598 0.09045226130653267
0 0.7525125628140703 0.7613065326633166 0.05025125628140704 0.07788944723618091
0 0.6695979899497487 0.7324120603015075 0.04522613065326633 0.0829145728643216
0 0.7487437185929648 0.7110552763819096 0.035175879396984924 0.04020100502512563
1 0.7600502512562815 0.6846733668341709 0.022613065326633167 0.02512562814070352
1 0.5703517587939698 0.6984924623115578 0.032663316582914576 0.052763819095477386
1 0.478643216080402 0.699748743718593 0.02763819095477387 0.06030150753768844
1 0.3844221105527638 0.7010050251256281 0.02763819095477387 0.05778894472361809
1 0.16959798994974876 0.9547738693467337 0.14321608040201006 0.09045226130653267
1 0.3015075376884422 0.8869346733668342 0.032663316582914576 0.10301507537688442
1 0.3178391959798995 0.8228643216080402 0.052763819095477386 0.10804020100502512
1 0.35050251256281406 0.792713567839196 0.03015075376884422 0.07788944723618091
1 0.29396984924623115 0.7525125628140703 0.02763819095477387 0.04271356783919598
1 0.2135678391959799 0.7336683417085427 0.02763819095477387 0.052763819095477386
1 0.3241206030150754 0.7060301507537688 0.02763819095477387 0.05527638190954774