1 0.9796954314720813 0.8908629441624365 0.04060913705583756 0.16751269035532995
1 0.9289340101522843 0.7411167512690355 0.14213197969543148 0.04060913705583756
1 0.8565989847715736 0.7195431472081218 0.1065989847715736 0.0583756345177665
1 0.8261421319796954 0.6814720812182741 0.08883248730964467 0.03299492385786802
1 0.7779187817258884 0.7322335025380711 0.04568527918781726 0.03299492385786802
1 0.7360406091370558 0.6357868020304569 0.0583756345177665 0.027918781725888325
1 0.7296954314720813 0.5304568527918782 0.0583756345177665 0.030456852791878174
1 0.7258883248730964 0.44416243654822335 0.050761421319796954 0.027918781725888325
1 0.7119289340101523 0.23857868020304568 0.030456852791878174 0.03553299492385787
0 0.7728426395939086 0.3286802030456853 0.08121827411167512 0.048223350253807105
0 0.8109137055837563 0.24238578680203046 0.09137055837563451 0.05583756345177665
0 0.7461928934010152 0.25253807106598986 0.03553299492385787 0.03553299492385787
0 0.8286802030456852 0.15736040609137056 0.10152284263959391 0.05583756345177665
0 0.7677664974619289 0.015228426395939087 0.06345177664974619 0.030456852791878174
0 0.866751269035533 0.03299492385786802 0.10913705583756345 0.06598984771573604