1 0.9630541871921182 0.8645320197044335 0.07389162561576355 0.1625615763546798
1 0.8977832512315271 0.7192118226600985 0.14039408866995073 0.03940886699507389
1 0.8263546798029556 0.6982758620689655 0.10344827586206896 0.05665024630541872
1 0.7967980295566502 0.6613300492610837 0.08620689655172414 0.03201970443349754
1 0.75 0.7105911330049262 0.04433497536945813 0.03201970443349754
1 0.7093596059113301 0.6169950738916257 0.05665024630541872 0.027093596059113302
1 0.7032019704433498 0.5147783251231527 0.05665024630541872 0.029556650246305417
1 0.6995073891625616 0.43103448275862066 0.04926108374384237 0.027093596059113302
1 0.6859605911330049 0.2315270935960591 0.029556650246305417 0.034482758620689655
0 0.7450738916256158 0.31896551724137934 0.07881773399014778 0.046798029556650245
0 0.7820197044334976 0.23522167487684728 0.08866995073891626 0.054187192118226604
0 0.7192118226600985 0.24507389162561577 0.034482758620689655 0.034482758620689655
0 0.7992610837438424 0.15270935960591134 0.09852216748768473 0.054187192118226604
0 0.7401477832512315 0.014778325123152709 0.06157635467980296 0.029556650246305417
0 0.8362068965517241 0.03201970443349754 0.10591133004926108 0.06403940886699508