1 0.04773869346733668 0.31532663316582915 0.09296482412060302 0.07537688442211055
1 0.1306532663316583 0.35678391959798994 0.12814070351758794 0.09296482412060302
1 0.1708542713567839 0.4045226130653266 0.11055276381909548 0.06030150753768844
1 0.2399497487437186 0.2751256281407035 0.0829145728643216 0.05527638190954774
1 0.23869346733668342 0.3492462311557789 0.06030150753768844 0.03768844221105527
1 0.29020100502512564 0.3015075376884422 0.05527638190954774 0.02763819095477387
1 0.3065326633165829 0.4610552763819096 0.05527638190954774 0.04522613065326633
1 0.31532663316582915 0.571608040201005 0.06281407035175879 0.035175879396984924
1 0.3178391959798995 0.6695979899497487 0.06281407035175879 0.04020100502512563
1 0.32914572864321606 0.7474874371859297 0.0678391959798995 0.02512562814070352
0 0.25 0.9183417085427136 0.10050251256281408 0.07788944723618091
0 0.31155778894472363 0.885678391959799 0.04020100502512563 0.03768844221105527
0 0.27386934673366836 0.8027638190954773 0.0728643216080402 0.04522613065326633