1 0.09605263157894736 0.2578947368421053 0.18421052631578946 0.11315789473684211
1 0.17763157894736842 0.3236842105263158 0.12894736842105264 0.05263157894736842
1 0.24210526315789474 0.26842105263157895 0.08947368421052632 0.060526315789473685
1 0.2578947368421053 0.19736842105263158 0.08947368421052632 0.05526315789473684
1 0.3105263157894737 0.18421052631578946 0.039473684210526314 0.02631578947368421
1 0.3223684210526316 0.2236842105263158 0.05 0.02894736842105263
1 0.3263157894736842 0.40789473684210525 0.07105263157894737 0.04473684210526316
1 0.33026315789473687 0.5355263157894737 0.06842105263157895 0.03684210526315789
1 0.33289473684210524 0.6328947368421053 0.07368421052631578 0.03684210526315789
1 0.32763157894736844 0.7197368421052631 0.04736842105263158 0.02894736842105263
0 0.2710526315789474 0.781578947368421 0.10789473684210527 0.05789473684210526
0 0.29078947368421054 0.868421052631579 0.06578947368421052 0.042105263157894736
0 0.20657894736842106 0.9118421052631579 0.10263157894736842 0.06578947368421052