1 0.2549019607843137 0.9056372549019608 0.1053921568627451 0.1715686274509804
1 0.3161764705882353 0.8296568627450981 0.049019607843137254 0.12009803921568628
1 0.2647058823529412 0.7696078431372549 0.056372549019607844 0.08333333333333333
1 0.19852941176470587 0.7549019607843137 0.051470588235294115 0.08333333333333333
1 0.18627450980392157 0.7058823529411765 0.024509803921568627 0.03676470588235294
1 0.22303921568627452 0.6948529411764706 0.02696078431372549 0.04656862745098039
1 0.3946078431372549 0.6911764705882353 0.041666666666666664 0.0661764705882353
1 0.5134803921568627 0.6875 0.03431372549019608 0.06372549019607843
1 0.6041666666666666 0.6850490196078431 0.03431372549019608 0.06862745098039216
1 0.6850490196078431 0.6899509803921569 0.02696078431372549 0.04411764705882353
0 0.7426470588235294 0.7426470588235294 0.05392156862745098 0.10049019607843138
0 0.8235294117647058 0.7242647058823529 0.0392156862745098 0.061274509803921566
0 0.8639705882352942 0.8026960784313726 0.061274509803921566 0.09558823529411764
0 0.9669117647058824 0.7316176470588235 0.04411764705882353 0.051470588235294115
0 0.9754901960784313 0.8112745098039216 0.049019607843137254 0.09803921568627451