0 0.14743589743589744 0.9782051282051282 0.12051282051282051 0.04358974358974359
0 0.18076923076923077 0.8641025641025641 0.1076923076923077 0.07435897435897436
0 0.22564102564102564 0.7448717948717949 0.09743589743589744 0.07435897435897436
0 0.23846153846153847 0.823076923076923 0.07948717948717948 0.05128205128205128
0 0.25256410256410255 0.9743589743589743 0.06923076923076923 0.05128205128205128
1 0.2948717948717949 0.6833333333333333 0.05897435897435897 0.03333333333333333
1 0.29102564102564105 0.5923076923076923 0.05384615384615385 0.035897435897435895
1 0.2923076923076923 0.4948717948717949 0.0641025641025641 0.03076923076923077
1 0.28717948717948716 0.36923076923076925 0.05897435897435897 0.03333333333333333
1 0.28717948717948716 0.1935897435897436 0.06666666666666667 0.046153846153846156
1 0.28076923076923077 0.14487179487179488 0.03333333333333333 0.04871794871794872
1 0.22435897435897437 0.16025641025641027 0.06923076923076923 0.05384615384615385
1 0.13076923076923078 0.2782051282051282 0.12564102564102564 0.08461538461538462
1 0.07307692307692308 0.21153846153846154 0.1358974358974359 0.11025641025641025