0 0.15657894736842104 0.9842105263157894 0.12368421052631579 0.031578947368421054
0 0.19078947368421054 0.8736842105263158 0.11052631578947368 0.07631578947368421
0 0.23684210526315788 0.7513157894736842 0.1 0.07631578947368421
0 0.25 0.8315789473684211 0.08157894736842106 0.05263157894736842
0 0.2644736842105263 0.9802631578947368 0.07105263157894737 0.039473684210526314
1 0.3078947368421053 0.6881578947368421 0.060526315789473685 0.034210526315789476
1 0.30394736842105263 0.5947368421052631 0.05526315789473684 0.03684210526315789
1 0.30526315789473685 0.49473684210526314 0.06578947368421052 0.031578947368421054
1 0.3 0.36578947368421055 0.060526315789473685 0.034210526315789476
1 0.3 0.18552631578947368 0.06842105263157895 0.04736842105263158
1 0.29342105263157897 0.1355263157894737 0.034210526315789476 0.05
1 0.2355263157894737 0.1513157894736842 0.07105263157894737 0.05526315789473684
1 0.1394736842105263 0.2723684210526316 0.12894736842105264 0.0868421052631579
1 0.08026315789473684 0.20394736842105263 0.1394736842105263 0.11315789473684211