1 0.9258793969849246 0.8366834170854272 0.14824120603015076 0.12060301507537688
1 0.8618090452261307 0.7751256281407035 0.12562814070351758 0.06281407035175879
1 0.7663316582914573 0.8907035175879398 0.09045226130653267 0.05025125628140704
1 0.7776381909547738 0.8090452261306532 0.0678391959798995 0.05778894472361809
1 0.7123115577889447 0.8982412060301508 0.032663316582914576 0.03768844221105527
1 0.7097989949748744 0.8517587939698492 0.06281407035175879 0.032663316582914576
1 0.6972361809045227 0.6683417085427136 0.0678391959798995 0.04522613065326633
1 0.6959798994974874 0.5464824120603015 0.0678391959798995 0.04271356783919598
1 0.699748743718593 0.44597989949748745 0.05778894472361809 0.04773869346733668
1 0.7047738693467337 0.3655778894472362 0.04522613065326633 0.03768844221105527
1 0.7010050251256281 0.22236180904522612 0.02512562814070352 0.03768844221105527
0 0.8517587939698492 0.04648241206030151 0.12060301507537688 0.08542713567839195
0 0.7474874371859297 0.06658291457286432 0.08040201005025126 0.06030150753768844
0 0.8115577889447236 0.17336683417085427 0.09798994974874371 0.0728643216080402
0 0.7512562814070352 0.2198492462311558 0.05527638190954774 0.05025125628140704
0 0.7701005025125628 0.30025125628140703 0.08793969849246232 0.06030150753768844