1 0.05 0.15384615384615385 0.1 0.12307692307692308
1 0.08974358974358974 0.21666666666666667 0.1282051282051282 0.0641025641025641
1 0.18717948717948718 0.09871794871794871 0.09230769230769231 0.05128205128205128
1 0.17564102564102563 0.18205128205128204 0.06923076923076923 0.05897435897435897
1 0.2423076923076923 0.09102564102564102 0.03333333333333333 0.038461538461538464
1 0.24487179487179486 0.13846153846153847 0.0641025641025641 0.03333333333333333
1 0.25769230769230766 0.32564102564102565 0.06923076923076923 0.046153846153846156
1 0.258974358974359 0.45 0.06923076923076923 0.04358974358974359
1 0.2551282051282051 0.5525641025641026 0.05897435897435897 0.04871794871794872
1 0.25 0.6346153846153846 0.046153846153846156 0.038461538461538464
1 0.25384615384615383 0.7807692307692308 0.02564102564102564 0.038461538461538464
0 0.1 0.9576923076923077 0.12307692307692308 0.08461538461538462
0 0.2064102564102564 0.9397435897435897 0.08205128205128205 0.06153846153846154
0 0.14102564102564102 0.8307692307692308 0.1 0.07435897435897436
0 0.20256410256410257 0.7833333333333333 0.05641025641025641 0.05128205128205128
0 0.18333333333333332 0.7012820512820512 0.08974358974358974 0.06153846153846154