0 0.8806532663316583 0.03391959798994975 0.12311557788944724 0.0678391959798995
0 0.7876884422110553 0.05025125628140704 0.07788944723618091 0.05778894472361809
0 0.8417085427135679 0.15577889447236182 0.09798994974874371 0.07788944723618091
0 0.7801507537688442 0.1972361809045226 0.06532663316582915 0.04271356783919598
0 0.7964824120603015 0.28391959798994976 0.07537688442211055 0.05778894472361809
1 0.7311557788944724 0.20100502512562815 0.032663316582914576 0.035175879396984924
1 0.7374371859296482 0.3391959798994975 0.05778894472361809 0.035175879396984924
1 0.7361809045226131 0.42839195979899497 0.052763819095477386 0.032663316582914576
1 0.7261306532663316 0.5251256281407035 0.052763819095477386 0.032663316582914576
1 0.7286432160804021 0.6469849246231156 0.06030150753768844 0.035175879396984924
1 0.7286432160804021 0.8341708542713567 0.052763819095477386 0.02512562814070352
1 0.7324120603015075 0.8793969849246231 0.03015075376884422 0.04773869346733668
1 0.7952261306532663 0.8693467336683417 0.07035175879396985 0.05025125628140704
1 0.7989949748743719 0.7889447236180904 0.05527638190954774 0.05025125628140704
1 0.8819095477386935 0.75 0.11055276381909548 0.0678391959798995
1 0.9371859296482412 0.8140703517587939 0.12562814070351758 0.10050251256281408