0 0.13805970149253732 0.9539800995024875 0.12189054726368159 0.09203980099502487
0 0.2300995024875622 0.9253731343283582 0.07711442786069651 0.05721393034825871
0 0.17661691542288557 0.8208955223880597 0.09701492537313433 0.07711442786069651
0 0.23756218905472637 0.7798507462686567 0.06467661691542288 0.04228855721393035
0 0.22139303482587064 0.6940298507462687 0.07462686567164178 0.05721393034825871
1 0.2860696517412935 0.7761194029850746 0.03233830845771144 0.03482587064676617
1 0.2798507462686567 0.6393034825870647 0.05721393034825871 0.03482587064676617
1 0.2810945273631841 0.5509950248756219 0.05223880597014925 0.03233830845771144
1 0.291044776119403 0.4552238805970149 0.05223880597014925 0.03233830845771144
1 0.2885572139303483 0.3345771144278607 0.05970149253731343 0.03482587064676617
1 0.2885572139303483 0.14925373134328357 0.05223880597014925 0.024875621890547265
1 0.2848258706467662 0.1044776119402985 0.029850746268656716 0.0472636815920398
1 0.22263681592039802 0.11442786069651742 0.06965174129353234 0.04975124378109453
1 0.21890547263681592 0.19402985074626866 0.05472636815920398 0.04975124378109453
1 0.13681592039800994 0.2325870646766169 0.10945273631840796 0.06716417910447761
1 0.07213930348258707 0.1691542288557214 0.14427860696517414 0.09950248756218906