1 0.7229381443298969 0.33505154639175255 0.05154639175257732 0.03350515463917526
1 0.7139175257731959 0.19201030927835053 0.028350515463917526 0.03608247422680412
1 0.7190721649484536 0.4252577319587629 0.07216494845360824 0.03608247422680412
1 0.7139175257731959 0.5257731958762887 0.061855670103092786 0.028350515463917526
1 0.7190721649484536 0.6494845360824743 0.059278350515463915 0.03350515463917526
1 0.7177835051546392 0.8414948453608248 0.059278350515463915 0.041237113402061855
1 0.7319587628865979 0.8904639175257731 0.030927835051546393 0.041237113402061855
1 0.7963917525773195 0.884020618556701 0.06958762886597938 0.059278350515463915
1 0.7976804123711341 0.7951030927835051 0.061855670103092786 0.04381443298969072
1 0.8878865979381443 0.75 0.11855670103092783 0.05670103092783505
1 0.9420103092783505 0.8182989690721649 0.11597938144329897 0.10051546391752578
0 0.8762886597938144 0.029639175257731958 0.14432989690721648 0.059278350515463915
0 0.8298969072164949 0.14948453608247422 0.11082474226804123 0.06958762886597938
0 0.7719072164948454 0.18943298969072164 0.07216494845360824 0.04639175257731959
0 0.7860824742268041 0.27319587628865977 0.0979381443298969 0.05670103092783505
0 0.7654639175257731 0.03350515463917526 0.061855670103092786 0.059278350515463915