1 0.6542553191489362 0.7327127659574468 0.034574468085106384 0.05319148936170213
1 0.8018617021276596 0.723404255319149 0.03723404255319149 0.02925531914893617
1 0.5611702127659575 0.7287234042553191 0.03723404255319149 0.07446808510638298
1 0.4574468085106383 0.723404255319149 0.02925531914893617 0.06382978723404255
1 0.32978723404255317 0.7287234042553191 0.034574468085106384 0.061170212765957445
1 0.13164893617021275 0.7273936170212766 0.0425531914893617 0.061170212765957445
1 0.08111702127659574 0.7420212765957447 0.0425531914893617 0.031914893617021274
1 0.08776595744680851 0.8085106382978723 0.061170212765957445 0.07180851063829788
1 0.17952127659574468 0.8098404255319149 0.04521276595744681 0.06382978723404255
1 0.22606382978723405 0.9029255319148937 0.05851063829787234 0.12234042553191489
1 0.15558510638297873 0.949468085106383 0.10372340425531915 0.10106382978723404
0 0.9694148936170213 0.8909574468085106 0.061170212765957445 0.14893617021276595
0 0.8457446808510638 0.8430851063829787 0.07180851063829788 0.11436170212765957
0 0.8045212765957447 0.7832446808510638 0.047872340425531915 0.07446808510638298
0 0.7180851063829787 0.7978723404255319 0.05851063829787234 0.10106382978723404
0 0.9654255319148937 0.776595744680851 0.061170212765957445 0.06382978723404255