1 0.9479695431472082 0.6890862944162437 0.02284263959390863 0.04568527918781726
1 0.868020304568528 0.6789340101522843 0.030456852791878174 0.04060913705583756
1 0.8134517766497462 0.7271573604060914 0.02284263959390863 0.07106598984771574
1 0.7956852791878173 0.7246192893401016 0.03299492385786802 0.07614213197969544
1 0.7829949238578681 0.7449238578680203 0.02284263959390863 0.07614213197969544
1 0.7296954314720813 0.7538071065989848 0.04060913705583756 0.07868020304568528
1 0.6383248730964467 0.7677664974619289 0.050761421319796954 0.08883248730964467
1 0.550761421319797 0.7703045685279187 0.05583756345177665 0.09390862944162437
1 0.4086294416243655 0.7791878172588832 0.06345177664974619 0.1065989847715736
1 0.2436548223350254 0.7931472081218274 0.07868020304568528 0.12436548223350254
1 0.04568527918781726 0.9010152284263959 0.09137055837563451 0.15736040609137056