1 0.7170050761421319 0.07233502538071065 0.04568527918781726 0.02284263959390863
1 0.7068527918781726 0.15228426395939088 0.04060913705583756 0.030456852791878174
1 0.7550761421319797 0.2068527918781726 0.07106598984771574 0.02284263959390863
1 0.7525380710659898 0.22461928934010153 0.07614213197969544 0.03299492385786802
1 0.7728426395939086 0.23730964467005075 0.07614213197969544 0.02284263959390863
1 0.7817258883248731 0.2906091370558376 0.07868020304568528 0.04060913705583756
1 0.7956852791878173 0.3819796954314721 0.08883248730964467 0.050761421319796954
1 0.7982233502538071 0.46954314720812185 0.09390862944162437 0.05583756345177665
1 0.8071065989847716 0.6116751269035533 0.1065989847715736 0.06345177664974619
1 0.8210659898477157 0.7766497461928934 0.12436548223350254 0.07868020304568528
1 0.9251269035532995 0.9644670050761421 0.14974619289340102 0.07106598984771574