0 0.9912060301507538 0.7361809045226131 0.017587939698492462 0.08040201005025126
0 0.9434673366834171 0.7211055276381909 0.035175879396984924 0.07035175879396985
1 0.8693467336683417 0.7010050251256281 0.032663316582914576 0.05778894472361809
1 0.707286432160804 0.6972361809045227 0.035175879396984924 0.06281407035175879
1 0.585427135678392 0.6959798994974874 0.04271356783919598 0.05778894472361809
1 0.6733668341708543 0.7437185929648241 0.02512562814070352 0.0678391959798995
1 0.6520100502512562 0.7763819095477387 0.022613065326633167 0.07035175879396985
1 0.6042713567839196 0.7939698492462312 0.06281407035175879 0.08542713567839195
1 0.47613065326633164 0.821608040201005 0.07788944723618091 0.11809045226130653
1 0.3542713567839196 0.8517587939698492 0.09547738693467336 0.12562814070351758
1 0.12814070351758794 0.9057788944723618 0.12060301507537688 0.17336683417085427