0 0.16140776699029127 0.9842233009708737 0.12864077669902912 0.03155339805825243
0 0.18932038834951456 0.9199029126213593 0.11893203883495146 0.08009708737864078
0 0.24150485436893204 0.8810679611650486 0.05339805825242718 0.0412621359223301
0 0.25849514563106796 0.8106796116504854 0.0825242718446602 0.0412621359223301
0 0.2657766990291262 0.7463592233009708 0.0825242718446602 0.04854368932038835
0 0.2961165048543689 0.6844660194174758 0.08009708737864078 0.03398058252427184
0 0.3070388349514563 0.7512135922330098 0.0412621359223301 0.03640776699029126
0 0.30218446601941745 0.9684466019417476 0.05825242718446602 0.043689320388349516
0 0.30339805825242716 0.8713592233009708 0.050970873786407765 0.03398058252427184
1 0.32524271844660196 0.7706310679611651 0.0412621359223301 0.024271844660194174
1 0.3191747572815534 0.5934466019417476 0.0412621359223301 0.02669902912621359
1 0.32038834951456313 0.5157766990291263 0.055825242718446605 0.03398058252427184
1 0.3179611650485437 0.4308252427184466 0.04611650485436893 0.03398058252427184
1 0.32038834951456313 0.3786407766990291 0.04611650485436893 0.021844660194174758
1 0.2961165048543689 0.2912621359223301 0.05825242718446602 0.038834951456310676
1 0.25606796116504854 0.3871359223300971 0.06310679611650485 0.0412621359223301
1 0.1966019417475728 0.37014563106796117 0.08737864077669903 0.02912621359223301
1 0.13349514563106796 0.2912621359223301 0.10679611650485436 0.08009708737864078
1 0.055825242718446605 0.07524271844660194 0.11165048543689321 0.13106796116504854