0 0.15318627450980393 0.9840686274509803 0.12990196078431374 0.031862745098039214
0 0.18137254901960784 0.9191176470588235 0.12009803921568628 0.08088235294117647
0 0.2340686274509804 0.8799019607843137 0.05392156862745098 0.041666666666666664
0 0.2512254901960784 0.8088235294117647 0.08333333333333333 0.041666666666666664
0 0.25857843137254904 0.7438725490196079 0.08333333333333333 0.049019607843137254
0 0.28921568627450983 0.6813725490196079 0.08088235294117647 0.03431372549019608
0 0.3002450980392157 0.7487745098039216 0.041666666666666664 0.03676470588235294
0 0.29534313725490197 0.9681372549019608 0.058823529411764705 0.04411764705882353
0 0.2965686274509804 0.8700980392156863 0.051470588235294115 0.03431372549019608
1 0.31862745098039214 0.7683823529411765 0.041666666666666664 0.024509803921568627
1 0.3125 0.5894607843137255 0.041666666666666664 0.02696078431372549
1 0.3137254901960784 0.5110294117647058 0.056372549019607844 0.03431372549019608
1 0.3112745098039216 0.4252450980392157 0.04656862745098039 0.03431372549019608
1 0.3137254901960784 0.37254901960784315 0.04656862745098039 0.022058823529411766
1 0.28921568627450983 0.28431372549019607 0.058823529411764705 0.0392156862745098
1 0.24877450980392157 0.38112745098039214 0.06372549019607843 0.041666666666666664
1 0.18872549019607843 0.3639705882352941 0.08823529411764706 0.029411764705882353
1 0.125 0.28431372549019607 0.10784313725490197 0.08088235294117647
1 0.051470588235294115 0.0661764705882353 0.10294117647058823 0.1323529411764706