0 0.08377659574468085 0.9534574468085106 0.15159574468085107 0.06914893617021277
0 0.11170212765957446 0.8563829787234043 0.13297872340425532 0.0797872340425532
0 0.17420212765957446 0.8071808510638298 0.09042553191489362 0.0398936170212766
0 0.20345744680851063 0.723404255319149 0.08776595744680851 0.04521276595744681
0 0.2247340425531915 0.6569148936170213 0.07712765957446809 0.047872340425531915
0 0.24867021276595744 0.5797872340425532 0.07180851063829788 0.04521276595744681
0 0.2526595744680851 0.9773936170212766 0.06382978723404255 0.023936170212765957
0 0.25132978723404253 0.8696808510638298 0.06382978723404255 0.03723404255319149
0 0.2632978723404255 0.7832446808510638 0.05585106382978723 0.034574468085106384
0 0.27393617021276595 0.6569148936170213 0.026595744680851064 0.02925531914893617
1 0.28856382978723405 0.6795212765957447 0.047872340425531915 0.023936170212765957
1 0.2898936170212766 0.48404255319148937 0.05053191489361702 0.02925531914893617
1 0.2872340425531915 0.4002659574468085 0.061170212765957445 0.031914893617021274
1 0.28324468085106386 0.29521276595744683 0.07180851063829788 0.047872340425531915
1 0.28856382978723405 0.22872340425531915 0.05585106382978723 0.023936170212765957
1 0.2726063829787234 0.11170212765957446 0.05319148936170213 0.03723404255319149
1 0.24468085106382978 0.19148936170212766 0.04521276595744681 0.034574468085106384
1 0.19148936170212766 0.24601063829787234 0.06914893617021277 0.034574468085106384
1 0.15691489361702127 0.22606382978723405 0.08244680851063829 0.03723404255319149
1 0.12234042553191489 0.19414893617021275 0.125 0.023936170212765957
1 0.05851063829787234 0.06382978723404255 0.11702127659574468 0.1276595744680851