0 0.9128787878787878 0.8724747474747475 0.06565656565656566 0.14393939393939395
0 0.8207070707070707 0.8459595959595959 0.07575757575757576 0.12626262626262627
0 0.773989898989899 0.7866161616161617 0.03787878787878788 0.08585858585858586
0 0.6944444444444444 0.7588383838383839 0.04292929292929293 0.08333333333333333
0 0.6313131313131313 0.7386363636363636 0.045454545454545456 0.07323232323232323
0 0.5580808080808081 0.7159090909090909 0.04292929292929293 0.06818181818181818
0 0.9356060606060606 0.7121212121212122 0.022727272727272728 0.06060606060606061
0 0.8333333333333334 0.7133838383838383 0.03535353535353535 0.06060606060606061
0 0.7512626262626263 0.702020202020202 0.03282828282828283 0.05303030303030303
0 0.6313131313131313 0.6919191919191919 0.027777777777777776 0.025252525252525252
1 0.6527777777777778 0.678030303030303 0.022727272727272728 0.045454545454545456
1 0.4671717171717172 0.6767676767676768 0.027777777777777776 0.047979797979797977
1 0.38762626262626265 0.6792929292929293 0.030303030303030304 0.05808080808080808
1 0.2878787878787879 0.6830808080808081 0.045454545454545456 0.06818181818181818
1 0.22474747474747475 0.678030303030303 0.022727272727272728 0.05303030303030303
1 0.11363636363636363 0.6931818181818182 0.03535353535353535 0.050505050505050504
1 0.1893939393939394 0.7196969696969697 0.03282828282828283 0.04292929292929293
1 0.24116161616161616 0.7702020202020202 0.03282828282828283 0.06565656565656566
1 0.2222222222222222 0.803030303030303 0.03535353535353535 0.07828282828282829
1 0.1919191919191919 0.8358585858585859 0.022727272727272728 0.11868686868686869
1 0.06818181818181818 0.9204545454545454 0.12121212121212122 0.15656565656565657