0 0.061170212765957445 0.913563829787234 0.12234042553191489 0.11436170212765957
0 0.25930851063829785 0.8537234042553191 0.07180851063829788 0.04521276595744681
0 0.2553191489361702 0.7513297872340425 0.06914893617021277 0.05053191489361702
0 0.25132978723404253 0.6542553191489362 0.07180851063829788 0.026595744680851064
0 0.09175531914893617 0.7726063829787234 0.14627659574468085 0.10638297872340426
0 0.13962765957446807 0.7087765957446809 0.11170212765957446 0.05851063829787234
0 0.18617021276595744 0.5877659574468085 0.09840425531914894 0.05319148936170213
0 0.1981382978723404 0.5159574468085106 0.09042553191489362 0.061170212765957445
0 0.2327127659574468 0.42686170212765956 0.0851063829787234 0.05053191489361702
0 0.26063829787234044 0.5146276595744681 0.05319148936170213 0.0425531914893617
1 0.2845744680851064 0.5 0.05585106382978723 0.010638297872340425
1 0.27393617021276595 0.3191489361702128 0.06648936170212766 0.034574468085106384
1 0.26861702127659576 0.10505319148936171 0.06914893617021277 0.05053191489361702
1 0.26728723404255317 0.22872340425531915 0.06648936170212766 0.0398936170212766
1 0.2579787234042553 0.03723404255319149 0.05319148936170213 0.023936170212765957
1 0.125 0.010638297872340425 0.09574468085106383 0.02127659574468085