0 0.07887700534759358 0.9772727272727273 0.15775401069518716 0.045454545454545456
0 0.29545454545454547 0.9518716577540107 0.07219251336898395 0.045454545454545456
0 0.2914438502673797 0.8489304812834224 0.06951871657754011 0.05080213903743316
0 0.2874331550802139 0.7513368983957219 0.07219251336898395 0.026737967914438502
0 0.1270053475935829 0.8703208556149733 0.14705882352941177 0.10695187165775401
0 0.1751336898395722 0.8061497326203209 0.11229946524064172 0.058823529411764705
0 0.22192513368983957 0.6844919786096256 0.09893048128342247 0.053475935828877004
0 0.2339572192513369 0.6122994652406417 0.09090909090909091 0.06149732620320856
0 0.26871657754010697 0.5227272727272727 0.0855614973262032 0.05080213903743316
0 0.2967914438502674 0.6109625668449198 0.053475935828877004 0.0427807486631016
1 0.32085561497326204 0.5962566844919787 0.05614973262032086 0.0106951871657754
1 0.31016042780748665 0.4144385026737968 0.06684491978609626 0.034759358288770054
1 0.3048128342245989 0.19919786096256684 0.06951871657754011 0.05080213903743316
1 0.303475935828877 0.3235294117647059 0.06684491978609626 0.040106951871657755
1 0.29411764705882354 0.13101604278074866 0.053475935828877004 0.02406417112299465
1 0.29010695187165775 0.0106951871657754 0.05614973262032086 0.0213903743315508
1 0.23529411764705882 0.06149732620320856 0.0427807486631016 0.0427807486631016
1 0.1590909090909091 0.09358288770053476 0.0962566844919786 0.0427807486631016
1 0.12566844919786097 0.0374331550802139 0.10160427807486631 0.0748663101604278