0 0.27486910994764396 0.9764397905759162 0.08900523560209424 0.04712041884816754
0 0.27486910994764396 0.8651832460732984 0.06806282722513089 0.05235602094240838
0 0.05366492146596859 0.9672774869109948 0.10732984293193717 0.06544502617801047
0 0.09947643979057591 0.887434554973822 0.17539267015706805 0.1099476439790576
0 0.18979057591623036 0.7054973821989529 0.10209424083769633 0.07591623036649214
0 0.2761780104712042 0.731675392670157 0.07329842931937172 0.02617801047120419
0 0.21204188481675393 0.5955497382198953 0.10209424083769633 0.06282722513089005
0 0.24345549738219896 0.5026178010471204 0.10209424083769633 0.049738219895287955
0 0.28272251308900526 0.5916230366492147 0.04450261780104712 0.041884816753926704
1 0.3102094240837696 0.612565445026178 0.06806282722513089 0.031413612565445025
1 0.29842931937172773 0.3795811518324607 0.07329842931937172 0.041884816753926704
1 0.29712041884816753 0.27356020942408377 0.07591623036649214 0.03926701570680628
1 0.2931937172774869 0.14528795811518325 0.07591623036649214 0.03664921465968586
1 0.2801047120418848 0.058900523560209424 0.07329842931937172 0.04450261780104712