0 0.9869109947643979 0.7670157068062827 0.02617801047120419 0.08900523560209424
0 0.8861256544502618 0.7670157068062827 0.05235602094240838 0.06806282722513089
0 0.9777486910994765 0.9672774869109948 0.04450261780104712 0.06544502617801047
0 0.9083769633507853 0.9267015706806283 0.1099476439790576 0.14659685863874344
0 0.7264397905759162 0.8520942408376964 0.07591623036649214 0.10209424083769633
0 0.7526178010471204 0.7657068062827225 0.02617801047120419 0.07329842931937172
0 0.6164921465968587 0.8298429319371727 0.06282722513089005 0.10209424083769633
0 0.5235602094240838 0.7984293193717278 0.049738219895287955 0.10209424083769633
0 0.612565445026178 0.7591623036649214 0.041884816753926704 0.04450261780104712
1 0.6335078534031413 0.731675392670157 0.031413612565445025 0.06806282722513089
1 0.4005235602094241 0.743455497382199 0.041884816753926704 0.07329842931937172
1 0.29450261780104714 0.7447643979057592 0.03926701570680628 0.07591623036649214
1 0.1662303664921466 0.7486910994764397 0.03664921465968586 0.07591623036649214
1 0.07984293193717278 0.7617801047120419 0.04450261780104712 0.07329842931937172