0 0.044270833333333336 0.9427083333333334 0.08854166666666667 0.11458333333333333
0 0.11458333333333333 0.72265625 0.15104166666666666 0.1015625
0 0.16276041666666666 0.5846354166666666 0.1328125 0.08854166666666667
0 0.20182291666666666 0.4609375 0.11458333333333333 0.0625
0 0.2604166666666667 0.5755208333333334 0.046875 0.059895833333333336
0 0.23697916666666666 0.7317708333333334 0.0703125 0.049479166666666664
0 0.24088541666666666 0.8684895833333334 0.0859375 0.052083333333333336
0 0.24479166666666666 0.9817708333333334 0.08333333333333333 0.036458333333333336
1 0.2994791666666667 0.58984375 0.03125 0.036458333333333336
1 0.2786458333333333 0.3372395833333333 0.06770833333333333 0.0390625
1 0.2799479166666667 0.20572916666666666 0.08333333333333333 0.041666666666666664
1 0.2630208333333333 0.0625 0.08333333333333333 0.049479166666666664