0 0.9216417910447762 0.945273631840796 0.15671641791044777 0.10945273631840796
0 0.6878109452736318 0.8656716417910447 0.09701492537313433 0.14427860696517414
0 0.5559701492537313 0.8196517412935324 0.0845771144278607 0.12686567164179105
0 0.43781094527363185 0.7823383084577115 0.05970149253731343 0.10945273631840796
0 0.5472636815920398 0.7263681592039801 0.05721393034825871 0.04477611940298507
0 0.6965174129353234 0.7487562189054726 0.0472636815920398 0.06716417910447761
0 0.8271144278606966 0.7450248756218906 0.04975124378109453 0.08208955223880597
0 0.945273631840796 0.7425373134328358 0.05472636815920398 0.07960199004975124
1 0.5609452736318408 0.6890547263681592 0.03482587064676617 0.029850746268656716
1 0.31965174129353235 0.7089552238805971 0.03731343283582089 0.06467661691542288
1 0.19402985074626866 0.7077114427860697 0.03980099502487562 0.07960199004975124
1 0.05721393034825871 0.7238805970149254 0.0472636815920398 0.07960199004975124