0 0.9744897959183674 0.07015306122448979 0.05102040816326531 0.14030612244897958
0 0.9056122448979592 0.3278061224489796 0.16581632653061223 0.11224489795918367
0 0.764030612244898 0.07270408163265306 0.08928571428571429 0.058673469387755105
0 0.764030612244898 0.19770408163265307 0.06887755102040816 0.04336734693877551
0 0.7704081632653061 0.3239795918367347 0.08163265306122448 0.05357142857142857
0 0.7589285714285714 0.4872448979591837 0.061224489795918366 0.05357142857142857
0 0.8571428571428571 0.48086734693877553 0.13520408163265307 0.08928571428571429
0 0.7959183673469388 0.6084183673469388 0.10714285714285714 0.061224489795918366
1 0.7130102040816326 0.4744897959183674 0.04591836734693878 0.03571428571428571
1 0.7244897959183674 0.7346938775510204 0.06887755102040816 0.04846938775510204
1 0.7181122448979592 0.860969387755102 0.06887755102040816 0.04336734693877551