0 0.962378640776699 0.9502427184466019 0.07524271844660194 0.09466019417475728
0 0.6966019417475728 0.875 0.10922330097087378 0.15048543689320387
0 0.9393203883495146 0.7148058252427184 0.04611650485436893 0.08737864077669903
0 0.8155339805825242 0.7160194174757282 0.038834951456310676 0.0703883495145631
0 0.6905339805825242 0.7257281553398058 0.04854368932038835 0.08009708737864078
0 0.5266990291262136 0.7257281553398058 0.04854368932038835 0.06796116504854369
0 0.5400485436893204 0.8228155339805825 0.08737864077669903 0.1407766990291262
0 0.41504854368932037 0.7609223300970874 0.06310679611650485 0.09223300970873786
1 0.5436893203883495 0.6699029126213593 0.03398058252427184 0.043689320388349516
1 0.28883495145631066 0.6966019417475728 0.03640776699029126 0.05339805825242718
1 0.1262135922330097 0.6978155339805825 0.024271844660194174 0.06553398058252427
1 0.01699029126213592 0.7184466019417476 0.03398058252427184 0.09223300970873786