0 0.02904040404040404 0.9659090909090909 0.05808080808080808 0.06818181818181818
0 0.08712121212121213 0.6944444444444444 0.15656565656565657 0.11363636363636363
0 0.2537878787878788 0.946969696969697 0.09090909090909091 0.047979797979797977
0 0.25252525252525254 0.8181818181818182 0.07323232323232323 0.04040404040404041
0 0.24242424242424243 0.6881313131313131 0.08333333333333333 0.050505050505050504
0 0.24242424242424243 0.5176767676767676 0.0707070707070707 0.050505050505050504
0 0.1414141414141414 0.5315656565656566 0.14646464646464646 0.09090909090909091
0 0.2058080808080808 0.4015151515151515 0.09595959595959595 0.06565656565656566
1 0.3005050505050505 0.5353535353535354 0.045454545454545456 0.03535353535353535
1 0.2727272727272727 0.2702020202020202 0.05555555555555555 0.03787878787878788
1 0.27146464646464646 0.10101010101010101 0.06818181818181818 0.025252525252525252