0 0.14285714285714285 0.8737244897959183 0.09948979591836735 0.04591836734693878
0 0.18877551020408162 0.8392857142857143 0.07908163265306123 0.04846938775510204
0 0.21683673469387754 0.9387755102040817 0.07397959183673469 0.04591836734693878
0 0.22576530612244897 0.9821428571428571 0.06887755102040816 0.03571428571428571
1 0.2627551020408163 0.7895408163265306 0.061224489795918366 0.02295918367346939
1 0.2538265306122449 0.7474489795918368 0.04591836734693878 0.030612244897959183
1 0.25637755102040816 0.6772959183673469 0.04846938775510204 0.03571428571428571
1 0.24744897959183673 0.6173469387755102 0.04591836734693878 0.04081632653061224
1 0.2461734693877551 0.5331632653061225 0.06887755102040816 0.04336734693877551
1 0.23979591836734693 0.4502551020408163 0.0663265306122449 0.04081632653061224
1 0.22321428571428573 0.3711734693877551 0.06887755102040816 0.04846938775510204
1 0.2002551020408163 0.274234693877551 0.08163265306122448 0.05102040816326531