0 0.8960526315789473 0.8763157894736842 0.04736842105263158 0.10263157894736842
0 0.8605263157894737 0.8289473684210527 0.05 0.08157894736842106
0 0.9631578947368421 0.8 0.04736842105263158 0.07631578947368421
0 0.9947368421052631 0.7907894736842105 0.010526315789473684 0.07105263157894737
1 0.8092105263157895 0.7526315789473684 0.02368421052631579 0.06315789473684211
1 0.7657894736842106 0.7618421052631579 0.031578947368421054 0.04736842105263158
1 0.6934210526315789 0.7592105263157894 0.03684210526315789 0.05
1 0.631578947368421 0.7684210526315789 0.042105263157894736 0.04736842105263158
1 0.5447368421052632 0.7697368421052632 0.04473684210526316 0.07105263157894737
1 0.45921052631578946 0.7763157894736842 0.042105263157894736 0.06842105263157895
1 0.37763157894736843 0.7934210526315789 0.05 0.07105263157894737
1 0.2776315789473684 0.8171052631578948 0.05263157894736842 0.08421052631578947