0 0.9913366336633663 0.6806930693069307 0.017326732673267328 0.04950495049504951
0 0.9641089108910891 0.6893564356435643 0.024752475247524754 0.0594059405940594
0 0.9257425742574258 0.693069306930693 0.034653465346534656 0.06435643564356436
0 0.8886138613861386 0.7066831683168316 0.034653465346534656 0.07425742574257425
0 0.8527227722772277 0.719059405940594 0.03217821782178218 0.06683168316831684
0 0.7722772277227723 0.7561881188118812 0.05198019801980198 0.07673267326732673
1 0.8638613861386139 0.6547029702970297 0.019801980198019802 0.0297029702970297
1 0.8292079207920792 0.6534653465346535 0.017326732673267328 0.039603960396039604
1 0.7735148514851485 0.6695544554455446 0.012376237623762377 0.04455445544554455
1 0.7227722772277227 0.6794554455445545 0.017326732673267328 0.039603960396039604
1 0.6868811881188119 0.6918316831683168 0.034653465346534656 0.04950495049504951
1 0.620049504950495 0.6881188118811881 0.034653465346534656 0.06188118811881188
1 0.5668316831683168 0.698019801980198 0.03712871287128713 0.06188118811881188
1 0.4777227722772277 0.7079207920792079 0.05198019801980198 0.054455445544554455
1 0.40965346534653463 0.7079207920792079 0.039603960396039604 0.08415841584158416
1 0.32673267326732675 0.7314356435643564 0.04702970297029703 0.06930693069306931
1 0.23514851485148514 0.7524752475247525 0.054455445544554455 0.07920792079207921