0 0.7713567839195979 0.2876884422110553 0.08040201005025126 0.0678391959798995
0 0.6846733668341709 0.010050251256281407 0.03768844221105527 0.020100502512562814
0 0.6959798994974874 0.06909547738693467 0.04522613065326633 0.01507537688442211
0 0.7022613065326633 0.10301507537688442 0.05778894472361809 0.03015075376884422
0 0.7198492462311558 0.14698492462311558 0.06532663316582915 0.03768844221105527
0 0.7286432160804021 0.1771356783919598 0.052763819095477386 0.032663316582914576
0 0.7361809045226131 0.21105527638190955 0.05778894472361809 0.035175879396984924
0 0.7361809045226131 0.2550251256281407 0.05778894472361809 0.03015075376884422
1 0.6708542713567839 0.19597989949748743 0.035175879396984924 0.022613065326633167
1 0.6670854271356784 0.228643216080402 0.03768844221105527 0.01507537688442211
1 0.6934673366834171 0.33668341708542715 0.04020100502512563 0.01507537688442211
1 0.6959798994974874 0.37185929648241206 0.035175879396984924 0.022613065326633167
1 0.7060301507537688 0.4371859296482412 0.05025125628140704 0.02763819095477387
1 0.7097989949748744 0.4937185929648241 0.05025125628140704 0.03015075376884422
1 0.7173366834170855 0.5741206030150754 0.07035175879396985 0.032663316582914576
1 0.7185929648241206 0.657035175879397 0.06532663316582915 0.032663316582914576
1 0.7474874371859297 0.7361809045226131 0.0678391959798995 0.04020100502512563
1 0.7738693467336684 0.8341708542713567 0.08542713567839195 0.052763819095477386