0 0.7264397905759162 0.049738219895287955 0.028795811518324606 0.020942408376963352
0 0.7198952879581152 0.12696335078534032 0.034031413612565446 0.01832460732984293
0 0.731675392670157 0.19895287958115182 0.041884816753926704 0.02617801047120419
0 0.7369109947643979 0.22251308900523561 0.04712041884816754 0.020942408376963352
0 0.7447643979057592 0.2369109947643979 0.04450261780104712 0.015706806282722512
0 0.7486910994764397 0.27225130890052357 0.05235602094240838 0.034031413612565446
0 0.7670157068062827 0.3102094240837696 0.06544502617801047 0.03664921465968586
0 0.7787958115183246 0.3468586387434555 0.06282722513089005 0.03926701570680628
0 0.7787958115183246 0.39267015706806285 0.060209424083769635 0.034031413612565446
0 0.8232984293193717 0.42670157068062825 0.06544502617801047 0.049738219895287955
1 0.7107329842931938 0.31544502617801046 0.031413612565445025 0.015706806282722512
1 0.7133507853403142 0.3481675392670157 0.02617801047120419 0.020942408376963352
1 0.7068062827225131 0.14921465968586387 0.02617801047120419 0.007853403141361256
1 0.7408376963350786 0.5052356020942408 0.049738219895287955 0.031413612565445025
1 0.7356020942408377 0.46335078534031415 0.03926701570680628 0.015706806282722512
1 0.7513089005235603 0.5680628272251309 0.04712041884816754 0.028795811518324606
1 0.7578534031413613 0.6295811518324608 0.04712041884816754 0.034031413612565446
1 0.7670157068062827 0.7133507853403142 0.0549738219895288 0.028795811518324606
1 0.774869109947644 0.8089005235602095 0.06806282722513089 0.041884816753926704
1 0.8023560209424084 0.9083769633507853 0.06544502617801047 0.04712041884816754
1 0.8350785340314136 0.9908376963350786 0.09424083769633508 0.01832460732984293