0 0.9936224489795918 0.673469387755102 0.012755102040816327 0.030612244897959183
0 0.9311224489795918 0.6823979591836735 0.02040816326530612 0.02806122448979592
0 0.8558673469387755 0.6760204081632653 0.017857142857142856 0.03316326530612245
0 0.7857142857142857 0.6875 0.025510204081632654 0.04081632653061224
0 0.7627551020408163 0.6926020408163265 0.02040816326530612 0.04591836734693878
0 0.7487244897959183 0.7002551020408163 0.015306122448979591 0.04336734693877551
0 0.7142857142857143 0.7040816326530612 0.03316326530612245 0.05102040816326531
0 0.6772959183673469 0.7219387755102041 0.03571428571428571 0.06377551020408163
0 0.6415816326530612 0.7334183673469388 0.03826530612244898 0.061224489795918366
0 0.5969387755102041 0.7334183673469388 0.03316326530612245 0.058673469387755105
0 0.5637755102040817 0.7767857142857143 0.04846938775510204 0.06377551020408163
1 0.6721938775510204 0.6670918367346939 0.015306122448979591 0.030612244897959183
1 0.6403061224489796 0.6696428571428571 0.02040816326530612 0.025510204081632654
1 0.8341836734693877 0.6632653061224489 0.007653061224489796 0.025510204081632654
1 0.4872448979591837 0.6964285714285714 0.030612244897959183 0.04846938775510204
1 0.5280612244897959 0.6913265306122449 0.015306122448979591 0.03826530612244898
1 0.4260204081632653 0.7066326530612245 0.02806122448979592 0.04591836734693878
1 0.36607142857142855 0.7130102040816326 0.03316326530612245 0.04591836734693878
1 0.2844387755102041 0.7219387755102041 0.02806122448979592 0.05357142857142857
1 0.1913265306122449 0.7295918367346939 0.04081632653061224 0.0663265306122449
1 0.09438775510204081 0.7563775510204082 0.04591836734693878 0.06377551020408163
1 0.011479591836734694 0.7882653061224489 0.02295918367346939 0.09183673469387756