0 0.3226600985221675 0.9458128078817734 0.03940886699507389 0.024630541871921183
0 0.32389162561576357 0.8731527093596059 0.03940886699507389 0.027093596059113302
0 0.32019704433497537 0.8177339901477833 0.03201970443349754 0.014778325123152709
0 0.33004926108374383 0.7413793103448276 0.027093596059113302 0.012315270935960592
0 0.31527093596059114 0.6564039408866995 0.04433497536945813 0.024630541871921183
0 0.3041871921182266 0.6133004926108374 0.06157635467980296 0.029556650246305417
0 0.29679802955665024 0.5763546798029556 0.04433497536945813 0.024630541871921183
0 0.28448275862068967 0.5443349753694581 0.05172413793103448 0.024630541871921183
0 0.2770935960591133 0.49261083743842365 0.06896551724137931 0.03694581280788178
0 0.2438423645320197 0.437192118226601 0.09359605911330049 0.024630541871921183
0 0.2229064039408867 0.4766009852216749 0.07635467980295567 0.022167487684729065
1 0.33866995073891626 0.7266009852216748 0.04187192118226601 0.014778325123152709
1 0.3448275862068966 0.5775862068965517 0.029556650246305417 0.017241379310344827
1 0.33866995073891626 0.541871921182266 0.03201970443349754 0.017241379310344827
1 0.32389162561576357 0.3977832512315271 0.034482758620689655 0.024630541871921183
1 0.3054187192118227 0.3275862068965517 0.059113300492610835 0.034482758620689655
1 0.3017241379310345 0.2684729064039409 0.05172413793103448 0.03940886699507389
1 0.29802955665024633 0.17857142857142858 0.06157635467980296 0.034482758620689655
1 0.2672413793103448 0.009852216748768473 0.08620689655172414 0.019704433497536946