0 0.943717277486911 0.7290575916230366 0.028795811518324606 0.041884816753926704
0 0.8848167539267016 0.7329842931937173 0.015706806282722512 0.034031413612565446
0 0.8036649214659686 0.7225130890052356 0.013089005235602094 0.028795811518324606
0 0.7133507853403142 0.7382198952879581 0.02617801047120419 0.04712041884816754
0 0.6675392670157068 0.75 0.031413612565445025 0.06544502617801047
0 0.6282722513089005 0.7578534031413613 0.02617801047120419 0.04712041884816754
0 0.5942408376963351 0.7709424083769634 0.02617801047120419 0.0549738219895288
0 0.5392670157068062 0.7787958115183246 0.03926701570680628 0.07329842931937172
0 0.4803664921465969 0.8141361256544503 0.02617801047120419 0.09947643979057591
0 0.5222513089005235 0.8363874345549738 0.02356020942408377 0.08115183246073299
1 0.7879581151832461 0.7133507853403142 0.015706806282722512 0.04450261780104712
1 0.6295811518324608 0.7068062827225131 0.01832460732984293 0.031413612565445025
1 0.5916230366492147 0.7133507853403142 0.01832460732984293 0.034031413612565446
1 0.43848167539267013 0.7290575916230366 0.02617801047120419 0.03664921465968586
1 0.36387434554973824 0.7486910994764397 0.03664921465968586 0.06282722513089005
1 0.3010471204188482 0.7526178010471204 0.041884816753926704 0.0549738219895288
1 0.2054973821989529 0.756544502617801 0.03664921465968586 0.06544502617801047
1 0.01832460732984293 0.7905759162303665 0.03664921465968586 0.09162303664921466