0 0.9368811881188119 0.6472772277227723 0.024752475247524754 0.039603960396039604
0 0.870049504950495 0.6460396039603961 0.022277227722772276 0.04455445544554455
0 0.8081683168316832 0.6485148514851485 0.0297029702970297 0.03712871287128713
0 0.7339108910891089 0.6448019801980198 0.024752475247524754 0.03217821782178218
0 0.6472772277227723 0.6608910891089109 0.03217821782178218 0.04702970297029703
0 0.5977722772277227 0.681930693069307 0.022277227722772276 0.03217821782178218
0 0.5705445544554455 0.6905940594059405 0.022277227722772276 0.054455445544554455
0 0.5272277227722773 0.693069306930693 0.03217821782178218 0.04207920792079208
0 0.47896039603960394 0.7141089108910891 0.04207920792079208 0.06930693069306931
0 0.44183168316831684 0.7537128712871287 0.054455445544554455 0.08415841584158416
1 0.5693069306930693 0.6448019801980198 0.01485148514851485 0.034653465346534656
1 0.5321782178217822 0.6410891089108911 0.019801980198019802 0.039603960396039604
1 0.45544554455445546 0.6547029702970297 0.01485148514851485 0.0297029702970297
1 0.47648514851485146 0.6534653465346535 0.012376237623762377 0.03217821782178218
1 0.38242574257425743 0.6782178217821783 0.03217821782178218 0.04207920792079208
1 0.3118811881188119 0.6893564356435643 0.0297029702970297 0.04455445544554455
1 0.24752475247524752 0.7029702970297029 0.024752475247524754 0.04455445544554455
1 0.15099009900990099 0.7079207920792079 0.024752475247524754 0.05693069306930693
1 0.0594059405940594 0.7042079207920792 0.03712871287128713 0.06683168316831684