0 0.6580882352941176 0.06495098039215687 0.0392156862745098 0.024509803921568627
0 0.6568627450980392 0.13112745098039216 0.04411764705882353 0.022058823529411766
0 0.6593137254901961 0.19240196078431374 0.03676470588235294 0.029411764705882353
0 0.6556372549019608 0.2659313725490196 0.031862745098039214 0.024509803921568627
0 0.6715686274509803 0.35171568627450983 0.04656862745098039 0.031862745098039214
0 0.6924019607843137 0.4007352941176471 0.031862745098039214 0.022058823529411766
0 0.7009803921568627 0.42769607843137253 0.05392156862745098 0.022058823529411766
0 0.7034313725490197 0.47058823529411764 0.041666666666666664 0.031862745098039214
0 0.7242647058823529 0.5183823529411765 0.06862745098039216 0.041666666666666664
0 0.7634803921568627 0.5551470588235294 0.08333333333333333 0.05392156862745098
1 0.6556372549019608 0.42892156862745096 0.03431372549019608 0.014705882352941176
1 0.6519607843137255 0.46568627450980393 0.0392156862745098 0.0196078431372549
1 0.6654411764705882 0.5416666666666666 0.029411764705882353 0.014705882352941176
1 0.6642156862745098 0.5208333333333334 0.031862745098039214 0.012254901960784314
1 0.6887254901960784 0.6139705882352942 0.041666666666666664 0.031862745098039214
1 0.6997549019607843 0.6838235294117647 0.04411764705882353 0.029411764705882353
1 0.7132352941176471 0.7475490196078431 0.04411764705882353 0.024509803921568627
1 0.7181372549019608 0.8431372549019608 0.056372549019607844 0.024509803921568627
1 0.7144607843137255 0.9338235294117647 0.0661764705882353 0.03676470588235294