0 0.667910447761194 0.036069651741293535 0.029850746268656716 0.017412935323383085
0 0.6654228855721394 0.11442786069651742 0.03233830845771144 0.01990049751243781
0 0.6791044776119403 0.18407960199004975 0.04228855721393035 0.01990049751243781
0 0.6927860696517413 0.2126865671641791 0.04477611940298507 0.029850746268656716
0 0.7139303482587065 0.2599502487562189 0.05970149253731343 0.03482587064676617
0 0.7126865671641791 0.2972636815920398 0.05721393034825871 0.03233830845771144
0 0.7238805970149254 0.3358208955223881 0.06965174129353234 0.03731343283582089
0 0.7338308457711443 0.3880597014925373 0.07711442786069651 0.04975124378109453
0 0.7910447761194029 0.44029850746268656 0.09950248756218906 0.05721393034825871
1 0.6616915422885572 0.2922885572139303 0.03980099502487562 0.022388059701492536
1 0.6554726368159204 0.13432835820895522 0.04228855721393035 0.012437810945273632
1 0.6579601990049752 0.3283582089552239 0.03482587064676617 0.022388059701492536
1 0.6703980099502488 0.39427860696517414 0.03980099502487562 0.017412935323383085
1 0.6753731343283582 0.4154228855721393 0.04477611940298507 0.014925373134328358
1 0.6878109452736318 0.49129353233830847 0.05223880597014925 0.029850746268656716
1 0.695273631840796 0.5609452736318408 0.05223880597014925 0.03233830845771144
1 0.7077114427860697 0.6181592039800995 0.06218905472636816 0.03731343283582089
1 0.7089552238805971 0.7114427860696517 0.06467661691542288 0.03482587064676617
1 0.7164179104477612 0.8084577114427861 0.05721393034825871 0.024875621890547265
1 0.7412935323383084 0.9067164179104478 0.06716417910447761 0.04975124378109453