0 0.970360824742268 0.7023195876288659 0.01804123711340206 0.030927835051546393
0 0.8891752577319587 0.6997422680412371 0.020618556701030927 0.03350515463917526
0 0.8170103092783505 0.7139175257731959 0.020618556701030927 0.04381443298969072
0 0.7873711340206185 0.7280927835051546 0.030927835051546393 0.04639175257731959
0 0.7384020618556701 0.75 0.03608247422680412 0.061855670103092786
0 0.6997422680412371 0.7487113402061856 0.03350515463917526 0.059278350515463915
0 0.6597938144329897 0.7603092783505154 0.03865979381443299 0.07216494845360824
0 0.6056701030927835 0.770618556701031 0.05154639175257732 0.07989690721649484
0 0.5515463917525774 0.8298969072164949 0.059278350515463915 0.10309278350515463
1 0.7048969072164949 0.6958762886597938 0.023195876288659795 0.041237113402061855
1 0.8685567010309279 0.6894329896907216 0.01288659793814433 0.04381443298969072
1 0.6675257731958762 0.6920103092783505 0.023195876288659795 0.03608247422680412
1 0.5992268041237113 0.7048969072164949 0.01804123711340206 0.041237113402061855
1 0.5773195876288659 0.7100515463917526 0.015463917525773196 0.04639175257731959
1 0.49871134020618557 0.7229381443298969 0.030927835051546393 0.05412371134020619
1 0.4265463917525773 0.7306701030927835 0.03350515463917526 0.05412371134020619
1 0.36726804123711343 0.7435567010309279 0.03865979381443299 0.06443298969072164
1 0.2706185567010309 0.7448453608247423 0.03608247422680412 0.06701030927835051
1 0.17010309278350516 0.7525773195876289 0.02577319587628866 0.059278350515463915
1 0.06829896907216494 0.7783505154639175 0.05154639175257732 0.06958762886597938