1 0.9789473684210527 0.6710526315789473 0.02894736842105263 0.04473684210526316
1 0.9026315789473685 0.6618421052631579 0.015789473684210527 0.03684210526315789
1 0.8355263157894737 0.6671052631578948 0.021052631578947368 0.05263157894736842
1 0.7223684210526315 0.6631578947368421 0.018421052631578946 0.04736842105263158
1 0.743421052631579 0.6763157894736842 0.021052631578947368 0.039473684210526314
1 0.7684210526315789 0.7289473684210527 0.039473684210526314 0.07105263157894737
1 0.7052631578947368 0.743421052631579 0.039473684210526314 0.07368421052631578
1 0.6447368421052632 0.743421052631579 0.05526315789473684 0.07894736842105263
1 0.5539473684210526 0.7697368421052632 0.05789473684210526 0.1
1 0.45657894736842103 0.7618421052631579 0.06578947368421052 0.1
1 0.4 0.8263157894736842 0.08421052631578947 0.08947368421052632
1 0.3118421052631579 0.9118421052631579 0.08947368421052632 0.15