0 0.6683417085427136 0.010050251256281407 0.06532663316582915 0.020100502512562814
1 0.6620603015075377 0.05778894472361809 0.04271356783919598 0.02763819095477387
1 0.6582914572864321 0.11683417085427136 0.04020100502512563 0.02512562814070352
1 0.657035175879397 0.19472361809045227 0.04020100502512563 0.020100502512562814
1 0.6658291457286433 0.2876884422110553 0.04020100502512563 0.035175879396984924
1 0.7198492462311558 0.25125628140703515 0.06030150753768844 0.03015075376884422
1 0.7261306532663316 0.3203517587939699 0.0678391959798995 0.04773869346733668
1 0.7374371859296482 0.3743718592964824 0.08040201005025126 0.05527638190954774
1 0.7487437185929648 0.4685929648241206 0.09296482412060302 0.05527638190954774
1 0.7625628140703518 0.5678391959798995 0.09296482412060302 0.06281407035175879
1 0.8316582914572864 0.628140703517588 0.12311557788944724 0.0829145728643216
1 0.9246231155778895 0.7336683417085427 0.14321608040201006 0.11055276381909548