0 0.6841463414634147 0.006097560975609756 0.06097560975609756 0.012195121951219513
0 0.6695121951219513 0.03170731707317073 0.06341463414634146 0.03170731707317073
1 0.6621951219512195 0.08536585365853659 0.041463414634146344 0.026829268292682926
1 0.6585365853658537 0.14268292682926828 0.03902439024390244 0.024390243902439025
1 0.6573170731707317 0.21829268292682927 0.03902439024390244 0.01951219512195122
1 0.6658536585365854 0.30853658536585366 0.03902439024390244 0.03414634146341464
1 0.7182926829268292 0.2731707317073171 0.05853658536585366 0.02926829268292683
1 0.724390243902439 0.3402439024390244 0.06585365853658537 0.046341463414634146
1 0.7353658536585366 0.3926829268292683 0.07804878048780488 0.05365853658536585
1 0.7463414634146341 0.4841463414634146 0.09024390243902439 0.05365853658536585
1 0.7597560975609756 0.5804878048780487 0.09024390243902439 0.06097560975609756
1 0.8268292682926829 0.6390243902439025 0.11951219512195121 0.08048780487804878
1 0.9170731707317074 0.7414634146341463 0.13902439024390245 0.1073170731707317