0 0.3470744680851064 0.9840425531914894 0.061170212765957445 0.031914893617021274
1 0.36569148936170215 0.9215425531914894 0.047872340425531915 0.026595744680851064
1 0.3696808510638298 0.851063829787234 0.05585106382978723 0.023936170212765957
1 0.3723404255319149 0.773936170212766 0.04521276595744681 0.026595744680851064
1 0.35904255319148937 0.6715425531914894 0.05851063829787234 0.0398936170212766
1 0.3351063829787234 0.7553191489361702 0.05851063829787234 0.023936170212765957
1 0.30319148936170215 0.714095744680851 0.07446808510638298 0.0425531914893617
1 0.29388297872340424 0.636968085106383 0.04521276595744681 0.0398936170212766
1 0.27393617021276595 0.5718085106382979 0.07180851063829788 0.05053191489361702
1 0.261968085106383 0.4640957446808511 0.07712765957446809 0.047872340425531915
1 0.24867021276595744 0.34308510638297873 0.09042553191489362 0.06382978723404255
1 0.14893617021276595 0.2632978723404255 0.14095744680851063 0.09042553191489362
1 0.04920212765957447 0.08377659574468085 0.09042553191489362 0.16489361702127658