1 0.35561497326203206 0.9879679144385026 0.0481283422459893 0.02406417112299465
1 0.3582887700534759 0.9197860962566845 0.05614973262032086 0.02406417112299465
1 0.3609625668449198 0.8422459893048129 0.045454545454545456 0.026737967914438502
1 0.34759358288770054 0.7393048128342246 0.058823529411764705 0.040106951871657755
1 0.3235294117647059 0.8235294117647058 0.058823529411764705 0.02406417112299465
1 0.2914438502673797 0.7820855614973262 0.0748663101604278 0.0427807486631016
1 0.2820855614973262 0.7045454545454546 0.045454545454545456 0.040106951871657755
1 0.2620320855614973 0.6390374331550802 0.07219251336898395 0.05080213903743316
1 0.25 0.5307486631016043 0.07754010695187166 0.0481283422459893
1 0.23663101604278075 0.4090909090909091 0.09090909090909091 0.06417112299465241
1 0.13636363636363635 0.32887700534759357 0.14171122994652408 0.09090909090909091
1 0.04144385026737968 0.14705882352941177 0.08288770053475936 0.1657754010695187