1 0.299738219895288 0.9581151832460733 0.04712041884816754 0.031413612565445025
1 0.30497382198952877 0.887434554973822 0.0549738219895288 0.020942408376963352
1 0.3036649214659686 0.8089005235602095 0.03664921465968586 0.020942408376963352
1 0.2918848167539267 0.7120418848167539 0.060209424083769635 0.034031413612565446
1 0.2604712041884817 0.7879581151832461 0.06806282722513089 0.02617801047120419
1 0.22643979057591623 0.743455497382199 0.07068062827225131 0.04450261780104712
1 0.21858638743455497 0.668848167539267 0.08900523560209424 0.05235602094240838
1 0.2094240837696335 0.6007853403141361 0.07591623036649214 0.05235602094240838
1 0.18455497382198952 0.4829842931937173 0.09947643979057591 0.06282722513089005
1 0.17146596858638743 0.3507853403141361 0.1099476439790576 0.07853403141361257
1 0.061518324607329845 0.2342931937172775 0.12303664921465969 0.12303664921465969