0 0.9739583333333334 0.6979166666666666 0.033854166666666664 0.0625
1 0.9140625 0.67578125 0.03125 0.046875
1 0.84375 0.6705729166666666 0.020833333333333332 0.0546875
1 0.765625 0.671875 0.020833333333333332 0.036458333333333336
1 0.6692708333333334 0.68359375 0.033854166666666664 0.059895833333333336
1 0.7447916666666666 0.71484375 0.026041666666666668 0.06770833333333333
1 0.7005208333333334 0.7486979166666666 0.044270833333333336 0.0703125
1 0.6263020833333334 0.7565104166666666 0.052083333333333336 0.08854166666666667
1 0.55859375 0.765625 0.052083333333333336 0.07552083333333333
1 0.44140625 0.7903645833333334 0.0625 0.09895833333333333
1 0.3098958333333333 0.8033854166666666 0.078125 0.109375
1 0.19401041666666666 0.921875 0.12239583333333333 0.140625