0 0.6803482587064676 0.004975124378109453 0.06716417910447761 0.009950248756218905
0 0.6716417910447762 0.03731343283582089 0.05223880597014925 0.029850746268656716
1 0.664179104477612 0.09701492537313433 0.0472636815920398 0.029850746268656716
1 0.6579601990049752 0.16293532338308458 0.05223880597014925 0.022388059701492536
1 0.6567164179104478 0.23507462686567165 0.04477611940298507 0.024875621890547265
1 0.667910447761194 0.332089552238806 0.04228855721393035 0.02736318407960199
1 0.6915422885572139 0.2562189054726368 0.06218905472636816 0.022388059701492536
1 0.7276119402985075 0.2997512437810945 0.07711442786069651 0.03731343283582089
1 0.7425373134328358 0.3694029850746269 0.07711442786069651 0.0472636815920398
1 0.7574626865671642 0.44029850746268656 0.0845771144278607 0.05223880597014925
1 0.7723880597014925 0.5534825870646766 0.09701492537313433 0.06467661691542288
1 0.7960199004975125 0.6840796019900498 0.10945273631840796 0.07960199004975124
1 0.9054726368159204 0.7985074626865671 0.14427860696517414 0.11940298507462686