0 0.32142857142857145 0.9901477832512315 0.0665024630541872 0.019704433497536946
0 0.33004926108374383 0.9532019704433498 0.05172413793103448 0.029556650246305417
1 0.3374384236453202 0.8940886699507389 0.046798029556650245 0.029556650246305417
1 0.3435960591133005 0.8288177339901478 0.05172413793103448 0.022167487684729065
1 0.3448275862068966 0.7573891625615764 0.04433497536945813 0.024630541871921183
1 0.33374384236453203 0.6613300492610837 0.04187192118226601 0.027093596059113302
1 0.3103448275862069 0.7364532019704434 0.06157635467980296 0.022167487684729065
1 0.2746305418719212 0.6933497536945813 0.07635467980295567 0.03694581280788178
1 0.25985221674876846 0.624384236453202 0.07635467980295567 0.046798029556650245
1 0.24507389162561577 0.5541871921182266 0.08374384236453201 0.05172413793103448
1 0.23029556650246305 0.4421182266009852 0.0960591133004926 0.06403940886699508
1 0.20689655172413793 0.312807881773399 0.10837438423645321 0.07881773399014778
1 0.09852216748768473 0.19950738916256158 0.14285714285714285 0.11822660098522167