0 0.6915422885572139 0.01990049751243781 0.06965174129353234 0.03731343283582089
0 0.677860696517413 0.06467661691542288 0.06965174129353234 0.029850746268656716
1 0.6579601990049752 0.1256218905472637 0.05472636815920398 0.029850746268656716
1 0.6492537313432836 0.19154228855721392 0.03980099502487562 0.029850746268656716
1 0.6703980099502488 0.3656716417910448 0.04477611940298507 0.03482587064676617
1 0.6517412935323383 0.26741293532338306 0.03233830845771144 0.022388059701492536
1 0.7288557213930348 0.3358208955223881 0.06965174129353234 0.04477611940298507
1 0.7487562189054726 0.41044776119402987 0.0845771144278607 0.0472636815920398
1 0.7649253731343284 0.48258706467661694 0.08955223880597014 0.05472636815920398
1 0.777363184079602 0.6044776119402985 0.08955223880597014 0.06965174129353234
1 0.8009950248756219 0.75 0.12189054726368159 0.08706467661691543
1 0.9303482587064676 0.8980099502487562 0.13930348258706468 0.13930348258706468