0 0.9934895833333334 0.6692708333333334 0.013020833333333334 0.07291666666666667
0 0.9609375 0.6549479166666666 0.03125 0.07291666666666667
1 0.8971354166666666 0.6341145833333334 0.03125 0.057291666666666664
1 0.828125 0.625 0.03125 0.041666666666666664
1 0.6458333333333334 0.6471354166666666 0.036458333333333336 0.046875
1 0.7486979166666666 0.6276041666666666 0.0234375 0.033854166666666664
1 0.6770833333333334 0.7083333333333334 0.046875 0.07291666666666667
1 0.5989583333333334 0.7291666666666666 0.049479166666666664 0.08854166666666667
1 0.5234375 0.74609375 0.057291666666666664 0.09375
1 0.3958333333333333 0.7591145833333334 0.07291666666666667 0.09375
1 0.24348958333333334 0.7838541666666666 0.09114583333333333 0.12760416666666666
1 0.08854166666666667 0.9231770833333334 0.14583333333333334 0.15364583333333334