0 0.9963414634146341 0.6890243902439024 0.007317073170731708 0.06097560975609756
0 0.9707317073170731 0.6804878048780488 0.03902439024390244 0.06829268292682927
0 0.9243902439024391 0.6670731707317074 0.036585365853658534 0.05853658536585366
1 0.8695121951219512 0.6487804878048781 0.02926829268292683 0.04390243902439024
1 0.801219512195122 0.6463414634146342 0.02195121951219512 0.04390243902439024
1 0.724390243902439 0.6439024390243903 0.024390243902439025 0.04878048780487805
1 0.6329268292682927 0.6573170731707317 0.03170731707317073 0.04390243902439024
1 0.6621951219512195 0.7292682926829268 0.04878048780487805 0.09024390243902439
1 0.7036585365853658 0.6853658536585366 0.024390243902439025 0.05121951219512195
1 0.5853658536585366 0.7353658536585366 0.04878048780487805 0.08780487804878048
1 0.5121951219512195 0.7475609756097561 0.06829268292682927 0.1
1 0.3951219512195122 0.7670731707317073 0.07560975609756097 0.09268292682926829
1 0.2426829268292683 0.7865853658536586 0.07560975609756097 0.12439024390243902
1 0.09268292682926829 0.9207317073170732 0.14146341463414633 0.15853658536585366