0 0.98046875 0.7265625 0.0390625 0.07291666666666667
0 0.9322916666666666 0.7122395833333334 0.0390625 0.0625
1 0.8736979166666666 0.6927083333333334 0.03125 0.046875
1 0.80078125 0.6901041666666666 0.0234375 0.046875
1 0.71875 0.6875 0.026041666666666668 0.052083333333333336
1 0.62109375 0.7018229166666666 0.033854166666666664 0.046875
1 0.65234375 0.7786458333333334 0.052083333333333336 0.09635416666666667
1 0.6966145833333334 0.7317708333333334 0.026041666666666668 0.0546875
1 0.5703125 0.78515625 0.052083333333333336 0.09375
1 0.4921875 0.7981770833333334 0.07291666666666667 0.10677083333333333
1 0.3671875 0.8190104166666666 0.08072916666666667 0.09895833333333333
1 0.20442708333333334 0.83984375 0.08072916666666667 0.1328125
1 0.059895833333333336 0.94921875 0.11979166666666667 0.1015625