0 0.6842105263157895 0.02894736842105263 0.07368421052631578 0.04473684210526316
0 0.6697368421052632 0.07105263157894737 0.060526315789473685 0.02894736842105263
1 0.6526315789473685 0.1394736842105263 0.04736842105263158 0.031578947368421054
1 0.6421052631578947 0.20657894736842106 0.04736842105263158 0.021052631578947368
1 0.6434210526315789 0.2868421052631579 0.05526315789473684 0.031578947368421054
1 0.6855263157894737 0.3144736842105263 0.06842105263157895 0.02631578947368421
1 0.6657894736842105 0.3894736842105263 0.05263157894736842 0.02894736842105263
1 0.7407894736842106 0.3618421052631579 0.07631578947368421 0.05
1 0.7381578947368421 0.4368421052631579 0.10789473684210527 0.05526315789473684
1 0.7526315789473684 0.5157894736842106 0.1 0.05263157894736842
1 0.7802631578947369 0.6578947368421053 0.10526315789473684 0.060526315789473685
1 0.8131578947368421 0.8157894736842105 0.12368421052631579 0.09210526315789473
1 0.9342105263157895 0.9565789473684211 0.13157894736842105 0.0868421052631579