0 0.29826732673267325 0.9888613861386139 0.06188118811881188 0.022277227722772276
0 0.30816831683168316 0.9492574257425742 0.07425742574257425 0.04207920792079208
0 0.3155940594059406 0.9034653465346535 0.0594059405940594 0.03217821782178218
1 0.3316831683168317 0.8502475247524752 0.04455445544554455 0.03217821782178218
1 0.34034653465346537 0.7846534653465347 0.04207920792079208 0.024752475247524754
1 0.3316831683168317 0.7128712871287128 0.06435643564356436 0.039603960396039604
1 0.32425742574257427 0.6064356435643564 0.04207920792079208 0.03712871287128713
1 0.3032178217821782 0.681930693069307 0.06435643564356436 0.022277227722772276
1 0.2636138613861386 0.6398514851485149 0.08168316831683169 0.04207920792079208
1 0.2438118811881188 0.5618811881188119 0.08415841584158416 0.054455445544554455
1 0.23391089108910892 0.4876237623762376 0.0891089108910891 0.0594059405940594
1 0.2141089108910891 0.3589108910891089 0.09405940594059406 0.07920792079207921
1 0.17945544554455445 0.20544554455445543 0.12128712871287128 0.0891089108910891
1 0.06683168316831684 0.053217821782178217 0.13366336633663367 0.10643564356435643