0 0.7155612244897959 0.008928571428571428 0.06377551020408163 0.017857142857142856
0 0.7053571428571429 0.047193877551020405 0.07653061224489796 0.04336734693877551
0 0.6977040816326531 0.09438775510204081 0.061224489795918366 0.03316326530612245
1 0.6811224489795918 0.14923469387755103 0.04591836734693878 0.03316326530612245
1 0.6721938775510204 0.21683673469387754 0.04336734693877551 0.025510204081632654
1 0.6811224489795918 0.29081632653061223 0.0663265306122449 0.04081632653061224
1 0.6887755102040817 0.4005102040816326 0.04336734693877551 0.03826530612244898
1 0.7104591836734694 0.3227040816326531 0.0663265306122449 0.02295918367346939
1 0.7512755102040817 0.36607142857142855 0.08418367346938775 0.04336734693877551
1 0.7716836734693877 0.44642857142857145 0.08673469387755102 0.05612244897959184
1 0.7818877551020408 0.5229591836734694 0.09183673469387756 0.061224489795918366
1 0.8022959183673469 0.6556122448979592 0.09693877551020408 0.08163265306122448
1 0.8380102040816326 0.8137755102040817 0.125 0.09183673469387756
1 0.9426020408163265 0.9579081632653061 0.11479591836734694 0.08418367346938775