0 0.725 0.014473684210526316 0.05526315789473684 0.02894736842105263
0 0.718421052631579 0.060526315789473685 0.07105263157894737 0.031578947368421054
1 0.6960526315789474 0.12368421052631579 0.05 0.034210526315789476
1 0.6907894736842105 0.19210526315789472 0.060526315789473685 0.02368421052631579
1 0.6934210526315789 0.2776315789473684 0.04736842105263158 0.02894736842105263
1 0.7118421052631579 0.375 0.04736842105263158 0.02894736842105263
1 0.7355263157894737 0.3013157894736842 0.060526315789473685 0.02894736842105263
1 0.7789473684210526 0.3513157894736842 0.06842105263157895 0.04736842105263158
1 0.7868421052631579 0.4342105263157895 0.08157894736842106 0.05
1 0.8105263157894737 0.5092105263157894 0.10526315789473684 0.06842105263157895
1 0.8276315789473684 0.6486842105263158 0.11052631578947368 0.06842105263157895
1 0.8605263157894737 0.8144736842105263 0.14473684210526316 0.1
1 0.9565789473684211 0.9657894736842105 0.0868421052631579 0.06842105263157895