0 0.30527638190954776 0.9610552763819096 0.07035175879396985 0.035175879396984924
0 0.29773869346733667 0.9899497487437185 0.0678391959798995 0.020100502512562814
0 0.3241206030150754 0.9158291457286433 0.052763819095477386 0.035175879396984924
1 0.3454773869346734 0.8555276381909548 0.052763819095477386 0.03015075376884422
1 0.3442211055276382 0.7876884422110553 0.04773869346733668 0.02512562814070352
1 0.34296482412060303 0.7135678391959799 0.04271356783919598 0.020100502512562814
1 0.3316582914572864 0.6092964824120602 0.06030150753768844 0.03015075376884422
1 0.3027638190954774 0.6896984924623115 0.0728643216080402 0.022613065326633167
1 0.26256281407035176 0.6432160804020101 0.07788944723618091 0.05025125628140704
1 0.24748743718592964 0.5603015075376885 0.09798994974874371 0.05527638190954774
1 0.23366834170854273 0.4836683417085427 0.10804020100502512 0.06030150753768844
1 0.21105527638190955 0.35678391959798994 0.11055276381909548 0.0728643216080402
1 0.19095477386934673 0.19095477386934673 0.13316582914572864 0.09296482412060302
1 0.0728643216080402 0.04648241206030151 0.1457286432160804 0.09296482412060302