0 0.947560975609756 0.698780487804878 0.03414634146341464 0.06829268292682927
0 0.9804878048780488 0.7060975609756097 0.026829268292682926 0.06585365853658537
0 0.9036585365853659 0.6804878048780488 0.03414634146341464 0.05121951219512195
1 0.8451219512195122 0.6597560975609756 0.02926829268292683 0.05121951219512195
1 0.7792682926829269 0.6609756097560976 0.024390243902439025 0.046341463414634146
1 0.7073170731707317 0.6621951219512195 0.01951219512195122 0.041463414634146344
1 0.6060975609756097 0.6731707317073171 0.02926829268292683 0.05853658536585366
1 0.6841463414634147 0.7012195121951219 0.02195121951219512 0.07073170731707316
1 0.6390243902439025 0.7402439024390244 0.04878048780487805 0.07560975609756097
1 0.5585365853658537 0.7548780487804878 0.05365853658536585 0.0951219512195122
1 0.4841463414634146 0.7682926829268293 0.05853658536585366 0.1048780487804878
1 0.36097560975609755 0.7902439024390244 0.07073170731707316 0.1073170731707317
1 0.2 0.8097560975609757 0.09024390243902439 0.12926829268292683
1 0.0524390243902439 0.926829268292683 0.1048780487804878 0.14634146341463414