0 0.7160804020100503 0.022613065326633167 0.0678391959798995 0.035175879396984924
0 0.7010050251256281 0.06155778894472362 0.05778894472361809 0.032663316582914576
1 0.6809045226130653 0.12060301507537688 0.04773869346733668 0.022613065326633167
1 0.6721105527638191 0.18969849246231155 0.03015075376884422 0.022613065326633167
1 0.7160804020100503 0.2914572864321608 0.06532663316582915 0.017587939698492462
1 0.6733668341708543 0.2663316582914573 0.032663316582914576 0.017587939698492462
1 0.6934673366834171 0.37185929648241206 0.04522613065326633 0.04020100502512563
1 0.7663316582914573 0.34296482412060303 0.07035175879396985 0.04020100502512563
1 0.7776381909547738 0.41959798994974873 0.09045226130653267 0.04773869346733668
1 0.7864321608040201 0.4949748743718593 0.09045226130653267 0.06532663316582915
1 0.8128140703517588 0.628140703517588 0.10804020100502512 0.06281407035175879
1 0.8341708542713567 0.7864321608040201 0.11306532663316583 0.09296482412060302
1 0.9459798994974874 0.9522613065326633 0.10804020100502512 0.09547738693467336