0 0.7210526315789474 0.02631578947368421 0.07105263157894737 0.03684210526315789
0 0.7052631578947368 0.06710526315789474 0.060526315789473685 0.034210526315789476
1 0.6842105263157895 0.12894736842105264 0.05 0.02368421052631579
1 0.675 0.2013157894736842 0.031578947368421054 0.02368421052631579
1 0.7210526315789474 0.3078947368421053 0.06842105263157895 0.018421052631578946
1 0.6763157894736842 0.28157894736842104 0.034210526315789476 0.018421052631578946
1 0.6973684210526315 0.39210526315789473 0.04736842105263158 0.042105263157894736
1 0.7736842105263158 0.3618421052631579 0.07368421052631578 0.042105263157894736
1 0.7855263157894737 0.4421052631578947 0.09473684210526316 0.05
1 0.7947368421052632 0.5210526315789473 0.09473684210526316 0.06842105263157895
1 0.8223684210526315 0.6605263157894737 0.11315789473684211 0.06578947368421052
1 0.8447368421052631 0.8263157894736842 0.11842105263157894 0.09736842105263158
1 0.9526315789473684 0.975 0.09473684210526316 0.05