0 0.7225130890052356 0.011780104712041885 0.04712041884816754 0.02356020942408377
0 0.725130890052356 0.060209424083769635 0.07591623036649214 0.04450261780104712
1 0.7028795811518325 0.12303664921465969 0.04450261780104712 0.028795811518324606
1 0.6989528795811518 0.19109947643979058 0.0549738219895288 0.02356020942408377
1 0.7041884816753927 0.2709424083769634 0.04450261780104712 0.02356020942408377
1 0.7473821989528796 0.3023560209424084 0.06544502617801047 0.02617801047120419
1 0.7905759162303665 0.3494764397905759 0.07068062827225131 0.041884816753926704
1 0.7133507853403142 0.3743455497382199 0.05759162303664921 0.031413612565445025
1 0.8010471204188482 0.43717277486910994 0.08115183246073299 0.05759162303664921
1 0.8180628272251309 0.518324607329843 0.08638743455497382 0.060209424083769635
1 0.831151832460733 0.6570680628272252 0.10209424083769633 0.08376963350785341
1 0.8651832460732984 0.8298429319371727 0.12827225130890052 0.0968586387434555