0 0.6813725490196079 0.013480392156862746 0.04411764705882353 0.02696078431372549
0 0.6838235294117647 0.061274509803921566 0.07107843137254902 0.041666666666666664
1 0.6629901960784313 0.12009803921568628 0.041666666666666664 0.02696078431372549
1 0.6593137254901961 0.18382352941176472 0.051470588235294115 0.022058823529411766
1 0.6642156862745098 0.25857843137254904 0.041666666666666664 0.022058823529411766
1 0.7046568627450981 0.28799019607843135 0.061274509803921566 0.024509803921568627
1 0.7450980392156863 0.3321078431372549 0.0661764705882353 0.0392156862745098
1 0.6727941176470589 0.3553921568627451 0.05392156862745098 0.029411764705882353
1 0.7549019607843137 0.41421568627450983 0.07598039215686274 0.05392156862745098
1 0.7708333333333334 0.49019607843137253 0.08088235294117647 0.056372549019607844
1 0.7830882352941176 0.6200980392156863 0.09558823529411764 0.0784313725490196
1 0.8149509803921569 0.7818627450980392 0.12009803921568628 0.09068627450980392
1 0.9509803921568627 0.9497549019607843 0.09803921568627451 0.10049019607843138