1 0.65 0.05384615384615385 0.05384615384615385 0.035897435897435895
1 0.6474358974358975 0.12692307692307692 0.046153846153846156 0.020512820512820513
1 0.6461538461538462 0.20897435897435898 0.04358974358974359 0.03076923076923077
1 0.6653846153846154 0.3076923076923077 0.035897435897435895 0.03076923076923077
1 0.6948717948717948 0.24102564102564103 0.06153846153846154 0.020512820512820513
1 0.7371794871794872 0.2833333333333333 0.08717948717948718 0.05128205128205128
1 0.7487179487179487 0.36666666666666664 0.08974358974358974 0.05384615384615385
1 0.7615384615384615 0.44487179487179485 0.09487179487179487 0.05897435897435897
1 0.7794871794871795 0.5846153846153846 0.11025641025641025 0.07692307692307693
1 0.8128205128205128 0.7564102564102564 0.13076923076923078 0.08205128205128205
1 0.9371794871794872 0.9346153846153846 0.12564102564102564 0.13076923076923078