1 0.9444444444444444 0.6574074074074074 0.037037037037037035 0.05555555555555555
1 0.8690476190476191 0.6547619047619048 0.021164021164021163 0.047619047619047616
1 0.7843915343915344 0.6534391534391535 0.031746031746031744 0.04497354497354497
1 0.6825396825396826 0.6732804232804233 0.031746031746031744 0.037037037037037035
1 0.7513227513227513 0.7037037037037037 0.021164021164021163 0.06349206349206349
1 0.7076719576719577 0.7473544973544973 0.05291005291005291 0.08994708994708994
1 0.6216931216931217 0.7592592592592593 0.05555555555555555 0.09259259259259259
1 0.541005291005291 0.7724867724867724 0.06084656084656084 0.09788359788359788
1 0.3968253968253968 0.791005291005291 0.07936507936507936 0.11375661375661375
1 0.21957671957671956 0.8253968253968254 0.08465608465608465 0.1349206349206349
1 0.051587301587301584 0.9444444444444444 0.10317460317460317 0.1111111111111111