1 0.9828947368421053 0.6960526315789474 0.034210526315789476 0.060526315789473685
1 0.6973684210526315 0.6973684210526315 0.010526315789473684 0.042105263157894736
1 0.7197368421052631 0.7210526315789474 0.02631578947368421 0.04736842105263158
1 0.8065789473684211 0.7513157894736842 0.02368421052631579 0.05789473684210526
1 0.8276315789473684 0.7 0.018421052631578946 0.04473684210526316
1 0.9157894736842105 0.7026315789473684 0.02894736842105263 0.05263157894736842
1 0.756578947368421 0.7828947368421053 0.04736842105263158 0.09210526315789473
1 0.6618421052631579 0.7973684210526316 0.02894736842105263 0.09210526315789473
1 0.5763157894736842 0.8276315789473684 0.06842105263157895 0.11578947368421053
1 0.4355263157894737 0.8368421052631579 0.06578947368421052 0.10263157894736842
1 0.2618421052631579 0.8723684210526316 0.09210526315789473 0.14210526315789473
1 0.05789473684210526 0.9802631578947368 0.11578947368421053 0.039473684210526314