1 0.3089005235602094 0.7303664921465969 0.041884816753926704 0.010471204188481676
1 0.28534031413612565 0.7526178010471204 0.04712041884816754 0.02617801047120419
1 0.25523560209424084 0.8390052356020943 0.05759162303664921 0.02356020942408377
1 0.306282722513089 0.8599476439790575 0.04450261780104712 0.01832460732984293
1 0.3036649214659686 0.9476439790575916 0.05235602094240838 0.028795811518324606
1 0.2238219895287958 0.7892670157068062 0.09162303664921466 0.04712041884816754
1 0.2094240837696335 0.6950261780104712 0.09162303664921466 0.028795811518324606
1 0.1793193717277487 0.6099476439790575 0.11518324607329843 0.06806282722513089
1 0.17015706806282724 0.4698952879581152 0.10209424083769633 0.06544502617801047
1 0.13481675392670156 0.29712041884816753 0.14136125654450263 0.09162303664921466
1 0.02356020942408377 0.07853403141361257 0.04712041884816754 0.14659685863874344