0 0.9834183673469388 0.7257653061224489 0.03316326530612245 0.06887755102040816
1 0.9068877551020408 0.7028061224489796 0.02806122448979592 0.05102040816326531
1 0.8341836734693877 0.6964285714285714 0.03571428571428571 0.0663265306122449
1 0.7525510204081632 0.6964285714285714 0.02040816326530612 0.04846938775510204
1 0.6237244897959183 0.7028061224489796 0.017857142857142856 0.05102040816326531
1 0.6517857142857143 0.7168367346938775 0.02806122448979592 0.0663265306122449
1 0.6913265306122449 0.8048469387755102 0.061224489795918366 0.09948979591836735
1 0.5994897959183674 0.8214285714285714 0.05102040816326531 0.09183673469387756
1 0.5076530612244898 0.8494897959183674 0.08163265306122448 0.1096938775510204
1 0.3469387755102041 0.8737244897959183 0.08418367346938775 0.13010204081632654
1 0.13137755102040816 0.9221938775510204 0.125 0.14285714285714285