0 0.9618226600985221 0.7019704433497537 0.03694581280788178 0.06157635467980296
1 0.8780788177339901 0.6834975369458128 0.029556650246305417 0.05172413793103448
1 0.8029556650246306 0.6798029556650246 0.029556650246305417 0.04433497536945813
1 0.7302955665024631 0.6822660098522167 0.024630541871921183 0.04433497536945813
1 0.6268472906403941 0.7056650246305419 0.03201970443349754 0.05172413793103448
1 0.6736453201970444 0.7992610837438424 0.06157635467980296 0.11083743842364532
1 0.583743842364532 0.8017241379310345 0.05665024630541872 0.09852216748768473
1 0.48891625615763545 0.8522167487684729 0.07881773399014778 0.1330049261083744
1 0.3054187192118227 0.8830049261083743 0.10591133004926108 0.14039408866995073
1 0.6945812807881774 0.7032019704433498 0.04926108374384237 0.054187192118226604
1 0.054187192118226604 0.9273399014778325 0.09852216748768473 0.14532019704433496