1 0.6759708737864077 0.6966019417475728 0.03640776699029126 0.043689320388349516
1 0.6298543689320388 0.6953883495145631 0.02669902912621359 0.050970873786407765
1 0.6067961165048543 0.6747572815533981 0.024271844660194174 0.04611650485436893
1 0.6711165048543689 0.6662621359223301 0.03155339805825243 0.03155339805825243
1 0.7317961165048543 0.6638349514563107 0.009708737864077669 0.03398058252427184
1 0.8070388349514563 0.6614077669902912 0.02669902912621359 0.04611650485436893
1 0.8810679611650486 0.6614077669902912 0.03640776699029126 0.043689320388349516
1 0.6808252427184466 0.7827669902912622 0.0703883495145631 0.0970873786407767
1 0.5788834951456311 0.8131067961165048 0.06067961165048544 0.10679611650485436
1 0.47815533980582525 0.8555825242718447 0.07524271844660194 0.13106796116504854
1 0.23907766990291263 0.9174757281553398 0.12378640776699029 0.1650485436893204
0 0.9757281553398058 0.6856796116504854 0.03155339805825243 0.06796116504854369