1 0.25526315789473686 0.6671052631578948 0.04736842105263158 0.039473684210526314
1 0.2565789473684211 0.6171052631578947 0.05526315789473684 0.02894736842105263
1 0.2789473684210526 0.5921052631578947 0.05 0.02631578947368421
1 0.2881578947368421 0.6618421052631579 0.034210526315789476 0.034210526315789476
1 0.29078947368421054 0.7276315789473684 0.03684210526315789 0.010526315789473684
1 0.29342105263157897 0.8092105263157895 0.05 0.02894736842105263
1 0.29342105263157897 0.8894736842105263 0.04736842105263158 0.039473684210526314
1 0.1618421052631579 0.6723684210526316 0.10526315789473684 0.07631578947368421
1 0.12894736842105264 0.5618421052631579 0.11578947368421053 0.06578947368421052
1 0.08289473684210526 0.45263157894736844 0.14210526315789473 0.08157894736842106
1 0.05263157894736842 0.19342105263157894 0.10526315789473684 0.13421052631578947
0 0.26842105263157895 0.9868421052631579 0.07368421052631578 0.02631578947368421