0 0.8643617021276596 0.015957446808510637 0.12234042553191489 0.031914893617021274
0 0.8138297872340425 0.0598404255319149 0.08776595744680851 0.05053191489361702
0 0.7832446808510638 0.15159574468085107 0.09574468085106383 0.05053191489361702
0 0.7819148936170213 0.22872340425531915 0.0797872340425532 0.05319148936170213
0 0.7526595744680851 0.3058510638297872 0.0851063829787234 0.04521276595744681
0 0.7367021276595744 0.014627659574468085 0.05851063829787234 0.02925531914893617
0 0.7273936170212766 0.24202127659574468 0.023936170212765957 0.034574468085106384
1 0.7061170212765957 0.2220744680851064 0.03723404255319149 0.026595744680851064
1 0.714095744680851 0.34441489361702127 0.0425531914893617 0.015957446808510637
1 0.7207446808510638 0.41356382978723405 0.0398936170212766 0.031914893617021274
1 0.714095744680851 0.4933510638297872 0.05319148936170213 0.026595744680851064
1 0.7353723404255319 0.7460106382978723 0.05319148936170213 0.015957446808510637
1 0.7632978723404256 0.7167553191489362 0.06648936170212766 0.034574468085106384
1 0.7034574468085106 0.651595744680851 0.03723404255319149 0.026595744680851064
1 0.7779255319148937 0.6555851063829787 0.06914893617021277 0.04521276595744681
1 0.9215425531914894 0.6595744680851063 0.15691489361702127 0.11170212765957446
1 0.9561170212765957 0.8457446808510638 0.08776595744680851 0.13297872340425532