0 0.9787234042553191 0.8071808510638298 0.0425531914893617 0.08776595744680851
0 0.8909574468085106 0.7779255319148937 0.05053191489361702 0.09574468085106383
0 0.8138297872340425 0.776595744680851 0.05319148936170213 0.0797872340425532
0 0.7367021276595744 0.7473404255319149 0.04521276595744681 0.0851063829787234
0 0.800531914893617 0.7220744680851063 0.034574468085106384 0.023936170212765957
1 0.8204787234042553 0.7007978723404256 0.026595744680851064 0.03723404255319149
1 0.6981382978723404 0.7087765957446809 0.015957446808510637 0.0425531914893617
1 0.6289893617021277 0.7154255319148937 0.031914893617021274 0.0398936170212766
1 0.5492021276595744 0.7087765957446809 0.026595744680851064 0.05319148936170213
1 0.29654255319148937 0.7300531914893617 0.015957446808510637 0.05319148936170213
1 0.3257978723404255 0.7579787234042553 0.034574468085106384 0.06648936170212766
1 0.39095744680851063 0.6981382978723404 0.026595744680851064 0.03723404255319149
1 0.386968085106383 0.7726063829787234 0.04521276595744681 0.06914893617021277
1 0.3829787234042553 0.9188829787234043 0.11170212765957446 0.1622340425531915
1 0.19680851063829788 0.9534574468085106 0.13297872340425532 0.09308510638297872