1 0.8654822335025381 0.017766497461928935 0.13705583756345177 0.03553299492385787
1 0.9251269035532995 0.2715736040609137 0.14974619289340102 0.09137055837563451
1 0.9416243654822335 0.6256345177664975 0.116751269035533 0.07868020304568528
1 0.883248730964467 0.8477157360406091 0.15228426395939088 0.09644670050761421
1 0.7423857868020305 0.983502538071066 0.12944162436548223 0.03299492385786802
0 0.21573604060913706 0.9416243654822335 0.1065989847715736 0.0532994923857868
0 0.2398477157360406 0.8324873096446701 0.1065989847715736 0.04314720812182741
0 0.2614213197969543 0.7055837563451777 0.09137055837563451 0.048223350253807105
0 0.28045685279187815 0.583756345177665 0.09137055837563451 0.04060913705583756
0 0.2715736040609137 0.37944162436548223 0.09390862944162437 0.03807106598984772
0 0.24111675126903553 0.217005076142132 0.09137055837563451 0.06091370558375635