1 0.270935960591133 0.05665024630541872 0.14039408866995073 0.08866995073891626
1 0.14655172413793102 0.20935960591133004 0.14039408866995073 0.09113300492610837
1 0.0665024630541872 0.41995073891625617 0.1330049261083744 0.08620689655172414
1 0.08251231527093596 0.7623152709359606 0.14532019704433496 0.08620689655172414
0 0.7660098522167488 0.8078817733990148 0.09359605911330049 0.046798029556650245
0 0.7253694581280788 0.6490147783251231 0.11083743842364532 0.046798029556650245
0 0.7229064039408867 0.45073891625615764 0.0960591133004926 0.04926108374384237
0 0.7339901477832512 0.3399014778325123 0.08620689655172414 0.054187192118226604
0 0.7573891625615764 0.21798029556650247 0.09852216748768473 0.05172413793103448
0 0.7844827586206896 0.10960591133004927 0.10591133004926108 0.06157635467980296
0 0.7955665024630542 0.01600985221674877 0.09852216748768473 0.03201970443349754