1 0.27114427860696516 0.06716417910447761 0.1417910447761194 0.08955223880597014
1 0.1455223880597015 0.22139303482587064 0.1417910447761194 0.09203980099502487
1 0.06592039800995025 0.43407960199004975 0.1318407960199005 0.08706467661691543
1 0.08084577114427861 0.7798507462686567 0.14676616915422885 0.08706467661691543
0 0.7711442786069652 0.8258706467661692 0.0945273631840796 0.0472636815920398
0 0.7300995024875622 0.6654228855721394 0.11194029850746269 0.0472636815920398
0 0.7276119402985075 0.4651741293532338 0.09701492537313433 0.04975124378109453
0 0.7388059701492538 0.35323383084577115 0.08706467661691543 0.05472636815920398
0 0.7624378109452736 0.2300995024875622 0.09950248756218906 0.05223880597014925
0 0.7898009950248757 0.12064676616915423 0.10696517412935323 0.06218905472636816
0 0.8009950248756219 0.021144278606965175 0.09950248756218906 0.04228855721393035