0 0.8642131979695431 0.23857868020304568 0.0532994923857868 0.09898477157360407
0 0.700507614213198 0.2652284263959391 0.04568527918781726 0.09390862944162437
0 0.4885786802030457 0.2639593908629442 0.050761421319796954 0.09137055837563451
0 0.3769035532994924 0.2436548223350254 0.03807106598984772 0.09137055837563451
0 0.25 0.22208121827411167 0.04568527918781726 0.09137055837563451
0 0.1484771573604061 0.17893401015228427 0.04314720812182741 0.07868020304568528
0 0.03934010152284264 0.16243654822335024 0.04568527918781726 0.07868020304568528
1 0.08883248730964467 0.6967005076142132 0.07614213197969544 0.13451776649746192
1 0.24492385786802032 0.8426395939086294 0.10406091370558376 0.1548223350253807
1 0.4631979695431472 0.9302030456852792 0.09390862944162437 0.13959390862944163
1 0.8083756345177665 0.9302030456852792 0.08375634517766498 0.13959390862944163