0 0.736318407960199 0.8893034825870647 0.09701492537313433 0.05223880597014925
0 0.7101990049751243 0.7288557213930348 0.09203980099502487 0.04477611940298507
0 0.7114427860696517 0.5211442786069652 0.08955223880597014 0.04975124378109453
0 0.7313432835820896 0.4116915422885572 0.08955223880597014 0.03731343283582089
0 0.7524875621890548 0.2873134328358209 0.08955223880597014 0.04477611940298507
0 0.7947761194029851 0.18781094527363185 0.07711442786069651 0.04228855721393035
0 0.8109452736318408 0.08084577114427861 0.07711442786069651 0.04477611940298507
1 0.3619402985074627 0.021144278606965175 0.12189054726368159 0.04228855721393035
1 0.2873134328358209 0.12935323383084577 0.1318407960199005 0.07462686567164178
1 0.14427860696517414 0.28233830845771146 0.1517412935323383 0.10199004975124377
1 0.06343283582089553 0.4962686567164179 0.12686567164179105 0.09203980099502487
1 0.06343283582089553 0.8345771144278606 0.12686567164179105 0.08208955223880597