0 0.8353658536585366 0.01707317073170732 0.06585365853658537 0.03414634146341464
0 0.8195121951219512 0.09634146341463415 0.07317073170731707 0.05365853658536585
0 0.801219512195122 0.2073170731707317 0.08048780487804878 0.04878048780487805
0 0.774390243902439 0.3 0.07804878048780488 0.04878048780487805
0 0.7463414634146341 0.424390243902439 0.05853658536585366 0.03170731707317073
0 0.7207317073170731 0.5329268292682927 0.1073170731707317 0.05365853658536585
0 0.7085365853658536 0.7390243902439024 0.08536585365853659 0.05121951219512195
0 0.7402439024390244 0.8926829268292683 0.05853658536585366 0.04878048780487805
1 0.4024390243902439 0.03048780487804878 0.13170731707317074 0.06097560975609756
1 0.3170731707317073 0.14390243902439023 0.12195121951219512 0.08048780487804878
1 0.18414634146341463 0.2926829268292683 0.14390243902439023 0.09268292682926829
1 0.07560975609756097 0.4951219512195122 0.15121951219512195 0.1
1 0.07195121951219512 0.8390243902439024 0.14390243902439023 0.0975609756097561