0 0.12894736842105264 0.9644736842105263 0.07894736842105263 0.05789473684210526
0 0.14868421052631578 0.8447368421052631 0.0868421052631579 0.05263157894736842
0 0.17763157894736842 0.7447368421052631 0.08421052631578947 0.05263157894736842
0 0.20789473684210527 0.6105263157894737 0.06315789473684211 0.034210526315789476
0 0.2355263157894737 0.4934210526315789 0.11578947368421053 0.05789473684210526
0 0.24868421052631579 0.2710526315789474 0.09210526315789473 0.05526315789473684
0 0.21447368421052632 0.10526315789473684 0.06315789473684211 0.05263157894736842
1 0.6710526315789473 0.9131578947368421 0.13157894736842105 0.0868421052631579
1 0.8144736842105263 0.7526315789473684 0.15526315789473685 0.1
1 0.925 0.5355263157894737 0.15 0.10789473684210527
1 0.9289473684210526 0.1631578947368421 0.14210526315789473 0.10526315789473684