1 0.06311881188118812 0.5928217821782178 0.06683168316831684 0.12376237623762376
1 0.1782178217821782 0.6893564356435643 0.07920792079207921 0.13366336633663367
1 0.3217821782178218 0.818069306930693 0.07425742574257425 0.14603960396039603
1 0.5334158415841584 0.9257425742574258 0.09158415841584158 0.1485148514851485
1 0.8725247524752475 0.9381188118811881 0.07673267326732673 0.12376237623762376
0 0.04455445544554455 0.14727722772277227 0.04950495049504951 0.09158415841584158
0 0.1349009900990099 0.15965346534653466 0.04702970297029703 0.09158415841584158
0 0.2400990099009901 0.1943069306930693 0.04702970297029703 0.10891089108910891
0 0.34034653465346537 0.21782178217821782 0.03712871287128713 0.09405940594059406
0 0.46410891089108913 0.2524752475247525 0.03217821782178218 0.09405940594059406
0 0.5742574257425742 0.2698019801980198 0.034653465346534656 0.09158415841584158
0 0.7797029702970297 0.29826732673267325 0.05693069306930693 0.09900990099009901
0 0.9381188118811881 0.2698019801980198 0.05693069306930693 0.09405940594059406