0 0.28398058252427183 0.05825242718446602 0.08980582524271845 0.04854368932038835
0 0.2949029126213592 0.2220873786407767 0.09466019417475728 0.04611650485436893
0 0.27548543689320387 0.42597087378640774 0.0703883495145631 0.03640776699029126
0 0.2512135922330097 0.5266990291262136 0.08009708737864078 0.02912621359223301
0 0.21237864077669902 0.654126213592233 0.09466019417475728 0.04611650485436893
0 0.1783980582524272 0.7475728155339806 0.08737864077669903 0.04854368932038835
0 0.15048543689320387 0.845873786407767 0.08009708737864078 0.043689320388349516
0 0.13349514563106796 0.933252427184466 0.08737864077669903 0.038834951456310676
0 0.11286407766990292 0.991504854368932 0.07524271844660194 0.01699029126213592
1 0.5703883495145631 0.9271844660194175 0.11165048543689321 0.07281553398058252
1 0.662621359223301 0.8058252427184466 0.12378640776699029 0.07524271844660194
1 0.8009708737864077 0.6711165048543689 0.1383495145631068 0.09466019417475728
1 0.9235436893203883 0.4672330097087379 0.1529126213592233 0.09951456310679611
1 0.9344660194174758 0.1262135922330097 0.11893203883495146 0.10436893203883495