0 0.9742268041237113 0.26288659793814434 0.05154639175257732 0.09536082474226804
0 0.8002577319587629 0.27448453608247425 0.04896907216494845 0.10051546391752578
0 0.5837628865979382 0.2538659793814433 0.03865979381443299 0.07474226804123711
0 0.47680412371134023 0.22809278350515463 0.030927835051546393 0.08505154639175258
0 0.34149484536082475 0.18685567010309279 0.04896907216494845 0.10051546391752578
0 0.2422680412371134 0.15077319587628865 0.05154639175257732 0.09278350515463918
0 0.13788659793814434 0.1211340206185567 0.04639175257731959 0.08505154639175258
0 0.045103092783505154 0.10309278350515463 0.041237113402061855 0.09278350515463918
1 0.05154639175257732 0.5670103092783505 0.07731958762886598 0.11855670103092783
1 0.18041237113402062 0.6649484536082474 0.07989690721649484 0.13144329896907217
1 0.3234536082474227 0.8118556701030928 0.10051546391752578 0.14690721649484537
1 0.5399484536082474 0.9304123711340206 0.1056701030927835 0.13917525773195877
1 0.9007731958762887 0.9445876288659794 0.11082474226804123 0.11082474226804123