1 0.9786096256684492 0.09491978609625669 0.0427807486631016 0.12566844919786097
1 0.9598930481283422 0.4692513368983957 0.08021390374331551 0.12032085561497326
1 0.8636363636363636 0.696524064171123 0.13903743315508021 0.09893048128342247
1 0.7125668449197861 0.8475935828877005 0.13101604278074866 0.0962566844919786
1 0.6096256684491979 0.9625668449197861 0.12299465240641712 0.0748663101604278
0 0.30080213903743314 0.029411764705882353 0.08823529411764706 0.058823529411764705
0 0.31684491978609625 0.19919786096256684 0.09358288770053476 0.07754010695187166
0 0.2914438502673797 0.42379679144385024 0.08021390374331551 0.06684491978609626
0 0.2606951871657754 0.536096256684492 0.08288770053475936 0.029411764705882353
0 0.22192513368983957 0.6724598930481284 0.08021390374331551 0.05614973262032086
0 0.18850267379679145 0.7727272727272727 0.08288770053475936 0.058823529411764705
0 0.1537433155080214 0.8863636363636364 0.08288770053475936 0.06684491978609626
0 0.13636363636363635 0.9786096256684492 0.0748663101604278 0.0427807486631016