1 0.8860294117647058 0.9399509803921569 0.11519607843137254 0.12009803921568628
1 0.5428921568627451 0.9203431372549019 0.11029411764705882 0.14950980392156862
1 0.33455882352941174 0.7941176470588235 0.09068627450980392 0.12745098039215685
1 0.19607843137254902 0.6556372549019608 0.08823529411764706 0.12009803921568628
1 0.07965686274509803 0.5612745098039216 0.09068627450980392 0.11274509803921569
1 0.004901960784313725 0.46200980392156865 0.00980392156862745 0.09558823529411764
0 0.9534313725490197 0.27818627450980393 0.06862745098039216 0.08088235294117647
0 0.7904411764705882 0.2928921568627451 0.07107843137254902 0.0857843137254902
0 0.5845588235294118 0.2696078431372549 0.061274509803921566 0.07352941176470588
0 0.48161764705882354 0.24142156862745098 0.02696078431372549 0.07598039215686274
0 0.35661764705882354 0.20588235294117646 0.051470588235294115 0.07352941176470588
0 0.2647058823529412 0.17524509803921567 0.05392156862745098 0.07598039215686274
0 0.16053921568627452 0.14338235294117646 0.061274509803921566 0.07598039215686274
0 0.07475490196078431 0.12745098039215685 0.041666666666666664 0.06862745098039216
0 0.013480392156862746 0.10049019607843138 0.02696078431372549 0.06862745098039216