1 0.9388020833333334 0.036458333333333336 0.12239583333333333 0.07291666666666667
1 0.9231770833333334 0.390625 0.15364583333333334 0.08333333333333333
1 0.78515625 0.6080729166666666 0.14322916666666666 0.0703125
1 0.62890625 0.7565104166666666 0.11979166666666667 0.07291666666666667
1 0.5234375 0.8723958333333334 0.1015625 0.057291666666666664
1 0.4348958333333333 0.96875 0.13020833333333334 0.0625
0 0.052083333333333336 0.9505208333333334 0.07291666666666667 0.044270833333333336
0 0.07942708333333333 0.8828125 0.0859375 0.044270833333333336
0 0.09765625 0.7890625 0.078125 0.052083333333333336
0 0.12630208333333334 0.6861979166666666 0.09895833333333333 0.049479166666666664
0 0.15885416666666666 0.58203125 0.09895833333333333 0.049479166666666664
0 0.20182291666666666 0.4466145833333333 0.08333333333333333 0.020833333333333332
0 0.23567708333333334 0.3411458333333333 0.09375 0.052083333333333336
0 0.2591145833333333 0.12239583333333333 0.109375 0.049479166666666664