1 0.0603448275862069 0.9285714285714286 0.1206896551724138 0.09852216748768473
1 0.07635467980295567 0.5788177339901478 0.14532019704433496 0.07881773399014778
1 0.20812807881773399 0.3731527093596059 0.1354679802955665 0.0665024630541872
1 0.35591133004926107 0.23275862068965517 0.11330049261083744 0.06896551724137931
1 0.45566502463054187 0.12315270935960591 0.0960591133004926 0.054187192118226604
1 0.5394088669950738 0.03078817733990148 0.12315270935960591 0.06157635467980296
0 0.9014778325123153 0.04926108374384237 0.06896551724137931 0.04187192118226601
0 0.875615763546798 0.11330049261083744 0.0812807881773399 0.04187192118226601
0 0.8583743842364532 0.2019704433497537 0.07389162561576355 0.04926108374384237
0 0.8312807881773399 0.29926108374384236 0.09359605911330049 0.046798029556650245
0 0.8004926108374384 0.3977832512315271 0.09359605911330049 0.046798029556650245
0 0.7598522167487685 0.5258620689655172 0.07881773399014778 0.019704433497536946
0 0.7278325123152709 0.625615763546798 0.08866995073891626 0.04926108374384237
0 0.7056650246305419 0.8325123152709359 0.10344827586206896 0.046798029556650245
0 0.7278325123152709 0.9913793103448276 0.08620689655172414 0.017241379310344827