0 0.9451871657754011 0.11764705882352941 0.07754010695187166 0.05614973262032086
0 0.910427807486631 0.18850267379679145 0.0748663101604278 0.058823529411764705
0 0.8970588235294118 0.2713903743315508 0.0748663101604278 0.0481283422459893
0 0.8609625668449198 0.37967914438502676 0.10427807486631016 0.058823529411764705
0 0.8168449197860963 0.4799465240641711 0.08288770053475936 0.053475935828877004
0 0.786096256684492 0.6296791443850267 0.07219251336898395 0.0427807486631016
0 0.7486631016042781 0.7272727272727273 0.10427807486631016 0.06417112299465241
0 0.7165775401069518 0.9612299465240641 0.11497326203208556 0.06684491978609626
1 0.06417112299465241 0.6764705882352942 0.12834224598930483 0.10160427807486631
1 0.19518716577540107 0.45989304812834225 0.1443850267379679 0.06951871657754011
1 0.3409090909090909 0.3048128342245989 0.12834224598930483 0.0855614973262032
1 0.44919786096256686 0.1858288770053476 0.10695187165775401 0.06684491978609626
1 0.5628342245989305 0.08155080213903744 0.10427807486631016 0.07219251336898395