0 0.09729064039408868 0.8891625615763546 0.07142857142857142 0.05172413793103448
0 0.12931034482758622 0.8238916256157636 0.06896551724137931 0.054187192118226604
0 0.1416256157635468 0.7475369458128078 0.06896551724137931 0.04433497536945813
0 0.1748768472906404 0.6477832512315271 0.0960591133004926 0.054187192118226604
0 0.21551724137931033 0.5554187192118226 0.07635467980295567 0.04926108374384237
0 0.2438423645320197 0.41748768472906406 0.0665024630541872 0.03940886699507389
0 0.27832512315270935 0.3275862068965517 0.0960591133004926 0.059113300492610835
0 0.3078817733990148 0.11206896551724138 0.10591133004926108 0.06157635467980296
1 0.9605911330049262 0.029556650246305417 0.07881773399014778 0.059113300492610835
1 0.9248768472906403 0.37438423645320196 0.15024630541871922 0.09359605911330049
1 0.7881773399014779 0.5738916256157636 0.1330049261083744 0.06403940886699508
1 0.6539408866995073 0.7167487684729064 0.11822660098522167 0.07881773399014778
1 0.5541871921182266 0.8263546798029556 0.09852216748768473 0.06157635467980296
1 0.44950738916256155 0.9224137931034483 0.0960591133004926 0.0665024630541872