1 0.0291005291005291 0.43783068783068785 0.0582010582010582 0.10846560846560846
1 0.12962962962962962 0.548941798941799 0.10317460317460317 0.13227513227513227
1 0.2447089947089947 0.6534391534391535 0.08994708994708994 0.1349206349206349
1 0.3968253968253968 0.8068783068783069 0.10052910052910052 0.15873015873015872
1 0.6150793650793651 0.9391534391534392 0.10317460317460317 0.12169312169312169
1 0.9761904761904762 0.9775132275132276 0.047619047619047616 0.04497354497354497
0 0.8915343915343915 0.3002645502645503 0.06613756613756613 0.1111111111111111
0 0.6613756613756614 0.25793650793650796 0.05555555555555555 0.10052910052910052
0 0.41534391534391535 0.18121693121693122 0.05026455026455026 0.08465608465608465
0 0.5568783068783069 0.22883597883597884 0.015873015873015872 0.0582010582010582
0 0.2222222222222222 0.10846560846560846 0.06349206349206349 0.09788359788359788
0 0.31613756613756616 0.15476190476190477 0.042328042328042326 0.09523809523809523
0 0.12433862433862433 0.09126984126984126 0.047619047619047616 0.08465608465608465
0 0.05291005291005291 0.05291005291005291 0.04497354497354497 0.06349206349206349