1 0.5103092783505154 0.05798969072164949 0.1056701030927835 0.06443298969072164
1 0.40335051546391754 0.15979381443298968 0.12886597938144329 0.10051546391752578
1 0.3015463917525773 0.27190721649484534 0.13144329896907217 0.08762886597938144
1 0.15206185567010308 0.42010309278350516 0.15463917525773196 0.0979381443298969
1 0.041237113402061855 0.6327319587628866 0.08247422680412371 0.10051546391752578
0 0.645618556701031 0.9020618556701031 0.10824742268041238 0.06443298969072164
0 0.6868556701030928 0.6778350515463918 0.0979381443298969 0.05412371134020619
0 0.7615979381443299 0.4381443298969072 0.08247422680412371 0.04896907216494845
0 0.7152061855670103 0.5760309278350515 0.05670103092783505 0.015463917525773196
0 0.8324742268041238 0.25 0.09536082474226804 0.061855670103092786
0 0.7873711340206185 0.34149484536082475 0.09278350515463918 0.041237113402061855
0 0.8492268041237113 0.15463917525773196 0.08247422680412371 0.04639175257731959
0 0.8865979381443299 0.08505154639175258 0.061855670103092786 0.04381443298969072