0 0.8891752577319587 0.020618556701030927 0.08247422680412371 0.041237113402061855
0 0.8582474226804123 0.13402061855670103 0.08762886597938144 0.04381443298969072
0 0.8311855670103093 0.2036082474226804 0.07989690721649484 0.05154639175257732
0 0.8118556701030928 0.28865979381443296 0.07731958762886598 0.04639175257731959
0 0.7757731958762887 0.38273195876288657 0.09536082474226804 0.05670103092783505
0 0.7358247422680413 0.4806701030927835 0.08762886597938144 0.05670103092783505
0 0.6559278350515464 0.7190721649484536 0.08247422680412371 0.04639175257731959
0 0.6121134020618557 0.9471649484536082 0.1211340206185567 0.061855670103092786
1 0.5515463917525774 0.00902061855670103 0.09278350515463918 0.01804123711340206
1 0.5012886597938144 0.10051546391752578 0.08762886597938144 0.06701030927835051
1 0.39690721649484534 0.19458762886597938 0.09278350515463918 0.06701030927835051
1 0.28737113402061853 0.31572164948453607 0.10824742268041238 0.061855670103092786
1 0.11211340206185567 0.45489690721649484 0.13144329896907217 0.09278350515463918
1 0.024484536082474227 0.6675257731958762 0.04896907216494845 0.07216494845360824