0 0.8781094527363185 0.041044776119402986 0.07960199004975124 0.0472636815920398
0 0.8482587064676617 0.15422885572139303 0.0845771144278607 0.04228855721393035
0 0.822139303482587 0.22139303482587064 0.07711442786069651 0.04975124378109453
0 0.8034825870646766 0.3034825870646766 0.07462686567164178 0.04477611940298507
0 0.7686567164179104 0.39427860696517414 0.09203980099502487 0.05472636815920398
0 0.7300995024875622 0.48880597014925375 0.0845771144278607 0.05472636815920398
0 0.6529850746268657 0.7189054726368159 0.07960199004975124 0.04477611940298507
0 0.6106965174129353 0.9390547263681592 0.11691542288557213 0.05970149253731343
1 0.5522388059701493 0.021144278606965175 0.08955223880597014 0.04228855721393035
1 0.503731343283582 0.12189054726368159 0.0845771144278607 0.06467661691542288
1 0.40298507462686567 0.2126865671641791 0.08955223880597014 0.06467661691542288
1 0.2972636815920398 0.32960199004975127 0.1044776119402985 0.05970149253731343
1 0.1281094527363184 0.4639303482587065 0.12686567164179105 0.08955223880597014
1 0.033582089552238806 0.6691542288557214 0.06716417910447761 0.06965174129353234