1 0.022727272727272728 0.41310160427807485 0.045454545454545456 0.09358288770053476
1 0.13770053475935828 0.4572192513368984 0.06684491978609626 0.10962566844919786
1 0.2286096256684492 0.5828877005347594 0.06417112299465241 0.10695187165775401
1 0.34893048128342247 0.6978609625668449 0.07754010695187166 0.13903743315508021
1 0.49732620320855614 0.8636363636363636 0.07754010695187166 0.16310160427807488
1 0.7165775401069518 0.9745989304812834 0.0748663101604278 0.05080213903743316
0 0.05080213903743316 0.06149732620320856 0.045454545454545456 0.08288770053475936
0 0.16844919786096257 0.09090909090909091 0.0374331550802139 0.06149732620320856
0 0.23796791443850268 0.12834224598930483 0.0427807486631016 0.10160427807486631
0 0.3235294117647059 0.1537433155080214 0.0427807486631016 0.08823529411764706
0 0.4264705882352941 0.18983957219251338 0.053475935828877004 0.10695187165775401
0 0.5187165775401069 0.22994652406417113 0.05080213903743316 0.0962566844919786
0 0.7713903743315508 0.3235294117647059 0.0427807486631016 0.10427807486631016
0 0.9919786096256684 0.3649732620320856 0.016042780748663103 0.10427807486631016