1 0.5631313131313131 0.03156565656565657 0.08838383838383838 0.05808080808080808
1 0.5227272727272727 0.14772727272727273 0.10353535353535354 0.06313131313131314
1 0.40404040404040403 0.2335858585858586 0.10101010101010101 0.06060606060606061
1 0.29545454545454547 0.3472222222222222 0.13131313131313133 0.07323232323232323
1 0.1388888888888889 0.48737373737373735 0.15404040404040403 0.07323232323232323
1 0.02904040404040404 0.6944444444444444 0.05808080808080808 0.0707070707070707
0 0.8964646464646465 0.06565656565656566 0.07828282828282829 0.04292929292929293
0 0.8686868686868687 0.17676767676767677 0.05808080808080808 0.03535353535353535
0 0.8333333333333334 0.24242424242424243 0.09595959595959595 0.04040404040404041
0 0.8093434343434344 0.32323232323232326 0.08333333333333333 0.04040404040404041
0 0.7752525252525253 0.42045454545454547 0.10101010101010101 0.050505050505050504
0 0.7373737373737373 0.5075757575757576 0.09090909090909091 0.047979797979797977
0 0.648989898989899 0.7462121212121212 0.09848484848484848 0.04040404040404041
0 0.6098484848484849 0.9709595959595959 0.09848484848484848 0.047979797979797977