1 0.3337765957446808 0.8896276595744681 0.06648936170212766 0.1276595744680851
1 0.21143617021276595 0.7912234042553191 0.0851063829787234 0.12234042553191489
1 0.11702127659574468 0.6715425531914894 0.0797872340425532 0.10106382978723404
1 0.022606382978723406 0.6223404255319149 0.04521276595744681 0.11170212765957446
0 0.9747340425531915 0.5678191489361702 0.05053191489361702 0.1356382978723404
0 0.7367021276595744 0.5319148936170213 0.05319148936170213 0.10638297872340426
0 0.598404255319149 0.4946808510638298 0.010638297872340425 0.09308510638297872
0 0.49069148936170215 0.44148936170212766 0.0425531914893617 0.0851063829787234
0 0.4015957446808511 0.386968085106383 0.0398936170212766 0.05053191489361702
0 0.300531914893617 0.363031914893617 0.05319148936170213 0.08244680851063829
0 0.2154255319148936 0.34308510638297873 0.05053191489361702 0.08244680851063829
0 0.1449468085106383 0.3204787234042553 0.0398936170212766 0.05585106382978723
0 0.0398936170212766 0.30186170212765956 0.031914893617021274 0.05585106382978723
0 0.03856382978723404 0.09707446808510638 0.018617021276595744 0.047872340425531915