1 0.9545454545454546 0.46524064171123 0.09090909090909091 0.0855614973262032
1 0.803475935828877 0.5975935828877005 0.12834224598930483 0.06684491978609626
1 0.7045454545454546 0.7205882352941176 0.12299465240641712 0.0855614973262032
1 0.5842245989304813 0.8155080213903744 0.10160427807486631 0.08021390374331551
1 0.536096256684492 0.929144385026738 0.11229946524064172 0.08288770053475936
0 0.44385026737967914 0.1925133689839572 0.10695187165775401 0.053475935828877004
0 0.40641711229946526 0.3315508021390374 0.09358288770053476 0.0106951871657754
0 0.35294117647058826 0.43983957219251335 0.0855614973262032 0.0427807486631016
0 0.29812834224598933 0.5294117647058824 0.05080213903743316 0.040106951871657755
0 0.27406417112299464 0.6310160427807486 0.08288770053475936 0.053475935828877004
0 0.2540106951871658 0.7165775401069518 0.08288770053475936 0.05080213903743316
0 0.23128342245989306 0.7874331550802139 0.05614973262032086 0.040106951871657755
0 0.21256684491978609 0.893048128342246 0.05614973262032086 0.03208556149732621
0 0.196524064171123 0.9799465240641712 0.05614973262032086 0.040106951871657755
0 0.08288770053475936 0.9959893048128342 0.06417112299465241 0.008021390374331552
0 0.040106951871657755 0.9518716577540107 0.0481283422459893 0.0213903743315508
0 0.014705882352941176 0.8943850267379679 0.029411764705882353 0.01871657754010695