0 0.5093085106382979 0.15824468085106383 0.12234042553191489 0.04521276595744681
0 0.4747340425531915 0.2992021276595745 0.09840425531914894 0.02127659574468085
0 0.40824468085106386 0.4109042553191489 0.07446808510638298 0.0425531914893617
0 0.3617021276595745 0.5026595744680851 0.05585106382978723 0.0398936170212766
0 0.3537234042553192 0.5997340425531915 0.06382978723404255 0.031914893617021274
0 0.3271276595744681 0.6848404255319149 0.07180851063829788 0.0398936170212766
0 0.2978723404255319 0.7473404255319149 0.07180851063829788 0.0398936170212766
0 0.27393617021276595 0.8563829787234043 0.05585106382978723 0.0425531914893617
0 0.26728723404255317 0.9468085106382979 0.07180851063829788 0.05319148936170213
0 0.1502659574468085 0.9707446808510638 0.05585106382978723 0.02127659574468085
0 0.11835106382978723 0.9055851063829787 0.05319148936170213 0.023936170212765957
0 0.08776595744680851 0.8590425531914894 0.0425531914893617 0.031914893617021274
1 0.5904255319148937 0.8896276595744681 0.11170212765957446 0.061170212765957445
1 0.6502659574468085 0.7819148936170213 0.10372340425531915 0.05851063829787234
1 0.7553191489361702 0.6821808510638298 0.10638297872340426 0.06648936170212766
1 0.8563829787234043 0.5704787234042553 0.13031914893617022 0.05585106382978723
1 0.9893617021276596 0.4308510638297872 0.02127659574468085 0.07446808510638298