0 0.8611111111111112 0.4933862433862434 0.04497354497354497 0.12169312169312169
0 0.7208994708994709 0.458994708994709 0.021164021164021163 0.09788359788359788
0 0.6097883597883598 0.39285714285714285 0.042328042328042326 0.07407407407407407
0 0.5185185185185185 0.34656084656084657 0.03968253968253968 0.05555555555555555
0 0.421957671957672 0.3386243386243386 0.031746031746031744 0.06349206349206349
0 0.3373015873015873 0.31216931216931215 0.03968253968253968 0.07142857142857142
0 0.2751322751322751 0.2830687830687831 0.03968253968253968 0.07142857142857142
0 0.16666666666666666 0.25925925925925924 0.042328042328042326 0.05555555555555555
0 0.07671957671957672 0.2526455026455027 0.05291005291005291 0.07142857142857142
0 0.05291005291005291 0.13624338624338625 0.021164021164021163 0.05555555555555555
0 0.11772486772486772 0.10449735449735449 0.023809523809523808 0.05291005291005291
0 0.164021164021164 0.07407407407407407 0.031746031746031744 0.042328042328042326
1 0.013227513227513227 0.5211640211640212 0.026455026455026454 0.1111111111111111
1 0.1335978835978836 0.5740740740740741 0.06084656084656084 0.1111111111111111
1 0.24074074074074073 0.6335978835978836 0.0582010582010582 0.10317460317460317
1 0.33994708994708994 0.7380952380952381 0.06613756613756613 0.10582010582010581
1 0.45105820105820105 0.8386243386243386 0.05555555555555555 0.12962962962962962
1 0.58994708994709 0.9801587301587301 0.07407407407407407 0.03968253968253968