1 0.023170731707317073 0.551219512195122 0.046341463414634146 0.08780487804878048
1 0.1402439024390244 0.6024390243902439 0.07317073170731707 0.11219512195121951
1 0.2451219512195122 0.6585365853658537 0.06585365853658537 0.1024390243902439
1 0.3329268292682927 0.75 0.06585365853658537 0.08780487804878048
1 0.43902439024390244 0.8609756097560975 0.05853658536585366 0.11951219512195121
1 0.5670731707317073 0.9780487804878049 0.07073170731707316 0.04390243902439024
0 0.8195121951219512 0.5170731707317073 0.05121951219512195 0.1073170731707317
0 0.6878048780487804 0.4853658536585366 0.02926829268292683 0.08292682926829269
0 0.5829268292682926 0.4402439024390244 0.046341463414634146 0.07804878048780488
0 0.49634146341463414 0.4024390243902439 0.041463414634146344 0.06829268292682927
0 0.4024390243902439 0.37317073170731707 0.046341463414634146 0.08048780487804878
0 0.3280487804878049 0.35121951219512193 0.041463414634146344 0.07804878048780488
0 0.27195121951219514 0.3329268292682927 0.03170731707317073 0.06097560975609756
0 0.17560975609756097 0.30609756097560975 0.046341463414634146 0.07560975609756097
0 0.0951219512195122 0.3024390243902439 0.04390243902439024 0.07073170731707316
0 0.06341463414634146 0.20243902439024392 0.026829268292682926 0.06097560975609756
0 0.17073170731707318 0.13658536585365855 0.02926829268292683 0.05121951219512195
0 0.12804878048780488 0.16341463414634147 0.02195121951219512 0.041463414634146344