1 0.5708955223880597 0.9813432835820896 0.10199004975124377 0.03731343283582089
1 0.6156716417910447 0.8619402985074627 0.09701492537313433 0.0472636815920398
1 0.6703980099502488 0.7587064676616916 0.09701492537313433 0.0472636815920398
1 0.7587064676616916 0.6629353233830846 0.0945273631840796 0.05472636815920398
1 0.8756218905472637 0.5522388059701493 0.11194029850746269 0.06965174129353234
0 0.5286069651741293 0.1654228855721393 0.09701492537313433 0.04975124378109453
0 0.48383084577114427 0.2972636815920398 0.0845771144278607 0.0472636815920398
0 0.43532338308457713 0.41044776119402987 0.07213930348258707 0.03731343283582089
0 0.39552238805970147 0.503731343283582 0.05970149253731343 0.03980099502487562
0 0.373134328358209 0.595771144278607 0.07213930348258707 0.03731343283582089
0 0.3619402985074627 0.6753731343283582 0.0845771144278607 0.03482587064676617
0 0.3308457711442786 0.7313432835820896 0.08208955223880597 0.04477611940298507
0 0.30597014925373134 0.8283582089552238 0.06716417910447761 0.03482587064676617
0 0.2972636815920398 0.914179104477612 0.05970149253731343 0.029850746268656716
0 0.19527363184079602 0.9465174129353234 0.05721393034825871 0.029850746268656716
0 0.13681592039800994 0.8383084577114428 0.0472636815920398 0.022388059701492536