1 0.011597938144329897 0.5992268041237113 0.023195876288659795 0.1056701030927835
1 0.12757731958762886 0.645618556701031 0.04896907216494845 0.10051546391752578
1 0.2345360824742268 0.7023195876288659 0.04896907216494845 0.10051546391752578
1 0.3337628865979381 0.7938144329896907 0.05670103092783505 0.0979381443298969
1 0.4484536082474227 0.9149484536082474 0.07216494845360824 0.11597938144329897
0 0.8492268041237113 0.5554123711340206 0.05154639175257732 0.10051546391752578
0 0.7126288659793815 0.509020618556701 0.04896907216494845 0.08762886597938144
0 0.595360824742268 0.4587628865979381 0.03865979381443299 0.07474226804123711
0 0.49871134020618557 0.4175257731958763 0.041237113402061855 0.061855670103092786
0 0.40335051546391754 0.3943298969072165 0.03865979381443299 0.07474226804123711
0 0.32087628865979384 0.38273195876288657 0.03608247422680412 0.08762886597938144
0 0.26288659793814434 0.35051546391752575 0.04639175257731959 0.08505154639175258
0 0.16237113402061856 0.3247422680412371 0.03608247422680412 0.06958762886597938
0 0.07345360824742268 0.31572164948453607 0.030927835051546393 0.061855670103092786
0 0.03994845360824742 0.21005154639175258 0.030927835051546393 0.059278350515463915
0 0.15206185567010308 0.14948453608247422 0.023195876288659795 0.04896907216494845