0 0.8655778894472361 0.542713567839196 0.04773869346733668 0.09045226130653267
0 0.7324120603015075 0.5025125628140703 0.04522613065326633 0.07537688442211055
0 0.6118090452261307 0.44472361809045224 0.04271356783919598 0.08542713567839195
0 0.5188442211055276 0.3969849246231156 0.032663316582914576 0.04773869346733668
0 0.42085427135678394 0.38190954773869346 0.032663316582914576 0.06281407035175879
0 0.34296482412060303 0.36180904522613067 0.04020100502512563 0.08040201005025126
0 0.2814070351758794 0.33542713567839194 0.04773869346733668 0.07788944723618091
0 0.18341708542713567 0.30778894472361806 0.032663316582914576 0.05778894472361809
0 0.09673366834170855 0.30527638190954776 0.04522613065326633 0.08542713567839195
0 0.00628140703517588 0.30402010050251255 0.01256281407035176 0.06532663316582915
0 0.06532663316582915 0.1884422110552764 0.02763819095477387 0.05778894472361809
0 0.16834170854271358 0.12437185929648241 0.02512562814070352 0.05527638190954774
1 0.02512562814070352 0.5640703517587939 0.05025125628140704 0.10301507537688442
1 0.15452261306532664 0.6105527638190955 0.06030150753768844 0.09045226130653267
1 0.2613065326633166 0.6733668341708543 0.06532663316582915 0.11557788944723618
1 0.3555276381909548 0.7788944723618091 0.06030150753768844 0.11557788944723618
1 0.47361809045226133 0.8969849246231156 0.06532663316582915 0.1507537688442211