0 0.5158730158730159 0.14947089947089948 0.09523809523809523 0.05026455026455026
0 0.47354497354497355 0.2896825396825397 0.07936507936507936 0.047619047619047616
0 0.4126984126984127 0.4166666666666667 0.08994708994708994 0.04497354497354497
0 0.36243386243386244 0.5145502645502645 0.05026455026455026 0.03439153439153439
0 0.34656084656084657 0.6177248677248677 0.06613756613756613 0.03439153439153439
0 0.3253968253968254 0.6997354497354498 0.08465608465608465 0.042328042328042326
0 0.2976190476190476 0.7645502645502645 0.082010582010582 0.05026455026455026
0 0.26851851851851855 0.8677248677248677 0.06084656084656084 0.03439153439153439
0 0.26587301587301587 0.958994708994709 0.08994708994708994 0.047619047619047616
0 0.14153439153439154 0.9894179894179894 0.06084656084656084 0.021164021164021163
0 0.07539682539682539 0.8835978835978836 0.0582010582010582 0.026455026455026454
1 0.5873015873015873 0.8981481481481481 0.09523809523809523 0.06349206349206349
1 0.6534391534391535 0.7857142857142857 0.12169312169312169 0.06878306878306878
1 0.7645502645502645 0.6865079365079365 0.12169312169312169 0.06349206349206349
1 0.8888888888888888 0.5621693121693122 0.15873015873015872 0.06878306878306878