1 0.008021390374331552 0.6096256684491979 0.016042780748663103 0.0962566844919786
1 0.12032085561497326 0.6550802139037433 0.058823529411764705 0.0855614973262032
1 0.22727272727272727 0.7165775401069518 0.06951871657754011 0.11229946524064172
1 0.3355614973262032 0.8235294117647058 0.0855614973262032 0.14705882352941177
1 0.45454545454545453 0.9438502673796791 0.09090909090909091 0.11229946524064172
0 0.8743315508021391 0.5855614973262032 0.05080213903743316 0.11764705882352941
0 0.732620320855615 0.5307486631016043 0.040106951871657755 0.0962566844919786
0 0.6029411764705882 0.47459893048128343 0.0374331550802139 0.0855614973262032
0 0.5053475935828877 0.42914438502673796 0.045454545454545456 0.0748663101604278
0 0.39705882352941174 0.3890374331550802 0.03208556149732621 0.053475935828877004
0 0.3114973262032086 0.3783422459893048 0.0481283422459893 0.09358288770053476
0 0.24598930481283424 0.3422459893048128 0.0374331550802139 0.06149732620320856
0 0.15106951871657753 0.32085561497326204 0.03208556149732621 0.06149732620320856
0 0.05614973262032086 0.32219251336898397 0.0374331550802139 0.08021390374331551
0 0.01871657754010695 0.2072192513368984 0.029411764705882353 0.05614973262032086
0 0.13502673796791445 0.13502673796791445 0.026737967914438502 0.05614973262032086