1 0.015873015873015872 0.5912698412698413 0.031746031746031744 0.11904761904761904
1 0.07407407407407407 0.6322751322751323 0.07142857142857142 0.09523809523809523
1 0.21164021164021163 0.6772486772486772 0.0582010582010582 0.08465608465608465
1 0.31746031746031744 0.7380952380952381 0.06878306878306878 0.1111111111111111
1 0.4246031746031746 0.843915343915344 0.08465608465608465 0.1455026455026455
1 0.5423280423280423 0.9537037037037037 0.08994708994708994 0.09259259259259259
0 0.9576719576719577 0.6084656084656085 0.05026455026455026 0.1164021164021164
0 0.8174603174603174 0.5542328042328042 0.03968253968253968 0.09523809523809523
0 0.6891534391534392 0.49867724867724866 0.037037037037037035 0.08465608465608465
0 0.5925925925925926 0.4537037037037037 0.04497354497354497 0.07407407407407407
0 0.48544973544973546 0.414021164021164 0.031746031746031744 0.05291005291005291
0 0.4007936507936508 0.40343915343915343 0.047619047619047616 0.09259259259259259
0 0.335978835978836 0.36772486772486773 0.037037037037037035 0.06084656084656084
0 0.24206349206349206 0.34656084656084657 0.031746031746031744 0.06084656084656084
0 0.14814814814814814 0.3478835978835979 0.037037037037037035 0.07936507936507936
0 0.03968253968253968 0.3373015873015873 0.037037037037037035 0.06349206349206349
0 0.03306878306878307 0.27116402116402116 0.031746031746031744 0.042328042328042326
0 0.1111111111111111 0.23412698412698413 0.0291005291005291 0.05555555555555555
0 0.2261904761904762 0.1626984126984127 0.026455026455026454 0.05555555555555555