0 0.9581218274111675 0.5418781725888325 0.04060913705583756 0.09137055837563451
0 0.8197969543147208 0.49111675126903553 0.050761421319796954 0.11421319796954314
0 0.6890862944162437 0.4416243654822335 0.048223350253807105 0.08121827411167512
0 0.5926395939086294 0.3883248730964467 0.03807106598984772 0.06345177664974619
0 0.4936548223350254 0.3565989847715736 0.03807106598984772 0.06852791878172589
0 0.41243654822335024 0.35152284263959394 0.030456852791878174 0.0583756345177665
0 0.35913705583756345 0.3248730964467005 0.025380710659898477 0.05583756345177665
0 0.26015228426395937 0.2868020304568528 0.012690355329949238 0.04568527918781726
0 0.1713197969543147 0.2880710659898477 0.025380710659898477 0.0583756345177665
0 0.06472081218274112 0.2779187817258883 0.03299492385786802 0.0532994923857868
0 0.015228426395939087 0.27284263959390864 0.025380710659898477 0.0583756345177665
0 0.06091370558375635 0.2131979695431472 0.03553299492385787 0.048223350253807105
0 0.13324873096446702 0.17258883248730963 0.030456852791878174 0.048223350253807105
0 0.18908629441624367 0.1548223350253807 0.025380710659898477 0.04314720812182741
0 0.24111675126903553 0.1065989847715736 0.025380710659898477 0.0532994923857868
1 0.03299492385786802 0.5215736040609137 0.048223350253807105 0.09644670050761421
1 0.10152284263959391 0.5545685279187818 0.06345177664974619 0.08629441624365482
1 0.233502538071066 0.6065989847715736 0.048223350253807105 0.09137055837563451
1 0.3362944162436548 0.6624365482233503 0.06598984771573604 0.09137055837563451
1 0.4416243654822335 0.7779187817258884 0.05583756345177665 0.11421319796954314
1 0.5596446700507615 0.8959390862944162 0.06091370558375635 0.1319796954314721