1 0.5850785340314136 0.9267015706806283 0.07329842931937172 0.12827225130890052
1 0.46335078534031415 0.8049738219895288 0.0549738219895288 0.11518324607329843
1 0.3612565445026178 0.6924083769633508 0.060209424083769635 0.08900523560209424
1 0.25523560209424084 0.6256544502617801 0.06806282722513089 0.08376963350785341
1 0.11649214659685864 0.5680628272251309 0.060209424083769635 0.09162303664921466
1 0.04450261780104712 0.5287958115183246 0.05235602094240838 0.08900523560209424
0 0.9947643979057592 0.5615183246073299 0.010471204188481676 0.112565445026178
0 0.8534031413612565 0.5078534031413613 0.06282722513089005 0.11518324607329843
0 0.7212041884816754 0.45418848167539266 0.041884816753926704 0.07329842931937172
0 0.6230366492146597 0.39659685863874344 0.03926701570680628 0.0549738219895288
0 0.524869109947644 0.35340314136125656 0.03664921465968586 0.07329842931937172
0 0.43324607329842935 0.35471204188481675 0.03926701570680628 0.07068062827225131
0 0.3730366492146597 0.3285340314136126 0.03664921465968586 0.08115183246073299
0 0.1806282722513089 0.2892670157068063 0.034031413612565446 0.07329842931937172
0 0.07722513089005235 0.2905759162303665 0.03664921465968586 0.07591623036649214
0 0.02225130890052356 0.27486910994764396 0.031413612565445025 0.07068062827225131
0 0.06806282722513089 0.21727748691099477 0.05235602094240838 0.0549738219895288
0 0.14790575916230367 0.17015706806282724 0.031413612565445025 0.05235602094240838
0 0.20287958115183247 0.14790575916230367 0.031413612565445025 0.05759162303664921
0 0.2591623036649215 0.11649214659685864 0.03926701570680628 0.05235602094240838