1 0.5565326633165829 0.9246231155778895 0.07035175879396985 0.12311557788944724
1 0.4396984924623116 0.8077889447236181 0.052763819095477386 0.11055276381909548
1 0.3417085427135678 0.699748743718593 0.05778894472361809 0.08542713567839195
1 0.2399497487437186 0.635678391959799 0.06532663316582915 0.08040201005025126
1 0.10678391959798995 0.5804020100502513 0.05778894472361809 0.08793969849246232
1 0.03768844221105527 0.542713567839196 0.05025125628140704 0.08542713567839195
0 0.9623115577889447 0.5741206030150754 0.032663316582914576 0.10804020100502512
0 0.8140703517587939 0.5226130653266332 0.06030150753768844 0.11055276381909548
0 0.6871859296482412 0.47110552763819097 0.04020100502512563 0.07035175879396985
0 0.592964824120603 0.4158291457286432 0.03768844221105527 0.052763819095477386
0 0.49874371859296485 0.3743718592964824 0.035175879396984924 0.07035175879396985
0 0.4108040201005025 0.3756281407035176 0.03768844221105527 0.0678391959798995
0 0.3530150753768844 0.35050251256281406 0.035175879396984924 0.07788944723618091
0 0.16834170854271358 0.3128140703517588 0.032663316582914576 0.07035175879396985
0 0.06909547738693467 0.314070351758794 0.035175879396984924 0.0728643216080402
0 0.016331658291457288 0.2989949748743719 0.03015075376884422 0.0678391959798995
0 0.06030150753768844 0.24371859296482412 0.05025125628140704 0.052763819095477386
0 0.13693467336683418 0.1984924623115578 0.03015075376884422 0.05025125628140704
0 0.18969849246231155 0.1771356783919598 0.03015075376884422 0.05527638190954774
0 0.24371859296482412 0.14698492462311558 0.03768844221105527 0.05025125628140704