0 0.2599502487562189 0.14676616915422885 0.022388059701492536 0.04477611940298507
0 0.208955223880597 0.18159203980099503 0.03233830845771144 0.05223880597014925
0 0.15422885572139303 0.21890547263681592 0.029850746268656716 0.0472636815920398
0 0.0845771144278607 0.25 0.02736318407960199 0.04477611940298507
0 0.03482587064676617 0.29850746268656714 0.03233830845771144 0.06965174129353234
0 0.08706467661691543 0.31592039800995025 0.03233830845771144 0.06965174129353234
0 0.19029850746268656 0.3370646766169154 0.03980099502487562 0.07462686567164178
0 0.3656716417910448 0.3582089552238806 0.03233830845771144 0.06467661691542288
0 0.4291044776119403 0.39552238805970147 0.03233830845771144 0.06716417910447761
0 0.5087064676616916 0.39054726368159204 0.029850746268656716 0.03482587064676617
0 0.6094527363184079 0.43034825870646765 0.02736318407960199 0.04975124378109453
0 0.7027363184079602 0.4900497512437811 0.03980099502487562 0.08955223880597014
0 0.8333333333333334 0.5335820895522388 0.04975124378109453 0.08706467661691543
0 0.9788557213930348 0.595771144278607 0.017412935323383085 0.1044776119402985
1 0.007462686567164179 0.19651741293532338 0.014925373134328358 0.05472636815920398
1 0.05845771144278607 0.5509950248756219 0.05223880597014925 0.07711442786069651
1 0.1318407960199005 0.5758706467661692 0.04975124378109453 0.07960199004975124
1 0.2574626865671642 0.6368159203980099 0.06467661691542288 0.06965174129353234
1 0.35199004975124376 0.6940298507462687 0.05223880597014925 0.07960199004975124
1 0.4552238805970149 0.804726368159204 0.03731343283582089 0.10696517412935323
1 0.568407960199005 0.9228855721393034 0.08955223880597014 0.12437810945273632