0 0.1116751269035533 0.7347715736040609 0.04568527918781726 0.02284263959390863
0 0.14720812182741116 0.7868020304568528 0.0532994923857868 0.03299492385786802
0 0.18527918781725888 0.8426395939086294 0.048223350253807105 0.030456852791878174
0 0.217005076142132 0.9137055837563451 0.04568527918781726 0.027918781725888325
0 0.26649746192893403 0.9644670050761421 0.07106598984771574 0.03299492385786802
0 0.28426395939086296 0.9111675126903553 0.07106598984771574 0.03299492385786802
0 0.30583756345177665 0.8058375634517766 0.07614213197969544 0.04060913705583756
0 0.32741116751269034 0.6269035532994924 0.06598984771573604 0.03299492385786802
0 0.36548223350253806 0.5621827411167513 0.06852791878172589 0.03299492385786802
0 0.3604060913705584 0.48096446700507617 0.03553299492385787 0.030456852791878174
0 0.4010152284263959 0.37817258883248733 0.050761421319796954 0.027918781725888325
0 0.4619289340101523 0.282994923857868 0.09137055837563451 0.04060913705583756
0 0.5063451776649747 0.14974619289340102 0.08883248730964467 0.050761421319796954
0 0.5685279187817259 0.005076142131979695 0.1065989847715736 0.01015228426395939
1 0.16243654822335024 0.9923857868020305 0.05583756345177665 0.015228426395939087
1 0.5241116751269036 0.9403553299492385 0.07868020304568528 0.0532994923857868
1 0.549492385786802 0.8654822335025381 0.08121827411167512 0.050761421319796954
1 0.6116751269035533 0.7373096446700508 0.07106598984771574 0.06598984771573604
1 0.6700507614213198 0.6408629441624365 0.08121827411167512 0.0532994923857868
1 0.7829949238578681 0.5355329949238579 0.10913705583756345 0.03807106598984772
1 0.9035532994923858 0.4200507614213198 0.12690355329949238 0.09137055837563451