0 0.5323383084577115 0.1455223880597015 0.1044776119402985 0.06218905472636816
0 0.48258706467661694 0.27114427860696516 0.09701492537313433 0.03731343283582089
0 0.4228855721393035 0.3656716417910448 0.06716417910447761 0.03731343283582089
0 0.3743781094527363 0.4701492537313433 0.05721393034825871 0.03980099502487562
0 0.3681592039800995 0.5460199004975125 0.06965174129353234 0.04228855721393035
0 0.3445273631840796 0.6019900497512438 0.06218905472636816 0.03482587064676617
0 0.3208955223880597 0.8022388059701493 0.06716417910447761 0.03482587064676617
0 0.3009950248756219 0.8805970149253731 0.07960199004975124 0.03233830845771144
0 0.27487562189054726 0.927860696517413 0.05970149253731343 0.029850746268656716
0 0.24751243781094528 0.8855721393034826 0.05223880597014925 0.02736318407960199
0 0.21766169154228857 0.8109452736318408 0.05721393034825871 0.02736318407960199
0 0.17412935323383086 0.7599502487562189 0.03233830845771144 0.022388059701492536
0 0.1455223880597015 0.7151741293532339 0.04975124378109453 0.01990049751243781
1 0.17661691542288557 0.9664179104477612 0.06467661691542288 0.022388059701492536
1 0.5298507462686567 0.9129353233830846 0.09701492537313433 0.05721393034825871
1 0.5671641791044776 0.8407960199004975 0.0845771144278607 0.05970149253731343
1 0.6243781094527363 0.7201492537313433 0.0845771144278607 0.05472636815920398
1 0.6977611940298507 0.6144278606965174 0.12189054726368159 0.07462686567164178
1 0.7997512437810945 0.5161691542288557 0.13432835820895522 0.07711442786069651
1 0.927860696517413 0.40422885572139305 0.13432835820895522 0.06965174129353234