0 0.4183417085427136 0.9974874371859297 0.12311557788944724 0.005025125628140704
0 0.4723618090452261 0.8454773869346733 0.10552763819095477 0.06281407035175879
0 0.5226130653266332 0.7185929648241206 0.09798994974874371 0.03768844221105527
0 0.5829145728643216 0.6231155778894473 0.0678391959798995 0.03768844221105527
0 0.6319095477386935 0.5175879396984925 0.05778894472361809 0.04020100502512563
0 0.6381909547738693 0.44095477386934673 0.07035175879396985 0.04271356783919598
0 0.6620603015075377 0.3844221105527638 0.06281407035175879 0.035175879396984924
0 0.6859296482412061 0.18216080402010051 0.0678391959798995 0.035175879396984924
0 0.7060301507537688 0.10301507537688442 0.08040201005025126 0.032663316582914576
0 0.7324120603015075 0.05527638190954774 0.06030150753768844 0.03015075376884422
0 0.7600502512562815 0.09798994974874371 0.052763819095477386 0.02763819095477387
0 0.7902010050251256 0.17336683417085427 0.05778894472361809 0.02763819095477387
0 0.8341708542713567 0.22487437185929648 0.032663316582914576 0.022613065326633167
0 0.8630653266331658 0.2701005025125628 0.05025125628140704 0.020100502512562814
1 0.8316582914572864 0.016331658291457288 0.06532663316582915 0.022613065326633167
1 0.4748743718592965 0.07035175879396985 0.09798994974874371 0.05778894472361809
1 0.4371859296482412 0.14321608040201006 0.08542713567839195 0.06030150753768844
1 0.3793969849246231 0.2650753768844221 0.08542713567839195 0.05527638190954774
1 0.30527638190954776 0.37185929648241206 0.12311557788944724 0.07537688442211055
1 0.2022613065326633 0.47110552763819097 0.135678391959799 0.07788944723618091
1 0.0728643216080402 0.5841708542713567 0.135678391959799 0.07035175879396985