1 0.1525 0.93625 0.055 0.025
1 0.4875 0.99125 0.095 0.0175
1 0.5 0.88375 0.095 0.045
1 0.5325 0.8125 0.0875 0.065
1 0.58625 0.69625 0.09 0.05
1 0.6575 0.59 0.1 0.0675
1 0.77625 0.50125 0.105 0.065
1 0.895 0.3825 0.1225 0.075
0 0.50875 0.1125 0.115 0.05
0 0.45375 0.245 0.0975 0.045
0 0.4 0.34375 0.0675 0.04
0 0.3525 0.43875 0.0525 0.0425
0 0.33375 0.5275 0.0525 0.025
0 0.32125 0.58125 0.0675 0.0275
0 0.2975 0.755 0.09 0.0425
0 0.27 0.85375 0.0525 0.035
0 0.20875 0.85375 0.06 0.0375
0 0.25 0.9 0.065 0.0275
0 0.18125 0.7825 0.0425 0.03
0 0.14 0.73375 0.04 0.0225
0 0.1175 0.6875 0.0425 0.02