1 0.15404040404040403 0.9558080808080808 0.05555555555555555 0.025252525252525252
1 0.5050505050505051 0.9027777777777778 0.09595959595959595 0.045454545454545456
1 0.5378787878787878 0.8308080808080808 0.08838383838383838 0.06565656565656566
1 0.5921717171717171 0.7133838383838383 0.09090909090909091 0.050505050505050504
1 0.6641414141414141 0.6060606060606061 0.10101010101010101 0.06818181818181818
1 0.7840909090909091 0.5164141414141414 0.10606060606060606 0.06565656565656566
1 0.9040404040404041 0.39646464646464646 0.12373737373737374 0.07575757575757576
0 0.5138888888888888 0.12373737373737374 0.11616161616161616 0.050505050505050504
0 0.4583333333333333 0.25757575757575757 0.09848484848484848 0.045454545454545456
0 0.40404040404040403 0.3573232323232323 0.06818181818181818 0.04040404040404041
0 0.3560606060606061 0.4532828282828283 0.05303030303030303 0.04292929292929293
0 0.3371212121212121 0.5429292929292929 0.05303030303030303 0.025252525252525252
0 0.3244949494949495 0.5972222222222222 0.06818181818181818 0.027777777777777776
0 0.3005050505050505 0.7727272727272727 0.09090909090909091 0.04292929292929293
0 0.2727272727272727 0.8724747474747475 0.05303030303030303 0.03535353535353535
0 0.21085858585858586 0.8724747474747475 0.06060606060606061 0.03787878787878788
0 0.25252525252525254 0.9191919191919192 0.06565656565656566 0.027777777777777776
0 0.1830808080808081 0.8005050505050505 0.04292929292929293 0.030303030303030304
0 0.1414141414141414 0.7512626262626263 0.04040404040404041 0.022727272727272728
0 0.11868686868686869 0.7045454545454546 0.04292929292929293 0.020202020202020204