0 0.4730392156862745 0.9068627450980392 0.10049019607843138 0.061274509803921566
0 0.5220588235294118 0.7708333333333334 0.09068627450980392 0.04411764705882353
0 0.5857843137254902 0.6752450980392157 0.0784313725490196 0.049019607843137254
0 0.6409313725490197 0.5784313725490197 0.041666666666666664 0.029411764705882353
0 0.6629901960784313 0.4411764705882353 0.049019607843137254 0.029411764705882353
0 0.7009803921568627 0.26838235294117646 0.07598039215686274 0.04656862745098039
0 0.7083333333333334 0.17647058823529413 0.06862745098039216 0.03431372549019608
0 0.8639705882352942 0.3321078431372549 0.06372549019607843 0.01715686274509804
0 0.8370098039215687 0.28799019607843135 0.041666666666666664 0.022058823529411766
0 0.7990196078431373 0.23897058823529413 0.061274509803921566 0.02696078431372549
0 0.7732843137254902 0.1715686274509804 0.041666666666666664 0.022058823529411766
0 0.7426470588235294 0.12745098039215685 0.056372549019607844 0.0196078431372549
1 0.8308823529411765 0.09313725490196079 0.07107843137254902 0.0196078431372549
1 0.7892156862745098 0.011029411764705883 0.07352941176470588 0.022058823529411766
1 0.5073529411764706 0.01838235294117647 0.0784313725490196 0.03676470588235294
1 0.48284313725490197 0.14460784313725492 0.08333333333333333 0.041666666666666664
1 0.45588235294117646 0.20710784313725492 0.08088235294117647 0.049019607843137254
1 0.39705882352941174 0.3272058823529412 0.08823529411764706 0.06372549019607843
1 0.34191176470588236 0.4338235294117647 0.08088235294117647 0.04656862745098039
1 0.2181372549019608 0.5196078431372549 0.10294117647058823 0.07107843137254902
1 0.09558823529411764 0.6397058823529411 0.12009803921568628 0.06862745098039216