0 0.9346733668341709 0.5175879396984925 0.06281407035175879 0.10301507537688442
0 0.7952261306532663 0.46733668341708545 0.04522613065326633 0.09296482412060302
0 0.6972361809045227 0.4020100502512563 0.05025125628140704 0.08040201005025126
0 0.5979899497487438 0.3454773869346734 0.03015075376884422 0.04271356783919598
0 0.457286432160804 0.3228643216080402 0.03015075376884422 0.05025125628140704
0 0.28015075376884424 0.28391959798994976 0.04773869346733668 0.07788944723618091
0 0.18592964824120603 0.27638190954773867 0.035175879396984924 0.07035175879396985
0 0.3454773869346734 0.11683417085427136 0.017587939698492462 0.06532663316582915
0 0.30025125628140703 0.1444723618090452 0.022613065326633167 0.04271356783919598
0 0.25 0.18341708542713567 0.02763819095477387 0.06281407035175879
0 0.18090452261306533 0.20979899497487436 0.022613065326633167 0.04271356783919598
0 0.135678391959799 0.24120603015075376 0.020100502512562814 0.05778894472361809
1 0.10050251256281408 0.1507537688442211 0.020100502512562814 0.0728643216080402
1 0.013819095477386936 0.1934673366834171 0.02763819095477387 0.07537688442211055
1 0.02135678391959799 0.4824120603015075 0.04271356783919598 0.08040201005025126
1 0.15326633165829145 0.507537688442211 0.04271356783919598 0.08542713567839195
1 0.21733668341708542 0.535175879396985 0.05025125628140704 0.0829145728643216
1 0.34045226130653267 0.5954773869346733 0.06532663316582915 0.09045226130653267
1 0.44974874371859297 0.6520100502512562 0.04773869346733668 0.0829145728643216
1 0.5376884422110553 0.7788944723618091 0.0728643216080402 0.10552763819095477
1 0.6608040201005025 0.9045226130653267 0.07035175879396985 0.12311557788944724