1 0.04319371727748691 0.8468586387434555 0.08638743455497382 0.07068062827225131
1 0.16099476439790575 0.7028795811518325 0.1387434554973822 0.06544502617801047
1 0.299738219895288 0.587696335078534 0.10209424083769633 0.06282722513089005
1 0.3756544502617801 0.468586387434555 0.112565445026178 0.06806282722513089
1 0.4397905759162304 0.3298429319371728 0.09947643979057591 0.060209424083769635
1 0.49345549738219896 0.2643979057591623 0.07068062827225131 0.049738219895287955
1 0.5104712041884817 0.1243455497382199 0.08900523560209424 0.05759162303664921
1 0.7945026178010471 0.03926701570680628 0.07329842931937172 0.03664921465968586
1 0.8219895287958116 0.09816753926701571 0.060209424083769635 0.041884816753926704
1 0.8717277486910995 0.19109947643979058 0.060209424083769635 0.02356020942408377
0 0.5026178010471204 0.9620418848167539 0.12303664921465969 0.05759162303664921
0 0.5641361256544503 0.8481675392670157 0.08900523560209424 0.049738219895287955
0 0.7068062827225131 0.46727748691099474 0.07591623036649214 0.03926701570680628
0 0.668848167539267 0.6400523560209425 0.041884816753926704 0.028795811518324606
0 0.637434554973822 0.7342931937172775 0.04712041884816754 0.034031413612565446
0 0.6832460732984293 0.5719895287958116 0.06544502617801047 0.034031413612565446
0 0.7198952879581152 0.38350785340314136 0.0549738219895288 0.031413612565445025
0 0.7369109947643979 0.28272251308900526 0.0549738219895288 0.031413612565445025
0 0.7539267015706806 0.23036649214659685 0.05235602094240838 0.01832460732984293
0 0.8010471204188482 0.27225130890052357 0.04712041884816754 0.028795811518324606
0 0.8298429319371727 0.34424083769633507 0.05759162303664921 0.02617801047120419
0 0.8717277486910995 0.39528795811518325 0.06282722513089005 0.031413612565445025
0 0.8979057591623036 0.443717277486911 0.060209424083769635 0.02617801047120419