1 0.9264705882352942 0.30080213903743314 0.14171122994652408 0.06684491978609626
1 0.7847593582887701 0.4184491978609626 0.10427807486631016 0.06417112299465241
1 0.7072192513368984 0.5401069518716578 0.11497326203208556 0.06951871657754011
1 0.6417112299465241 0.6818181818181818 0.10160427807486631 0.06149732620320856
1 0.5868983957219251 0.7486631016042781 0.07219251336898395 0.05080213903743316
1 0.56951871657754 0.8917112299465241 0.09090909090909091 0.058823529411764705
1 0.27941176470588236 0.9786096256684492 0.0748663101604278 0.0374331550802139
1 0.25133689839572193 0.9184491978609626 0.06149732620320856 0.0427807486631016
1 0.20053475935828877 0.8235294117647058 0.06149732620320856 0.02406417112299465
0 0.5775401069518716 0.03609625668449198 0.12566844919786097 0.058823529411764705
0 0.5147058823529411 0.15240641711229946 0.09090909090909091 0.05080213903743316
0 0.3689839572192513 0.5414438502673797 0.07754010695187166 0.040106951871657755
0 0.4077540106951872 0.3649732620320856 0.0427807486631016 0.029411764705882353
0 0.43983957219251335 0.26871657754010697 0.0481283422459893 0.034759358288770054
0 0.393048128342246 0.4344919786096257 0.06684491978609626 0.034759358288770054
0 0.35561497326203206 0.6270053475935828 0.05614973262032086 0.03208556149732621
0 0.3382352941176471 0.7299465240641712 0.05614973262032086 0.03208556149732621
0 0.32085561497326204 0.7834224598930482 0.053475935828877004 0.01871657754010695
0 0.2727272727272727 0.7406417112299465 0.0481283422459893 0.029411764705882353
0 0.24331550802139038 0.6671122994652406 0.058823529411764705 0.026737967914438502
0 0.20053475935828877 0.6149732620320856 0.06417112299465241 0.03208556149732621
0 0.17379679144385027 0.5655080213903744 0.06149732620320856 0.026737967914438502