0 0.5609137055837563 0.06472081218274112 0.10913705583756345 0.0583756345177665
0 0.5038071065989848 0.17766497461928935 0.10913705583756345 0.0583756345177665
0 0.434010152284264 0.2868020304568528 0.06598984771573604 0.04060913705583756
0 0.39720812182741116 0.37817258883248733 0.04568527918781726 0.030456852791878174
0 0.37944162436548223 0.44289340101522845 0.06852791878172589 0.03299492385786802
0 0.35406091370558374 0.5482233502538071 0.06598984771573604 0.03553299492385787
0 0.3401015228426396 0.6269035532994924 0.06091370558375635 0.03299492385786802
0 0.32741116751269034 0.7271573604060914 0.050761421319796954 0.04060913705583756
0 0.30710659898477155 0.7791878172588832 0.06091370558375635 0.02284263959390863
0 0.2614213197969543 0.7360406091370558 0.050761421319796954 0.027918781725888325
0 0.22715736040609136 0.6675126903553299 0.04060913705583756 0.025380710659898477
0 0.2017766497461929 0.616751269035533 0.0532994923857868 0.025380710659898477
0 0.1713197969543147 0.5710659898477157 0.0583756345177665 0.02284263959390863
1 0.20050761421319796 0.8147208121827412 0.0532994923857868 0.025380710659898477
1 0.24111675126903553 0.9022842639593909 0.06598984771573604 0.02284263959390863
1 0.2753807106598985 0.9593908629441624 0.05583756345177665 0.027918781725888325
1 0.5431472081218274 0.8769035532994924 0.07868020304568528 0.04314720812182741
1 0.567258883248731 0.7449238578680203 0.08629441624365482 0.048223350253807105
1 0.6091370558375635 0.6763959390862944 0.09644670050761421 0.050761421319796954
1 0.6751269035532995 0.5456852791878173 0.09137055837563451 0.050761421319796954
1 0.7563451776649747 0.4302030456852792 0.1319796954314721 0.07360406091370558
1 0.8972081218274112 0.3197969543147208 0.1598984771573604 0.08121827411167512
1 0.9860406091370558 0.1649746192893401 0.027918781725888325 0.07106598984771574