0 0.9138349514563107 0.5485436893203883 0.055825242718446605 0.10436893203883495
0 0.8058252427184466 0.49393203883495146 0.055825242718446605 0.10436893203883495
0 0.7014563106796117 0.42718446601941745 0.038834951456310676 0.06310679611650485
0 0.6140776699029126 0.3919902912621359 0.02912621359223301 0.043689320388349516
0 0.5521844660194175 0.375 0.03155339805825243 0.06553398058252427
0 0.45145631067961167 0.35072815533980584 0.03398058252427184 0.06310679611650485
0 0.3762135922330097 0.33737864077669905 0.03155339805825243 0.05825242718446602
0 0.2803398058252427 0.32524271844660196 0.038834951456310676 0.04854368932038835
0 0.23058252427184467 0.3058252427184466 0.021844660194174758 0.05825242718446602
0 0.27184466019417475 0.2621359223300971 0.02669902912621359 0.04854368932038835
0 0.33737864077669905 0.22936893203883496 0.024271844660194174 0.038834951456310676
0 0.3859223300970874 0.20509708737864077 0.024271844660194174 0.050970873786407765
0 0.42961165048543687 0.17597087378640777 0.021844660194174758 0.055825242718446605
1 0.1966019417475728 0.20388349514563106 0.024271844660194174 0.050970873786407765
1 0.11286407766990292 0.24271844660194175 0.021844660194174758 0.06310679611650485
1 0.05825242718446602 0.27548543689320387 0.02669902912621359 0.05339805825242718
1 0.012135922330097087 0.5424757281553398 0.024271844660194174 0.09466019417475728
1 0.13713592233009708 0.5315533980582524 0.0412621359223301 0.07524271844660194
1 0.2633495145631068 0.5546116504854369 0.04611650485436893 0.0825242718446602
1 0.3288834951456311 0.5946601941747572 0.04854368932038835 0.09223300970873786
1 0.4538834951456311 0.6577669902912622 0.04854368932038835 0.08737864077669903
1 0.5643203883495146 0.7354368932038835 0.0703883495145631 0.1262135922330097
1 0.6699029126213593 0.8701456310679612 0.07766990291262135 0.1529126213592233
1 0.8179611650485437 0.970873786407767 0.06796116504854369 0.05825242718446602