1 0.15608465608465608 0.14285714285714285 0.0291005291005291 0.06349206349206349
1 0.0701058201058201 0.18253968253968253 0.026455026455026454 0.06613756613756613
1 0.010582010582010581 0.2156084656084656 0.021164021164021163 0.05555555555555555
1 0.08597883597883597 0.5013227513227513 0.05555555555555555 0.07671957671957672
1 0.2261904761904762 0.5264550264550265 0.05291005291005291 0.07142857142857142
1 0.2896825396825397 0.5753968253968254 0.05291005291005291 0.06349206349206349
1 0.43386243386243384 0.6494708994708994 0.05291005291005291 0.082010582010582
1 0.5515873015873016 0.7314814814814815 0.06613756613756613 0.08994708994708994
1 0.6706349206349206 0.8835978835978836 0.06613756613756613 0.12962962962962962
1 0.8240740740740741 0.9907407407407407 0.07671957671957672 0.018518518518518517
0 0.41005291005291006 0.12037037037037036 0.026455026455026454 0.04497354497354497
0 0.35978835978835977 0.15079365079365079 0.03439153439153439 0.06084656084656084
0 0.30687830687830686 0.17989417989417988 0.0291005291005291 0.05026455026455026
0 0.23809523809523808 0.20767195767195767 0.026455026455026454 0.047619047619047616
0 0.19444444444444445 0.25396825396825395 0.026455026455026454 0.06349206349206349
0 0.24074074074074073 0.2830687830687831 0.031746031746031744 0.047619047619047616
0 0.3478835978835979 0.3082010582010582 0.037037037037037035 0.06349206349206349
0 0.42857142857142855 0.31613756613756616 0.03968253968253968 0.07671957671957672
0 0.5436507936507936 0.33994708994708994 0.03439153439153439 0.05555555555555555
0 0.5992063492063492 0.36904761904761907 0.03439153439153439 0.042328042328042326
0 0.7037037037037037 0.4021164021164021 0.03968253968253968 0.05555555555555555
0 0.8148148148148148 0.4828042328042328 0.05291005291005291 0.1111111111111111
0 0.9391534391534392 0.544973544973545 0.05026455026455026 0.10582010582010581