1 0.8055555555555556 0.17676767676767677 0.06060606060606061 0.027777777777777776
1 0.7676767676767676 0.0946969696969697 0.06313131313131314 0.025252525252525252
1 0.7348484848484849 0.03409090909090909 0.05303030303030303 0.030303030303030304
1 0.4633838383838384 0.10984848484848485 0.07323232323232323 0.05303030303030303
1 0.4393939393939394 0.24368686868686867 0.06818181818181818 0.050505050505050504
1 0.3926767676767677 0.3042929292929293 0.06060606060606061 0.050505050505050504
1 0.32196969696969696 0.44191919191919193 0.07828282828282829 0.050505050505050504
1 0.24368686868686867 0.5542929292929293 0.08585858585858586 0.06313131313131314
1 0.09848484848484848 0.6679292929292929 0.12373737373737374 0.06313131313131314
0 0.827020202020202 0.41919191919191917 0.04292929292929293 0.025252525252525252
0 0.797979797979798 0.3712121212121212 0.05808080808080808 0.03282828282828283
0 0.7702020202020202 0.3207070707070707 0.047979797979797977 0.027777777777777776
0 0.7436868686868687 0.255050505050505 0.045454545454545456 0.025252525252525252
0 0.6994949494949495 0.21338383838383837 0.06060606060606061 0.025252525252525252
0 0.6717171717171717 0.25757575757575757 0.045454545454545456 0.030303030303030304
0 0.6477272727272727 0.35984848484848486 0.06060606060606061 0.03535353535353535
0 0.6401515151515151 0.43686868686868685 0.07323232323232323 0.03787878787878788
0 0.6174242424242424 0.5467171717171717 0.05303030303030303 0.03282828282828283
0 0.5896464646464646 0.5997474747474747 0.04040404040404041 0.03282828282828283
0 0.5580808080808081 0.6994949494949495 0.05303030303030303 0.03787878787878788
0 0.4810606060606061 0.8055555555555556 0.10606060606060606 0.050505050505050504
0 0.4217171717171717 0.9242424242424242 0.10101010101010101 0.047979797979797977