1 0.07487309644670051 0.7614213197969543 0.12944162436548223 0.07360406091370558
1 0.22588832487309646 0.6522842639593909 0.11421319796954314 0.06345177664974619
1 0.31852791878172587 0.5418781725888325 0.09137055837563451 0.05583756345177665
1 0.3946700507614213 0.40609137055837563 0.07614213197969544 0.050761421319796954
1 0.44416243654822335 0.34517766497461927 0.09898477157360407 0.0532994923857868
1 0.4860406091370558 0.21446700507614214 0.07868020304568528 0.050761421319796954
1 0.4784263959390863 0.07741116751269035 0.09137055837563451 0.03807106598984772
1 0.7182741116751269 0.06979695431472081 0.06345177664974619 0.04568527918781726
1 0.7398477157360406 0.13451776649746192 0.07360406091370558 0.03807106598984772
1 0.7791878172588832 0.19923857868020303 0.0583756345177665 0.027918781725888325
1 0.8121827411167513 0.27918781725888325 0.0583756345177665 0.025380710659898477
0 0.8197969543147208 0.5152284263959391 0.04568527918781726 0.02030456852791878
0 0.7931472081218274 0.46954314720812185 0.06091370558375635 0.030456852791878174
0 0.7703045685279187 0.42258883248730966 0.0532994923857868 0.025380710659898477
0 0.7563451776649747 0.3553299492385787 0.05583756345177665 0.03299492385786802
0 0.700507614213198 0.31725888324873097 0.0583756345177665 0.03553299492385787
0 0.6713197969543148 0.36421319796954316 0.06598984771573604 0.025380710659898477
0 0.6535532994923858 0.4581218274111675 0.06345177664974619 0.03553299492385787
0 0.6421319796954315 0.5304568527918782 0.08629441624365482 0.03807106598984772
0 0.6129441624365483 0.6446700507614214 0.0532994923857868 0.03553299492385787
0 0.5812182741116751 0.7119289340101523 0.04314720812182741 0.03299492385786802
0 0.516497461928934 0.799492385786802 0.08883248730964467 0.027918781725888325
0 0.4619289340101523 0.916243654822335 0.07868020304568528 0.048223350253807105