1 0.0846774193548387 0.7365591397849462 0.13709677419354838 0.07795698924731183
1 0.2446236559139785 0.6209677419354839 0.12096774193548387 0.06720430107526881
1 0.34274193548387094 0.5040322580645161 0.0967741935483871 0.05913978494623656
1 0.42338709677419356 0.3602150537634409 0.08064516129032258 0.053763440860215055
1 0.47580645161290325 0.2956989247311828 0.10483870967741936 0.056451612903225805
1 0.5201612903225806 0.15725806451612903 0.08333333333333333 0.053763440860215055
1 0.5134408602150538 0.016129032258064516 0.0967741935483871 0.03225806451612903
1 0.7674731182795699 0.013440860215053764 0.06720430107526881 0.026881720430107527
1 0.7889784946236559 0.07258064516129033 0.07795698924731183 0.04032258064516129
1 0.8306451612903226 0.14112903225806453 0.06182795698924731 0.02956989247311828
1 0.8655913978494624 0.22580645161290322 0.06182795698924731 0.026881720430107527
0 0.8736559139784946 0.47580645161290325 0.04838709677419355 0.021505376344086023
0 0.8454301075268817 0.4274193548387097 0.06451612903225806 0.03225806451612903
0 0.821236559139785 0.37768817204301075 0.056451612903225805 0.026881720430107527
0 0.8064516129032258 0.3064516129032258 0.05913978494623656 0.03494623655913978
0 0.7473118279569892 0.2661290322580645 0.06182795698924731 0.03763440860215054
0 0.7163978494623656 0.31586021505376344 0.06989247311827956 0.026881720430107527
0 0.6975806451612904 0.4153225806451613 0.06720430107526881 0.03763440860215054
0 0.6854838709677419 0.49193548387096775 0.0913978494623656 0.04032258064516129
0 0.6545698924731183 0.6129032258064516 0.056451612903225805 0.03763440860215054
0 0.6209677419354839 0.6841397849462365 0.0456989247311828 0.03494623655913978
0 0.5524193548387096 0.7768817204301075 0.09408602150537634 0.02956989247311828
0 0.4946236559139785 0.9005376344086021 0.08333333333333333 0.051075268817204304