0 0.5593434343434344 0.0845959595959596 0.08585858585858586 0.05303030303030303
0 0.51010101010101 0.20707070707070707 0.08585858585858586 0.047979797979797977
0 0.4583333333333333 0.29545454545454547 0.047979797979797977 0.030303030303030304
0 0.4065656565656566 0.3648989898989899 0.050505050505050504 0.03535353535353535
0 0.3977272727272727 0.4684343434343434 0.07575757575757576 0.03535353535353535
0 0.380050505050505 0.5429292929292929 0.07323232323232323 0.03535353535353535
0 0.351010101010101 0.6363636363636364 0.06313131313131314 0.027777777777777776
0 0.3282828282828283 0.6843434343434344 0.047979797979797977 0.020202020202020204
0 0.3042929292929293 0.6477272727272727 0.05808080808080808 0.030303030303030304
0 0.2588383838383838 0.5845959595959596 0.05555555555555555 0.027777777777777776
0 0.23863636363636365 0.5303030303030303 0.06313131313131314 0.025252525252525252
0 0.1994949494949495 0.4936868686868687 0.0707070707070707 0.030303030303030304
1 0.2222222222222222 0.7184343434343434 0.05303030303030303 0.022727272727272728
1 0.2638888888888889 0.7992424242424242 0.047979797979797977 0.027777777777777776
1 0.2904040404040404 0.8598484848484849 0.06060606060606061 0.027777777777777776
1 0.3194444444444444 0.9305555555555556 0.06313131313131314 0.03787878787878788
1 0.3661616161616162 0.9974747474747475 0.06565656565656566 0.005050505050505051
1 0.547979797979798 0.9128787878787878 0.08080808080808081 0.03787878787878788
1 0.5555555555555556 0.7878787878787878 0.07828282828282829 0.050505050505050504
1 0.5972222222222222 0.6603535353535354 0.08838383838383838 0.05555555555555555
1 0.6401515151515151 0.5946969696969697 0.07828282828282829 0.04040404040404041
1 0.7184343434343434 0.46464646464646464 0.09090909090909091 0.06060606060606061
1 0.8017676767676768 0.35353535353535354 0.10101010101010101 0.06565656565656566
1 0.952020202020202 0.2398989898989899 0.09090909090909091 0.06565656565656566