0 0.435929648241206 0.9258793969849246 0.08542713567839195 0.052763819095477386
0 0.4849246231155779 0.8040201005025126 0.08542713567839195 0.04773869346733668
0 0.5364321608040201 0.7160804020100503 0.04773869346733668 0.03015075376884422
0 0.5879396984924623 0.6469849246231156 0.05025125628140704 0.035175879396984924
0 0.5967336683417085 0.5439698492462312 0.07537688442211055 0.035175879396984924
0 0.614321608040201 0.46984924623115576 0.0728643216080402 0.035175879396984924
0 0.6432160804020101 0.3768844221105528 0.06281407035175879 0.02763819095477387
0 0.6658291457286433 0.32914572864321606 0.04773869346733668 0.020100502512562814
0 0.6896984924623115 0.3655778894472362 0.05778894472361809 0.03015075376884422
0 0.7349246231155779 0.42839195979899497 0.05527638190954774 0.02763819095477387
0 0.7550251256281407 0.4824120603015075 0.06281407035175879 0.02512562814070352
0 0.7939698492462312 0.5188442211055276 0.07035175879396985 0.03015075376884422
1 0.7713567839195979 0.2952261306532663 0.052763819095477386 0.022613065326633167
1 0.7298994974874372 0.21482412060301506 0.04773869346733668 0.02763819095477387
1 0.7035175879396985 0.15452261306532664 0.06030150753768844 0.02763819095477387
1 0.6746231155778895 0.08417085427135679 0.06281407035175879 0.03768844221105527
1 0.628140703517588 0.010050251256281407 0.06532663316582915 0.020100502512562814
1 0.4472361809045226 0.10175879396984924 0.08040201005025126 0.03768844221105527
1 0.4396984924623116 0.22613065326633167 0.07788944723618091 0.05025125628140704
1 0.39824120603015073 0.3530150753768844 0.08793969849246232 0.05527638190954774
1 0.3555276381909548 0.4183417085427136 0.07788944723618091 0.04020100502512563
1 0.2776381909547739 0.5477386934673367 0.09045226130653267 0.06030150753768844
1 0.19472361809045227 0.6582914572864321 0.10050251256281408 0.06532663316582915
1 0.04522613065326633 0.7713567839195979 0.09045226130653267 0.06532663316582915