1 0.8015075376884422 0.9484924623115578 0.07537688442211055 0.10301507537688442
1 0.6871859296482412 0.8090452261306532 0.0678391959798995 0.11557788944723618
1 0.5728643216080402 0.7173366834170855 0.05778894472361809 0.10552763819095477
1 0.44221105527638194 0.6369346733668342 0.05025125628140704 0.09045226130653267
1 0.38190954773869346 0.5917085427135679 0.052763819095477386 0.09547738693467336
1 0.2537688442211055 0.5540201005025126 0.05025125628140704 0.09045226130653267
1 0.13316582914572864 0.5489949748743719 0.04773869346733668 0.07788944723618091
1 0.018844221105527637 0.5226130653266332 0.03768844221105527 0.08040201005025126
1 0.11934673366834171 0.3203517587939699 0.04271356783919598 0.06281407035175879
1 0.18467336683417085 0.29773869346733667 0.03768844221105527 0.04773869346733668
1 0.2399497487437186 0.27261306532663315 0.035175879396984924 0.04522613065326633
1 0.3203517587939699 0.24120603015075376 0.03015075376884422 0.052763819095477386
0 0.9535175879396985 0.585427135678392 0.05527638190954774 0.12562814070351758
0 0.8304020100502513 0.5087939698492462 0.052763819095477386 0.08040201005025126
0 0.7412060301507538 0.4635678391959799 0.035175879396984924 0.052763819095477386
0 0.6721105527638191 0.4221105527638191 0.04271356783919598 0.04271356783919598
0 0.5766331658291457 0.39195979899497485 0.04271356783919598 0.052763819095477386
0 0.4937185929648241 0.38316582914572866 0.02512562814070352 0.05778894472361809
0 0.40326633165829145 0.3555276381909548 0.02512562814070352 0.04522613065326633
0 0.3555276381909548 0.34296482412060303 0.02763819095477387 0.08542713567839195
0 0.39195979899497485 0.2964824120603015 0.02763819095477387 0.04522613065326633
0 0.457286432160804 0.2650753768844221 0.02512562814070352 0.05778894472361809
0 0.5100502512562815 0.25251256281407036 0.02512562814070352 0.06030150753768844
0 0.5527638190954773 0.2185929648241206 0.022613065326633167 0.04522613065326633