1 0.968421052631579 0.22105263157894736 0.06315789473684211 0.07894736842105263
1 0.8447368421052631 0.34078947368421053 0.12105263157894737 0.07105263157894737
1 0.7486842105263158 0.4605263157894737 0.11052631578947368 0.060526315789473685
1 0.6644736842105263 0.5973684210526315 0.09473684210526316 0.05263157894736842
1 0.6171052631578947 0.6605263157894737 0.1 0.05526315789473684
1 0.5776315789473684 0.7947368421052632 0.09473684210526316 0.05263157894736842
1 0.5723684210526315 0.9210526315789473 0.08157894736842106 0.05
1 0.33289473684210524 0.9355263157894737 0.06578947368421052 0.04473684210526316
1 0.3092105263157895 0.8671052631578947 0.05 0.039473684210526314
1 0.28289473684210525 0.8092105263157895 0.04736842105263158 0.03684210526315789
1 0.25 0.725 0.05526315789473684 0.031578947368421054
0 0.6105263157894737 0.06184210526315789 0.13157894736842105 0.05789473684210526
0 0.5302631578947369 0.19078947368421054 0.08421052631578947 0.05526315789473684
0 0.48289473684210527 0.28421052631578947 0.05526315789473684 0.03684210526315789
0 0.4394736842105263 0.35657894736842105 0.04473684210526316 0.04473684210526316
0 0.40789473684210525 0.45657894736842103 0.05526315789473684 0.04473684210526316
0 0.3986842105263158 0.5434210526315789 0.060526315789473685 0.02631578947368421
0 0.36973684210526314 0.6381578947368421 0.04736842105263158 0.02631578947368421
0 0.35657894736842105 0.6881578947368421 0.08947368421052632 0.02894736842105263
0 0.3078947368421053 0.65 0.04736842105263158 0.02894736842105263
0 0.275 0.5815789473684211 0.060526315789473685 0.02631578947368421
0 0.2618421052631579 0.5263157894736842 0.06315789473684211 0.02631578947368421
0 0.22631578947368422 0.48157894736842105 0.04736842105263158 0.02368421052631579