0 0.39948453608247425 0.979381443298969 0.12371134020618557 0.041237113402061855
0 0.4690721649484536 0.8646907216494846 0.10309278350515463 0.05154639175257732
0 0.5064432989690721 0.7719072164948454 0.09536082474226804 0.04381443298969072
0 0.5631443298969072 0.7048969072164949 0.08247422680412371 0.03608247422680412
0 0.615979381443299 0.5966494845360825 0.061855670103092786 0.03865979381443299
0 0.6224226804123711 0.5154639175257731 0.07474226804123711 0.041237113402061855
0 0.6520618556701031 0.41881443298969073 0.06443298969072164 0.03350515463917526
0 0.6817010309278351 0.3801546391752577 0.06701030927835051 0.03350515463917526
0 0.7177835051546392 0.422680412371134 0.05412371134020619 0.04639175257731959
0 0.7371134020618557 0.4845360824742268 0.059278350515463915 0.028350515463917526
0 0.7615979381443299 0.5347938144329897 0.059278350515463915 0.03350515463917526
0 0.7976804123711341 0.5786082474226805 0.05670103092783505 0.02577319587628866
1 0.788659793814433 0.34149484536082475 0.059278350515463915 0.028350515463917526
1 0.7512886597938144 0.2603092783505155 0.059278350515463915 0.028350515463917526
1 0.7242268041237113 0.2036082474226804 0.061855670103092786 0.030927835051546393
1 0.7010309278350515 0.13530927835051546 0.06443298969072164 0.03865979381443299
1 0.6275773195876289 0.01675257731958763 0.06443298969072164 0.03350515463917526
1 0.5567010309278351 0.005154639175257732 0.07216494845360824 0.010309278350515464
1 0.5051546391752577 0.03608247422680412 0.08762886597938144 0.03350515463917526
1 0.47036082474226804 0.1481958762886598 0.06958762886597938 0.04381443298969072
1 0.46262886597938147 0.27190721649484534 0.07474226804123711 0.05670103092783505
1 0.41237113402061853 0.39819587628865977 0.09020618556701031 0.041237113402061855
1 0.3698453608247423 0.46005154639175255 0.0979381443298969 0.04639175257731959
1 0.28737113402061853 0.5927835051546392 0.10051546391752578 0.05412371134020619
1 0.17654639175257733 0.7100515463917526 0.1134020618556701 0.06701030927835051
1 0.04252577319587629 0.8208762886597938 0.08505154639175258 0.09536082474226804