0 0.4289340101522843 0.9720812182741116 0.1218274111675127 0.05583756345177665
0 0.49746192893401014 0.8515228426395939 0.10152284263959391 0.050761421319796954
0 0.5342639593908629 0.7601522842639594 0.09390862944162437 0.04314720812182741
0 0.5901015228426396 0.6941624365482234 0.08121827411167512 0.03553299492385787
0 0.6421319796954315 0.5875634517766497 0.06091370558375635 0.03807106598984772
0 0.6484771573604061 0.5076142131979695 0.07360406091370558 0.04060913705583756
0 0.6776649746192893 0.41243654822335024 0.06345177664974619 0.03299492385786802
0 0.7068527918781726 0.3743654822335025 0.06598984771573604 0.03299492385786802
0 0.7423857868020305 0.41624365482233505 0.0532994923857868 0.04568527918781726
0 0.7614213197969543 0.47715736040609136 0.0583756345177665 0.027918781725888325
0 0.7855329949238579 0.5266497461928934 0.0583756345177665 0.03299492385786802
0 0.8210659898477157 0.5697969543147208 0.05583756345177665 0.025380710659898477
1 0.8121827411167513 0.3362944162436548 0.0583756345177665 0.027918781725888325
1 0.7753807106598984 0.2563451776649746 0.0583756345177665 0.027918781725888325
1 0.748730964467005 0.20050761421319796 0.06091370558375635 0.030456852791878174
1 0.7258883248730964 0.13324873096446702 0.06345177664974619 0.03807106598984772
1 0.6535532994923858 0.01649746192893401 0.06345177664974619 0.03299492385786802
1 0.583756345177665 0.005076142131979695 0.07106598984771574 0.01015228426395939
1 0.5329949238578681 0.03553299492385787 0.08629441624365482 0.03299492385786802
1 0.4987309644670051 0.14593908629441624 0.06852791878172589 0.04314720812182741
1 0.49111675126903553 0.26776649746192893 0.07360406091370558 0.05583756345177665
1 0.4416243654822335 0.39213197969543145 0.08883248730964467 0.04060913705583756
1 0.399746192893401 0.4530456852791878 0.09644670050761421 0.04568527918781726
1 0.31852791878172587 0.583756345177665 0.09898477157360407 0.0532994923857868
1 0.20939086294416243 0.699238578680203 0.1116751269035533 0.06598984771573604
1 0.05964467005076142 0.8083756345177665 0.11928934010152284 0.09390862944162437