1 0.946078431372549 0.19362745098039216 0.10784313725490197 0.06862745098039216
1 0.7965686274509803 0.2928921568627451 0.09803921568627451 0.061274509803921566
1 0.7022058823529411 0.39950980392156865 0.09313725490196079 0.049019607843137254
1 0.6078431372549019 0.5281862745098039 0.10049019607843138 0.05392156862745098
1 0.5698529411764706 0.5894607843137255 0.1053921568627451 0.049019607843137254
1 0.5183823529411765 0.7071078431372549 0.09558823529411764 0.04656862745098039
1 0.5049019607843137 0.8259803921568627 0.07107843137254902 0.04656862745098039
1 0.48161764705882354 0.9276960784313726 0.07107843137254902 0.029411764705882353
1 0.42892156862745096 0.9718137254901961 0.058823529411764705 0.0392156862745098
1 0.36764705882352944 0.9546568627450981 0.041666666666666664 0.029411764705882353
1 0.29411764705882354 0.8370098039215687 0.06862745098039216 0.03676470588235294
1 0.2757352941176471 0.7696078431372549 0.06862745098039216 0.029411764705882353
1 0.2426470588235294 0.7218137254901961 0.056372549019607844 0.029411764705882353
1 0.2193627450980392 0.6446078431372549 0.04411764705882353 0.02696078431372549
0 0.5833333333333334 0.024509803921568627 0.09803921568627451 0.049019607843137254
0 0.5183823529411765 0.1409313725490196 0.12009803921568628 0.05392156862745098
0 0.4742647058823529 0.2340686274509804 0.08823529411764706 0.051470588235294115
0 0.4424019607843137 0.3002450980392157 0.07598039215686274 0.03431372549019608
0 0.3799019607843137 0.39828431372549017 0.049019607843137254 0.029411764705882353
0 0.36151960784313725 0.47181372549019607 0.051470588235294115 0.02696078431372549
0 0.34558823529411764 0.5637254901960784 0.05392156862745098 0.02696078431372549
0 0.3174019607843137 0.6115196078431373 0.049019607843137254 0.01715686274509804
0 0.2818627450980392 0.5686274509803921 0.04411764705882353 0.024509803921568627
0 0.2622549019607843 0.5073529411764706 0.058823529411764705 0.022058823529411766
0 0.24142156862745098 0.45465686274509803 0.04411764705882353 0.029411764705882353
0 0.21568627450980393 0.41911764705882354 0.051470588235294115 0.02696078431372549