1 0.02617801047120419 0.8900523560209425 0.05235602094240838 0.08376963350785341
1 0.15706806282722513 0.7735602094240838 0.13350785340314136 0.07329842931937172
1 0.2696335078534031 0.6557591623036649 0.08900523560209424 0.05235602094240838
1 0.36387434554973824 0.5222513089005235 0.07329842931937172 0.049738219895287955
1 0.4096858638743455 0.45418848167539266 0.1099476439790576 0.0549738219895288
1 0.4594240837696335 0.3324607329842932 0.09162303664921466 0.041884816753926704
1 0.4698952879581152 0.2054973821989529 0.08115183246073299 0.04712041884816754
1 0.4973821989528796 0.09293193717277487 0.07591623036649214 0.034031413612565446
1 0.5523560209424084 0.04712041884816754 0.08115183246073299 0.031413612565445025
1 0.6204188481675392 0.06675392670157068 0.08376963350785341 0.04712041884816754
1 0.7041884816753927 0.193717277486911 0.06806282722513089 0.031413612565445025
1 0.7277486910994765 0.2643979057591623 0.06544502617801047 0.02356020942408377
1 0.7460732984293194 0.3193717277486911 0.07591623036649214 0.031413612565445025
1 0.7787958115183246 0.39790575916230364 0.060209424083769635 0.03926701570680628
0 0.7918848167539267 0.6400523560209425 0.04450261780104712 0.02617801047120419
0 0.7369109947643979 0.5418848167539267 0.060209424083769635 0.02617801047120419
0 0.7657068062827225 0.5955497382198953 0.0549738219895288 0.02617801047120419
0 0.7107329842931938 0.47643979057591623 0.06282722513089005 0.02356020942408377
0 0.6701570680628273 0.43586387434554974 0.08376963350785341 0.028795811518324606
0 0.6348167539267016 0.48429319371727747 0.08115183246073299 0.034031413612565446
0 0.6295811518324608 0.5732984293193717 0.07329842931937172 0.04712041884816754
0 0.6034031413612565 0.6609947643979057 0.07591623036649214 0.03926701570680628
0 0.5510471204188482 0.7657068062827225 0.09424083769633508 0.041884816753926704
0 0.4986910994764398 0.837696335078534 0.08900523560209424 0.041884816753926704
0 0.450261780104712 0.9397905759162304 0.09162303664921466 0.03926701570680628