1 0.94921875 0.17708333333333334 0.1015625 0.08333333333333333
1 0.7942708333333334 0.29296875 0.1328125 0.07291666666666667
1 0.6822916666666666 0.41015625 0.08854166666666667 0.052083333333333336
1 0.5885416666666666 0.54296875 0.07291666666666667 0.049479166666666664
1 0.54296875 0.6106770833333334 0.109375 0.0546875
1 0.4934895833333333 0.7317708333333334 0.09114583333333333 0.041666666666666664
1 0.4830729166666667 0.8580729166666666 0.08072916666666667 0.046875
1 0.4557291666666667 0.9700520833333334 0.07552083333333333 0.033854166666666664
1 0.3333333333333333 0.9869791666666666 0.08333333333333333 0.026041666666666668
1 0.25 0.8697916666666666 0.06770833333333333 0.03125
1 0.2265625 0.7994791666666666 0.06510416666666667 0.0234375
1 0.20833333333333334 0.7447916666666666 0.07552083333333333 0.03125
1 0.17578125 0.6666666666666666 0.059895833333333336 0.0390625
0 0.16276041666666666 0.42578125 0.044270833333333336 0.026041666666666668
0 0.21744791666666666 0.5234375 0.059895833333333336 0.026041666666666668
0 0.18880208333333334 0.4700520833333333 0.0546875 0.026041666666666668
0 0.24348958333333334 0.5885416666666666 0.0625 0.0234375
0 0.2838541666666667 0.62890625 0.08333333333333333 0.028645833333333332
0 0.3190104166666667 0.5807291666666666 0.08072916666666667 0.033854166666666664
0 0.32421875 0.4921875 0.07291666666666667 0.046875
0 0.3502604166666667 0.4049479166666667 0.07552083333333333 0.0390625
0 0.40234375 0.30078125 0.09375 0.041666666666666664
0 0.4544270833333333 0.22916666666666666 0.08854166666666667 0.041666666666666664
0 0.5026041666666666 0.12760416666666666 0.09114583333333333 0.0390625
0 0.5716145833333334 0.016927083333333332 0.10677083333333333 0.033854166666666664