0 0.3556701030927835 0.9806701030927835 0.1134020618556701 0.03865979381443299
0 0.43427835051546393 0.8634020618556701 0.1134020618556701 0.06701030927835051
0 0.47164948453608246 0.7667525773195877 0.0979381443298969 0.04381443298969072
0 0.5038659793814433 0.7023195876288659 0.10309278350515463 0.05154639175257732
0 0.5695876288659794 0.5940721649484536 0.07474226804123711 0.04639175257731959
0 0.5979381443298969 0.5077319587628866 0.06443298969072164 0.030927835051546393
0 0.6134020618556701 0.41494845360824745 0.06701030927835051 0.02577319587628866
0 0.6404639175257731 0.36726804123711343 0.06701030927835051 0.01804123711340206
0 0.6817010309278351 0.41237113402061853 0.059278350515463915 0.030927835051546393
0 0.7100515463917526 0.4742268041237113 0.061855670103092786 0.028350515463917526
0 0.7268041237113402 0.5244845360824743 0.06701030927835051 0.03608247422680412
0 0.7603092783505154 0.5682989690721649 0.061855670103092786 0.02577319587628866
1 0.7564432989690721 0.33762886597938147 0.06443298969072164 0.01804123711340206
1 0.7139175257731959 0.2615979381443299 0.06958762886597938 0.030927835051546393
1 0.6984536082474226 0.20231958762886598 0.07216494845360824 0.02577319587628866
1 0.663659793814433 0.13788659793814434 0.07474226804123711 0.028350515463917526
1 0.6005154639175257 0.010309278350515464 0.05154639175257732 0.020618556701030927
1 0.4845360824742268 0.03479381443298969 0.07474226804123711 0.03608247422680412
1 0.43943298969072164 0.14561855670103094 0.07989690721649484 0.04381443298969072
1 0.42783505154639173 0.2706185567010309 0.07216494845360824 0.04381443298969072
1 0.38788659793814434 0.3943298969072165 0.08762886597938144 0.04639175257731959
1 0.3389175257731959 0.4574742268041237 0.10051546391752578 0.04896907216494845
1 0.23582474226804123 0.5889175257731959 0.09278350515463918 0.05670103092783505
1 0.14304123711340205 0.6997422680412371 0.11597938144329897 0.06958762886597938
1 0.020618556701030927 0.8195876288659794 0.041237113402061855 0.09278350515463918