0 0.9876237623762376 0.6014851485148515 0.024752475247524754 0.10891089108910891
0 0.8811881188118812 0.525990099009901 0.06435643564356436 0.10891089108910891
0 0.7883663366336634 0.4900990099009901 0.04207920792079208 0.09405940594059406
0 0.7264851485148515 0.4591584158415842 0.04950495049504951 0.09900990099009901
0 0.6225247524752475 0.39603960396039606 0.04455445544554455 0.07178217821782178
0 0.5396039603960396 0.3688118811881188 0.0297029702970297 0.06188118811881188
0 0.4504950495049505 0.35396039603960394 0.024752475247524754 0.06435643564356436
0 0.40470297029702973 0.327970297029703 0.017326732673267328 0.06435643564356436
0 0.44801980198019803 0.28836633663366334 0.0297029702970297 0.05693069306930693
0 0.5074257425742574 0.26113861386138615 0.027227722772277228 0.0594059405940594
0 0.5556930693069307 0.24504950495049505 0.034653465346534656 0.06435643564356436
0 0.5977722772277227 0.21287128712871287 0.024752475247524754 0.0594059405940594
1 0.37623762376237624 0.21658415841584158 0.017326732673267328 0.06188118811881188
1 0.3032178217821782 0.25742574257425743 0.0297029702970297 0.06683168316831684
1 0.24628712871287128 0.2722772277227723 0.024752475247524754 0.06930693069306931
1 0.1844059405940594 0.3056930693069307 0.027227722772277228 0.07178217821782178
1 0.05816831683168317 0.36757425742574257 0.027227722772277228 0.04950495049504951
1 0.04207920792079208 0.44183168316831684 0.03217821782178218 0.0594059405940594
1 0.0853960396039604 0.4777227722772277 0.034653465346534656 0.07178217821782178
1 0.19183168316831684 0.5210396039603961 0.04207920792079208 0.07673267326732673
1 0.3118811881188119 0.5321782178217822 0.04207920792079208 0.06930693069306931
1 0.4306930693069307 0.5705445544554455 0.04455445544554455 0.08415841584158416
1 0.49133663366336633 0.6175742574257426 0.04702970297029703 0.09653465346534654
1 0.6175742574257426 0.7165841584158416 0.054455445544554455 0.0891089108910891
1 0.724009900990099 0.8056930693069307 0.06683168316831684 0.11138613861386139
1 0.8391089108910891 0.9517326732673267 0.0891089108910891 0.09653465346534654