1 0.3813131313131313 0.21464646464646464 0.025252525252525252 0.050505050505050504
1 0.3005050505050505 0.24873737373737373 0.045454545454545456 0.07575757575757576
1 0.24873737373737373 0.26136363636363635 0.025252525252525252 0.06060606060606061
1 0.17929292929292928 0.29545454545454547 0.03787878787878788 0.08585858585858586
1 0.059343434343434344 0.35984848484848486 0.047979797979797977 0.08080808080808081
1 0.04292929292929293 0.4356060606060606 0.047979797979797977 0.08080808080808081
1 0.08333333333333333 0.4810606060606061 0.027777777777777776 0.08585858585858586
1 0.1919191919191919 0.5151515151515151 0.05808080808080808 0.1111111111111111
1 0.31186868686868685 0.5328282828282829 0.047979797979797977 0.08585858585858586
1 0.4305555555555556 0.5845959595959596 0.05555555555555555 0.09595959595959595
1 0.4936868686868687 0.6313131313131313 0.047979797979797977 0.1111111111111111
1 0.6237373737373737 0.7159090909090909 0.05808080808080808 0.09848484848484848
1 0.7348484848484849 0.8156565656565656 0.07323232323232323 0.1388888888888889
1 0.8396464646464646 0.9507575757575758 0.08333333333333333 0.09848484848484848
0 0.6111111111111112 0.21338383838383837 0.03535353535353535 0.06818181818181818
0 0.5669191919191919 0.23863636363636365 0.025252525252525252 0.05555555555555555
0 0.5126262626262627 0.2638888888888889 0.03282828282828283 0.06818181818181818
0 0.45202020202020204 0.2815656565656566 0.03535353535353535 0.050505050505050504
0 0.41414141414141414 0.32702020202020204 0.017676767676767676 0.09090909090909091
0 0.4583333333333333 0.34974747474747475 0.030303030303030304 0.06060606060606061
0 0.5505050505050505 0.3648989898989899 0.020202020202020204 0.06818181818181818
0 0.6325757575757576 0.3977272727272727 0.04040404040404041 0.07323232323232323
0 0.7310606060606061 0.44823232323232326 0.04040404040404041 0.10101010101010101
0 0.797979797979798 0.5088383838383839 0.045454545454545456 0.10606060606060606
0 0.8952020202020202 0.5454545454545454 0.045454545454545456 0.12373737373737374