0 0.49731182795698925 0.09005376344086022 0.10215053763440861 0.043010752688172046
0 0.4529569892473118 0.1935483870967742 0.0913978494623656 0.051075268817204304
0 0.40456989247311825 0.26344086021505375 0.0913978494623656 0.04032258064516129
0 0.34543010752688175 0.3709677419354839 0.06720430107526881 0.03225806451612903
0 0.3118279569892473 0.46102150537634407 0.056451612903225805 0.024193548387096774
0 0.14516129032258066 0.3924731182795699 0.053763440860215055 0.024193548387096774
0 0.17473118279569894 0.43548387096774194 0.06720430107526881 0.02956989247311828
0 0.1989247311827957 0.49193548387096775 0.08333333333333333 0.02956989247311828
0 0.22580645161290322 0.5645161290322581 0.06451612903225806 0.01881720430107527
0 0.26344086021505375 0.6048387096774194 0.10215053763440861 0.026881720430107527
0 0.3077956989247312 0.5524193548387096 0.06989247311827956 0.024193548387096774
1 0.1532258064516129 0.635752688172043 0.06720430107526881 0.026881720430107527
1 0.1774193548387097 0.7231182795698925 0.06451612903225806 0.024193548387096774
1 0.20833333333333334 0.7768817204301075 0.07795698924731183 0.03225806451612903
1 0.22311827956989247 0.8521505376344086 0.08333333333333333 0.043010752688172046
1 0.30510752688172044 0.978494623655914 0.07258064516129033 0.043010752688172046
1 0.3844086021505376 0.989247311827957 0.0913978494623656 0.021505376344086023
1 0.4327956989247312 0.9516129032258065 0.10215053763440861 0.03494623655913978
1 0.4717741935483871 0.8360215053763441 0.10752688172043011 0.056451612903225805
1 0.4838709677419355 0.7096774193548387 0.0913978494623656 0.051075268817204304
1 0.532258064516129 0.5833333333333334 0.0967741935483871 0.051075268817204304
1 0.5806451612903226 0.5188172043010753 0.10483870967741936 0.04838709677419355
1 0.6935483870967742 0.3790322580645161 0.11827956989247312 0.056451612903225805
1 0.8091397849462365 0.2647849462365591 0.1586021505376344 0.07795698924731183
1 0.9475806451612904 0.14650537634408603 0.10483870967741936 0.07795698924731183