1 0.023195876288659795 0.8414948453608248 0.04639175257731959 0.07474226804123711
1 0.15721649484536082 0.7242268041237113 0.1134020618556701 0.06958762886597938
1 0.25902061855670105 0.6108247422680413 0.1134020618556701 0.05412371134020619
1 0.36211340206185566 0.47680412371134023 0.10051546391752578 0.04896907216494845
1 0.41365979381443296 0.41237113402061853 0.09278350515463918 0.04639175257731959
1 0.46134020618556704 0.28737113402061853 0.09536082474226804 0.05670103092783505
1 0.4677835051546392 0.16494845360824742 0.09020618556701031 0.04639175257731959
1 0.5219072164948454 0.05798969072164949 0.06958762886597938 0.03350515463917526
1 0.5605670103092784 0.01675257731958763 0.06958762886597938 0.03350515463917526
1 0.6301546391752577 0.03865979381443299 0.059278350515463915 0.03350515463917526
1 0.7061855670103093 0.14690721649484537 0.07216494845360824 0.04896907216494845
1 0.7268041237113402 0.22036082474226804 0.05412371134020619 0.03608247422680412
1 0.740979381443299 0.2847938144329897 0.05412371134020619 0.028350515463917526
1 0.7835051546391752 0.3595360824742268 0.05670103092783505 0.023195876288659795
0 0.7809278350515464 0.595360824742268 0.061855670103092786 0.03608247422680412
0 0.7538659793814433 0.5541237113402062 0.061855670103092786 0.023195876288659795
0 0.7345360824742269 0.49871134020618557 0.05412371134020619 0.028350515463917526
0 0.711340206185567 0.4329896907216495 0.06701030927835051 0.02577319587628866
0 0.6713917525773195 0.39690721649484534 0.07216494845360824 0.030927835051546393
0 0.6443298969072165 0.44329896907216493 0.061855670103092786 0.03350515463917526
0 0.6082474226804123 0.5373711340206185 0.06701030927835051 0.02577319587628866
0 0.586340206185567 0.615979381443299 0.04381443298969072 0.030927835051546393
0 0.538659793814433 0.7216494845360825 0.08762886597938144 0.03865979381443299
0 0.4845360824742268 0.7899484536082474 0.10051546391752578 0.03865979381443299
0 0.4368556701030928 0.8917525773195877 0.1134020618556701 0.04639175257731959
0 0.36726804123711343 0.9974226804123711 0.06958762886597938 0.005154639175257732