1 0.9609756097560975 0.15 0.07804878048780488 0.07073170731707316
1 0.8170731707317073 0.26097560975609757 0.1073170731707317 0.06585365853658537
1 0.7207317073170731 0.36829268292682926 0.1073170731707317 0.05121951219512195
1 0.6231707317073171 0.4951219512195122 0.0951219512195122 0.046341463414634146
1 0.574390243902439 0.5560975609756098 0.08780487804878048 0.04390243902439024
1 0.5292682926829269 0.6743902439024391 0.09024390243902439 0.05365853658536585
1 0.5231707317073171 0.7902439024390244 0.08536585365853659 0.04390243902439024
1 0.4719512195121951 0.8914634146341464 0.06585365853658537 0.03170731707317073
1 0.4353658536585366 0.9317073170731708 0.06585365853658537 0.03414634146341464
1 0.3695121951219512 0.9097560975609756 0.05609756097560976 0.03170731707317073
1 0.2975609756097561 0.8073170731707318 0.06829268292682927 0.046341463414634146
1 0.2780487804878049 0.7378048780487805 0.05121951219512195 0.03414634146341464
1 0.2646341463414634 0.676829268292683 0.05121951219512195 0.026829268292682926
1 0.22439024390243903 0.6060975609756097 0.05365853658536585 0.02195121951219512
0 0.22682926829268293 0.3829268292682927 0.05853658536585366 0.03414634146341464
0 0.2524390243902439 0.4219512195121951 0.05853658536585366 0.02195121951219512
0 0.2707317073170732 0.474390243902439 0.05121951219512195 0.026829268292682926
0 0.2926829268292683 0.5365853658536586 0.06341463414634146 0.024390243902439025
0 0.3304878048780488 0.5707317073170731 0.06829268292682927 0.02926829268292683
0 0.35609756097560974 0.526829268292683 0.05853658536585366 0.03170731707317073
0 0.3902439024390244 0.4378048780487805 0.06341463414634146 0.024390243902439025
0 0.41097560975609754 0.36341463414634145 0.041463414634146344 0.02926829268292683
0 0.4560975609756098 0.2634146341463415 0.08292682926829269 0.036585365853658534
0 0.5073170731707317 0.19878048780487806 0.0951219512195122 0.036585365853658534
0 0.552439024390244 0.1024390243902439 0.1073170731707317 0.04390243902439024
0 0.6182926829268293 0.0024390243902439024 0.06585365853658537 0.004878048780487805