0 0.8974358974358975 0.5525641025641026 0.046153846153846156 0.10512820512820513
0 0.8025641025641026 0.5076923076923077 0.05384615384615385 0.09743589743589744
0 0.7333333333333333 0.4666666666666667 0.038461538461538464 0.09230769230769231
0 0.6307692307692307 0.41410256410256413 0.03333333333333333 0.07948717948717948
0 0.5487179487179488 0.3871794871794872 0.041025641025641026 0.07948717948717948
0 0.4512820512820513 0.35384615384615387 0.028205128205128206 0.06666666666666667
0 0.4025641025641026 0.3153846153846154 0.017948717948717947 0.05897435897435897
0 0.4461538461538462 0.28846153846153844 0.020512820512820513 0.046153846153846156
0 0.5076923076923077 0.2705128205128205 0.02564102564102564 0.06153846153846154
0 0.5628205128205128 0.24358974358974358 0.028205128205128206 0.04358974358974359
0 0.6076923076923076 0.2141025641025641 0.023076923076923078 0.05384615384615385
1 0.3769230769230769 0.22179487179487178 0.028205128205128206 0.05384615384615385
1 0.29102564102564105 0.2512820512820513 0.02564102564102564 0.0641025641025641
1 0.2358974358974359 0.2717948717948718 0.02564102564102564 0.0641025641025641
1 0.1717948717948718 0.30128205128205127 0.023076923076923078 0.06923076923076923
1 0.04358974358974359 0.36666666666666664 0.035897435897435895 0.05128205128205128
1 0.03076923076923077 0.43974358974358974 0.04871794871794872 0.07692307692307693
1 0.07179487179487179 0.4897435897435897 0.03333333333333333 0.08205128205128205
1 0.18076923076923077 0.5269230769230769 0.041025641025641026 0.06923076923076923
1 0.30256410256410254 0.5384615384615384 0.04358974358974359 0.06923076923076923
1 0.42435897435897435 0.5897435897435898 0.04358974358974359 0.08717948717948718
1 0.48717948717948717 0.6346153846153846 0.04358974358974359 0.10256410256410256
1 0.6153846153846154 0.7423076923076923 0.06923076923076923 0.10256410256410256
1 0.7333333333333333 0.8448717948717949 0.05641025641025641 0.10256410256410256
1 0.8512820512820513 0.9730769230769231 0.07179487179487179 0.05384615384615385