0 0.9004854368932039 0.5400485436893204 0.043689320388349516 0.09951456310679611
0 0.8106796116504854 0.4975728155339806 0.050970873786407765 0.09223300970873786
0 0.7451456310679612 0.4587378640776699 0.03640776699029126 0.08737864077669903
0 0.6480582524271845 0.40898058252427183 0.03155339805825243 0.07524271844660194
0 0.5703883495145631 0.38349514563106796 0.038834951456310676 0.07524271844660194
0 0.47815533980582525 0.35194174757281554 0.02669902912621359 0.06310679611650485
0 0.4320388349514563 0.3155339805825243 0.01699029126213592 0.055825242718446605
0 0.4733009708737864 0.29004854368932037 0.019417475728155338 0.043689320388349516
0 0.5315533980582524 0.27305825242718446 0.024271844660194174 0.05825242718446602
0 0.5837378640776699 0.24757281553398058 0.02669902912621359 0.0412621359223301
0 0.6262135922330098 0.2196601941747573 0.021844660194174758 0.050970873786407765
1 0.4077669902912621 0.22694174757281554 0.02669902912621359 0.050970873786407765
1 0.32645631067961167 0.25485436893203883 0.024271844660194174 0.06067961165048544
1 0.27427184466019416 0.27427184466019416 0.024271844660194174 0.06067961165048544
1 0.21359223300970873 0.30218446601941745 0.021844660194174758 0.06553398058252427
1 0.09223300970873786 0.3640776699029126 0.03398058252427184 0.04854368932038835
1 0.08009708737864078 0.433252427184466 0.04611650485436893 0.07281553398058252
1 0.11893203883495146 0.48058252427184467 0.03155339805825243 0.07766990291262135
1 0.2220873786407767 0.5157766990291263 0.038834951456310676 0.06553398058252427
1 0.33737864077669905 0.5266990291262136 0.0412621359223301 0.06553398058252427
1 0.4526699029126214 0.5752427184466019 0.0412621359223301 0.0825242718446602
1 0.5121359223300971 0.6177184466019418 0.0412621359223301 0.0970873786407767
1 0.633495145631068 0.7196601941747572 0.06553398058252427 0.0970873786407767
1 0.7451456310679612 0.816747572815534 0.05339805825242718 0.0970873786407767
1 0.8580097087378641 0.9502427184466019 0.06796116504854369 0.07524271844660194