1 0.40816326530612246 0.20918367346938777 0.025510204081632654 0.05357142857142857
1 0.3278061224489796 0.22831632653061223 0.03316326530612245 0.05357142857142857
1 0.274234693877551 0.2602040816326531 0.02295918367346939 0.058673469387755105
1 0.2066326530612245 0.2844387755102041 0.03316326530612245 0.058673469387755105
1 0.09056122448979592 0.3482142857142857 0.03316326530612245 0.06377551020408163
1 0.0663265306122449 0.41836734693877553 0.04081632653061224 0.07908163265306123
1 0.10841836734693877 0.45790816326530615 0.030612244897959183 0.07142857142857142
1 0.21683673469387754 0.514030612244898 0.05102040816326531 0.09693877551020408
1 0.3392857142857143 0.5178571428571429 0.06377551020408163 0.09948979591836735
1 0.45408163265306123 0.5778061224489796 0.04081632653061224 0.08673469387755102
1 0.5216836734693877 0.6377551020408163 0.03316326530612245 0.09948979591836735
1 0.6556122448979592 0.7346938775510204 0.05357142857142857 0.10204081632653061
1 0.7665816326530612 0.8252551020408163 0.05612244897959184 0.13010204081632654
1 0.8864795918367347 0.9617346938775511 0.058673469387755105 0.07653061224489796
0 0.6428571428571429 0.20153061224489796 0.02806122448979592 0.05102040816326531
0 0.5994897959183674 0.22576530612244897 0.025510204081632654 0.05612244897959184
0 0.5459183673469388 0.24872448979591838 0.030612244897959183 0.061224489795918366
0 0.48214285714285715 0.27168367346938777 0.02806122448979592 0.058673469387755105
0 0.4387755102040816 0.2997448979591837 0.02806122448979592 0.0663265306122449
0 0.48596938775510207 0.33035714285714285 0.03826530612244898 0.06377551020408163
0 0.5790816326530612 0.3673469387755102 0.03826530612244898 0.0663265306122449
0 0.6568877551020408 0.3877551020408163 0.03826530612244898 0.07908163265306123
0 0.7627551020408163 0.4387755102040816 0.03826530612244898 0.08418367346938775
0 0.8316326530612245 0.4897959183673469 0.04591836734693878 0.07397959183673469
0 0.9336734693877551 0.5420918367346939 0.03826530612244898 0.09693877551020408