1 0.4097560975609756 0.23902439024390243 0.024390243902439025 0.05121951219512195
1 0.3329268292682927 0.2573170731707317 0.03170731707317073 0.05121951219512195
1 0.2817073170731707 0.28780487804878047 0.02195121951219512 0.05609756097560976
1 0.21707317073170732 0.31097560975609756 0.03170731707317073 0.05609756097560976
1 0.10609756097560975 0.3719512195121951 0.03170731707317073 0.06097560975609756
1 0.08292682926829269 0.43902439024390244 0.03902439024390244 0.07560975609756097
1 0.12317073170731707 0.4768292682926829 0.02926829268292683 0.06829268292682927
1 0.22682926829268293 0.5304878048780488 0.04878048780487805 0.09268292682926829
1 0.3439024390243902 0.5341463414634147 0.06097560975609756 0.0951219512195122
1 0.45365853658536587 0.5914634146341463 0.03902439024390244 0.08292682926829269
1 0.5182926829268293 0.6487804878048781 0.03170731707317073 0.0951219512195122
1 0.6463414634146342 0.7414634146341463 0.05121951219512195 0.0975609756097561
1 0.7524390243902439 0.8280487804878048 0.05365853658536585 0.12439024390243902
1 0.8670731707317073 0.9609756097560975 0.05609756097560976 0.07804878048780488
0 0.6341463414634146 0.23170731707317074 0.026829268292682926 0.04878048780487805
0 0.5926829268292683 0.2548780487804878 0.024390243902439025 0.05365853658536585
0 0.5414634146341464 0.27682926829268295 0.02926829268292683 0.05853658536585366
0 0.48048780487804876 0.29878048780487804 0.026829268292682926 0.05609756097560976
0 0.43902439024390244 0.325609756097561 0.026829268292682926 0.06341463414634146
0 0.4841463414634146 0.3548780487804878 0.036585365853658534 0.06097560975609756
0 0.573170731707317 0.3902439024390244 0.036585365853658534 0.06341463414634146
0 0.6475609756097561 0.4097560975609756 0.036585365853658534 0.07560975609756097
0 0.748780487804878 0.4585365853658537 0.036585365853658534 0.08048780487804878
0 0.8146341463414634 0.5073170731707317 0.04390243902439024 0.07073170731707316
0 0.9121951219512195 0.5573170731707318 0.036585365853658534 0.09268292682926829