1 0.03485576923076923 0.8629807692307693 0.06490384615384616 0.06490384615384616
1 0.17668269230769232 0.7560096153846154 0.10096153846153846 0.057692307692307696
1 0.2800480769230769 0.6442307692307693 0.09615384615384616 0.04807692307692308
1 0.36538461538461536 0.5204326923076923 0.09375 0.04567307692307692
1 0.41225961538461536 0.46274038461538464 0.07451923076923077 0.04567307692307692
1 0.4639423076923077 0.34615384615384615 0.0889423076923077 0.04567307692307692
1 0.47716346153846156 0.23557692307692307 0.07692307692307693 0.04326923076923077
1 0.5120192307692307 0.13822115384615385 0.08173076923076923 0.028846153846153848
1 0.5564903846153846 0.09975961538461539 0.07692307692307693 0.04326923076923077
1 0.6189903846153846 0.11658653846153846 0.06009615384615385 0.04807692307692308
1 0.6862980769230769 0.22596153846153846 0.0673076923076923 0.04326923076923077
1 0.7103365384615384 0.2920673076923077 0.055288461538461536 0.02403846153846154
1 0.7319711538461539 0.3425480769230769 0.052884615384615384 0.02403846153846154
1 0.7487980769230769 0.41947115384615385 0.0625 0.026442307692307692
0 0.7608173076923077 0.6346153846153846 0.055288461538461536 0.026442307692307692
0 0.7403846153846154 0.5949519230769231 0.055288461538461536 0.021634615384615384
0 0.7115384615384616 0.5480769230769231 0.055288461538461536 0.028846153846153848
0 0.6911057692307693 0.4855769230769231 0.04326923076923077 0.016826923076923076
0 0.6574519230769231 0.4483173076923077 0.08413461538461539 0.019230769230769232
0 0.6322115384615384 0.48677884615384615 0.06009615384615385 0.026442307692307692
0 0.6009615384615384 0.5793269230769231 0.06009615384615385 0.026442307692307692
0 0.5769230769230769 0.6538461538461539 0.08653846153846154 0.040865384615384616
0 0.5372596153846154 0.7512019230769231 0.08173076923076923 0.04567307692307692
0 0.4795673076923077 0.8209134615384616 0.10096153846153846 0.040865384615384616
0 0.44350961538461536 0.9170673076923077 0.09375 0.04326923076923077