1 0.9211229946524064 0.9906417112299465 0.07219251336898395 0.01871657754010695
1 0.803475935828877 0.8596256684491979 0.06417112299465241 0.11229946524064172
1 0.679144385026738 0.7446524064171123 0.053475935828877004 0.10695187165775401
1 0.5414438502673797 0.6497326203208557 0.05080213903743316 0.10427807486631016
1 0.4772727272727273 0.5975935828877005 0.05080213903743316 0.08288770053475936
1 0.34759358288770054 0.5401069518716578 0.05080213903743316 0.09893048128342247
1 0.22459893048128343 0.5254010695187166 0.0481283422459893 0.0855614973262032
1 0.1163101604278075 0.48663101604278075 0.03208556149732621 0.09090909090909091
1 0.07352941176470588 0.43716577540106955 0.0481283422459893 0.0855614973262032
1 0.09224598930481283 0.36764705882352944 0.053475935828877004 0.06684491978609626
1 0.21390374331550802 0.2927807486631016 0.0481283422459893 0.0748663101604278
1 0.2874331550802139 0.2660427807486631 0.026737967914438502 0.06149732620320856
1 0.34358288770053474 0.24197860962566844 0.026737967914438502 0.058823529411764705
1 0.42914438502673796 0.2232620320855615 0.029411764705882353 0.06951871657754011
0 0.6684491978609626 0.20989304812834225 0.029411764705882353 0.06149732620320856
0 0.6243315508021391 0.232620320855615 0.02406417112299465 0.06149732620320856
0 0.5721925133689839 0.2647058823529412 0.03208556149732621 0.06149732620320856
0 0.5026737967914439 0.2874331550802139 0.01871657754010695 0.0481283422459893
0 0.4612299465240642 0.32486631016042783 0.0213903743315508 0.09358288770053476
0 0.5040106951871658 0.35294117647058826 0.029411764705882353 0.06684491978609626
0 0.606951871657754 0.3877005347593583 0.029411764705882353 0.06684491978609626
0 0.6898395721925134 0.4144385026737968 0.045454545454545456 0.0962566844919786
0 0.7981283422459893 0.4585561497326203 0.05080213903743316 0.09090909090909091
0 0.8756684491978609 0.5227272727272727 0.045454545454545456 0.11229946524064172
0 0.9786096256684492 0.5628342245989305 0.0427807486631016 0.10427807486631016