0 0.796875 0.6666666666666666 0.052083333333333336 0.026041666666666668
0 0.7747395833333334 0.625 0.07291666666666667 0.026041666666666668
0 0.7513020833333334 0.5716145833333334 0.0625 0.026041666666666668
0 0.7252604166666666 0.5052083333333334 0.057291666666666664 0.026041666666666668
0 0.6822916666666666 0.46484375 0.0546875 0.0234375
0 0.6588541666666666 0.5104166666666666 0.049479166666666664 0.03125
0 0.62109375 0.6028645833333334 0.0859375 0.049479166666666664
0 0.59765625 0.6783854166666666 0.078125 0.041666666666666664
0 0.55078125 0.79296875 0.09895833333333333 0.033854166666666664
0 0.4947916666666667 0.8736979166666666 0.11458333333333333 0.059895833333333336
0 0.4557291666666667 0.9739583333333334 0.11197916666666667 0.046875
1 0.7955729166666666 0.4322916666666667 0.059895833333333336 0.033854166666666664
1 0.7669270833333334 0.3489583333333333 0.059895833333333336 0.020833333333333332
1 0.7434895833333334 0.2994791666666667 0.044270833333333336 0.015625
1 0.7278645833333334 0.23046875 0.052083333333333336 0.026041666666666668
1 0.6484375 0.11067708333333333 0.052083333333333336 0.028645833333333332
1 0.5768229166666666 0.08723958333333333 0.0625 0.036458333333333336
1 0.5325520833333334 0.1328125 0.08072916666666667 0.033854166666666664
1 0.4856770833333333 0.23828125 0.09375 0.052083333333333336
1 0.46875 0.3619791666666667 0.08854166666666667 0.028645833333333332
1 0.4231770833333333 0.48046875 0.08072916666666667 0.046875
1 0.3723958333333333 0.5442708333333334 0.1015625 0.046875
1 0.2630208333333333 0.6809895833333334 0.12239583333333333 0.052083333333333336
1 0.14453125 0.8059895833333334 0.14322916666666666 0.07291666666666667
1 0.02734375 0.9205729166666666 0.0546875 0.0859375