0 0.7586206896551724 0.6699507389162561 0.04926108374384237 0.024630541871921183
0 0.7376847290640394 0.6305418719211823 0.06896551724137931 0.024630541871921183
0 0.7155172413793104 0.5800492610837439 0.059113300492610835 0.024630541871921183
0 0.6908866995073891 0.5172413793103449 0.054187192118226604 0.024630541871921183
0 0.6502463054187192 0.479064039408867 0.05172413793103448 0.022167487684729065
0 0.6280788177339901 0.5221674876847291 0.046798029556650245 0.029556650246305417
0 0.5923645320197044 0.6096059113300493 0.0812807881773399 0.046798029556650245
0 0.5701970443349754 0.6810344827586207 0.07389162561576355 0.03940886699507389
0 0.5258620689655172 0.7894088669950738 0.09359605911330049 0.03201970443349754
0 0.4729064039408867 0.8657635467980296 0.10837438423645321 0.05665024630541872
0 0.43596059113300495 0.9605911330049262 0.10591133004926108 0.04433497536945813
1 0.7573891625615764 0.4482758620689655 0.05665024630541872 0.03201970443349754
1 0.7302955665024631 0.3694581280788177 0.05665024630541872 0.019704433497536946
1 0.708128078817734 0.3226600985221675 0.04187192118226601 0.014778325123152709
1 0.6933497536945813 0.25738916256157635 0.04926108374384237 0.024630541871921183
1 0.6182266009852216 0.1440886699507389 0.04926108374384237 0.027093596059113302
1 0.5504926108374384 0.12192118226600986 0.059113300492610835 0.034482758620689655
1 0.5086206896551724 0.16502463054187191 0.07635467980295567 0.03201970443349754
1 0.4642857142857143 0.2647783251231527 0.08866995073891626 0.04926108374384237
1 0.4482758620689655 0.3817733990147783 0.08374384236453201 0.027093596059113302
1 0.4051724137931034 0.4938423645320197 0.07635467980295567 0.04433497536945813
1 0.35714285714285715 0.5541871921182266 0.0960591133004926 0.04433497536945813
1 0.2536945812807882 0.6834975369458128 0.11576354679802955 0.04926108374384237
1 0.1416256157635468 0.8017241379310345 0.1354679802955665 0.06896551724137931
1 0.02832512315270936 0.9100985221674877 0.05665024630541872 0.0812807881773399