1 0.9901477832512315 0.07881773399014778 0.019704433497536946 0.059113300492610835
1 0.8620689655172413 0.19950738916256158 0.11822660098522167 0.06403940886699508
1 0.7586206896551724 0.31157635467980294 0.10837438423645321 0.05665024630541872
1 0.6613300492610837 0.4433497536945813 0.09359605911330049 0.04926108374384237
1 0.6096059113300493 0.5049261083743842 0.07881773399014778 0.04187192118226601
1 0.5591133004926109 0.6206896551724138 0.07881773399014778 0.04187192118226601
1 0.5443349753694581 0.7327586206896551 0.08374384236453201 0.04433497536945813
1 0.5135467980295566 0.8374384236453202 0.07881773399014778 0.03201970443349754
1 0.46551724137931033 0.874384236453202 0.059113300492610835 0.034482758620689655
1 0.4064039408866995 0.8571428571428571 0.05172413793103448 0.03940886699507389
1 0.33004926108374383 0.7438423645320197 0.0665024630541872 0.03201970443349754
1 0.3103448275862069 0.6834975369458128 0.06157635467980296 0.029556650246305417
1 0.2881773399014778 0.6305418719211823 0.046798029556650245 0.017241379310344827
1 0.2697044334975369 0.5517241379310345 0.04926108374384237 0.024630541871921183
0 0.2512315270935961 0.32389162561576357 0.04926108374384237 0.024630541871921183
0 0.2770935960591133 0.3694581280788177 0.059113300492610835 0.024630541871921183
0 0.3017241379310345 0.4224137931034483 0.059113300492610835 0.03694581280788178
0 0.31896551724137934 0.4802955665024631 0.05172413793103448 0.024630541871921183
0 0.3583743842364532 0.5221674876847291 0.06896551724137931 0.029556650246305417
0 0.3805418719211823 0.4766009852216749 0.054187192118226604 0.03694581280788178
0 0.41502463054187194 0.3830049261083744 0.07142857142857142 0.034482758620689655
0 0.437192118226601 0.3103448275862069 0.06157635467980296 0.03940886699507389
0 0.49014778325123154 0.2044334975369458 0.0812807881773399 0.04926108374384237
0 0.5344827586206896 0.13177339901477833 0.08620689655172414 0.04926108374384237
0 0.5775862068965517 0.03201970443349754 0.07635467980295567 0.05172413793103448