1 0.8856382978723404 0.18882978723404256 0.1276595744680851 0.06914893617021277
1 0.773936170212766 0.3098404255319149 0.11702127659574468 0.061170212765957445
1 0.6688829787234043 0.4521276595744681 0.10106382978723404 0.05319148936170213
1 0.613031914893617 0.5186170212765957 0.0851063829787234 0.04521276595744681
1 0.5585106382978723 0.6436170212765957 0.0851063829787234 0.04521276595744681
1 0.5425531914893617 0.7646276595744681 0.09042553191489362 0.047872340425531915
1 0.5093085106382979 0.8776595744680851 0.0851063829787234 0.034574468085106384
1 0.4574468085106383 0.9175531914893617 0.06382978723404255 0.03723404255319149
1 0.39361702127659576 0.898936170212766 0.05585106382978723 0.0425531914893617
1 0.31117021276595747 0.776595744680851 0.07180851063829788 0.034574468085106384
1 0.2898936170212766 0.711436170212766 0.06648936170212766 0.031914893617021274
1 0.26595744680851063 0.6542553191489362 0.05053191489361702 0.018617021276595744
1 0.24601063829787234 0.5691489361702128 0.05319148936170213 0.026595744680851064
0 0.22606382978723405 0.32313829787234044 0.05319148936170213 0.026595744680851064
0 0.25398936170212766 0.3723404255319149 0.06382978723404255 0.026595744680851064
0 0.28058510638297873 0.4295212765957447 0.06382978723404255 0.0398936170212766
0 0.2992021276595745 0.4920212765957447 0.05585106382978723 0.026595744680851064
0 0.34175531914893614 0.5372340425531915 0.07446808510638298 0.031914893617021274
0 0.36569148936170215 0.488031914893617 0.05851063829787234 0.0398936170212766
0 0.4029255319148936 0.386968085106383 0.07712765957446809 0.03723404255319149
0 0.42686170212765956 0.30851063829787234 0.06648936170212766 0.0425531914893617
0 0.48404255319148937 0.19414893617021275 0.08776595744680851 0.05319148936170213
0 0.5319148936170213 0.11569148936170212 0.09308510638297872 0.05319148936170213
0 0.5784574468085106 0.018617021276595744 0.08244680851063829 0.03723404255319149