0 0.7205128205128205 0.6794871794871795 0.07435897435897436 0.028205128205128206
0 0.6923076923076923 0.6333333333333333 0.05128205128205128 0.028205128205128206
0 0.6641025641025641 0.5782051282051283 0.07179487179487179 0.03076923076923077
0 0.65 0.5102564102564102 0.05897435897435897 0.023076923076923078
0 0.6128205128205129 0.4717948717948718 0.06923076923076923 0.023076923076923078
0 0.5846153846153846 0.5192307692307693 0.06923076923076923 0.04358974358974359
0 0.55 0.6115384615384616 0.07948717948717948 0.03333333333333333
0 0.5089743589743589 0.6935897435897436 0.09230769230769231 0.041025641025641026
0 0.4653846153846154 0.8076923076923077 0.08717948717948718 0.05128205128205128
0 0.4166666666666667 0.882051282051282 0.10256410256410256 0.046153846153846156
0 0.36153846153846153 0.9769230769230769 0.11282051282051282 0.046153846153846156
1 0.7166666666666667 0.441025641025641 0.04871794871794872 0.017948717948717947
1 0.6833333333333333 0.36153846153846153 0.06153846153846154 0.020512820512820513
1 0.6615384615384615 0.3076923076923077 0.0641025641025641 0.028205128205128206
1 0.6448717948717949 0.24743589743589745 0.07435897435897436 0.03076923076923077
1 0.5769230769230769 0.13205128205128205 0.06923076923076923 0.038461538461538464
1 0.5051282051282051 0.10897435897435898 0.05897435897435897 0.041025641025641026
1 0.45897435897435895 0.15 0.06153846153846154 0.03333333333333333
1 0.4153846153846154 0.25 0.08205128205128205 0.04871794871794872
1 0.4076923076923077 0.36538461538461536 0.08717948717948718 0.05384615384615385
1 0.35 0.4935897435897436 0.09230769230769231 0.038461538461538464
1 0.2935897435897436 0.558974358974359 0.13076923076923078 0.05641025641025641
1 0.19743589743589743 0.6871794871794872 0.11794871794871795 0.05897435897435897
1 0.07307692307692308 0.8128205128205128 0.1282051282051282 0.07692307692307693