0 0.2566137566137566 0.25925925925925924 0.07671957671957672 0.0291005291005291
0 0.2857142857142857 0.30687830687830686 0.05291005291005291 0.0291005291005291
0 0.3148148148148148 0.3637566137566138 0.07407407407407407 0.031746031746031744
0 0.32936507936507936 0.43386243386243384 0.06084656084656084 0.023809523809523808
0 0.36772486772486773 0.47354497354497355 0.07142857142857142 0.023809523809523808
0 0.3968253968253968 0.4246031746031746 0.07142857142857142 0.04497354497354497
0 0.43253968253968256 0.32936507936507936 0.082010582010582 0.03439153439153439
0 0.4748677248677249 0.2447089947089947 0.09523809523809523 0.042328042328042326
0 0.5198412698412699 0.12698412698412698 0.08994708994708994 0.05291005291005291
0 0.5701058201058201 0.05026455026455026 0.10582010582010581 0.047619047619047616
1 0.2605820105820106 0.5052910052910053 0.05026455026455026 0.018518518518518517
1 0.294973544973545 0.5873015873015873 0.06349206349206349 0.021164021164021163
1 0.31746031746031744 0.6428571428571429 0.06613756613756613 0.0291005291005291
1 0.33465608465608465 0.705026455026455 0.07671957671957672 0.031746031746031744
1 0.40476190476190477 0.8240740740740741 0.07142857142857142 0.03968253968253968
1 0.47883597883597884 0.8478835978835979 0.06084656084656084 0.042328042328042326
1 0.5264550264550265 0.8055555555555556 0.06349206349206349 0.03439153439153439
1 0.5714285714285714 0.7023809523809523 0.08465608465608465 0.05026455026455026
1 0.5793650793650794 0.5833333333333334 0.08994708994708994 0.05555555555555555
1 0.6388888888888888 0.45105820105820105 0.09523809523809523 0.03968253968253968
1 0.6970899470899471 0.3835978835978836 0.1349206349206349 0.0582010582010582
1 0.7962962962962963 0.25132275132275134 0.12169312169312169 0.06084656084656084
1 0.9246031746031746 0.12169312169312169 0.13227513227513227 0.07936507936507936