1 0.48514851485148514 0.2722772277227723 0.027227722772277228 0.05693069306930693
1 0.4121287128712871 0.30074257425742573 0.027227722772277228 0.05693069306930693
1 0.3626237623762376 0.3292079207920792 0.034653465346534656 0.05693069306930693
1 0.297029702970297 0.34034653465346537 0.03217821782178218 0.06188118811881188
1 0.18564356435643564 0.40965346534653463 0.04455445544554455 0.06683168316831684
1 0.1670792079207921 0.4777227722772277 0.04455445544554455 0.07178217821782178
1 0.2103960396039604 0.5185643564356436 0.03217821782178218 0.07673267326732673
1 0.3056930693069307 0.5618811881188119 0.05198019801980198 0.0891089108910891
1 0.41707920792079206 0.5792079207920792 0.04702970297029703 0.08415841584158416
1 0.5334158415841584 0.6311881188118812 0.03712871287128713 0.09653465346534654
1 0.5915841584158416 0.6918316831683168 0.04950495049504951 0.10396039603960396
1 0.7301980198019802 0.7945544554455446 0.08415841584158416 0.12376237623762376
1 0.8415841584158416 0.8960396039603961 0.07673267326732673 0.12623762376237624
0 0.7215346534653465 0.28217821782178215 0.0297029702970297 0.0594059405940594
0 0.6720297029702971 0.30074257425742573 0.027227722772277228 0.05198019801980198
0 0.6175742574257426 0.32673267326732675 0.039603960396039604 0.05198019801980198
0 0.5556930693069307 0.34282178217821785 0.034653465346534656 0.04702970297029703
0 0.5148514851485149 0.3774752475247525 0.019801980198019802 0.04207920792079208
0 0.5618811881188119 0.4084158415841584 0.0297029702970297 0.05198019801980198
0 0.6547029702970297 0.4504950495049505 0.04207920792079208 0.0891089108910891
0 0.7314356435643564 0.46905940594059403 0.04950495049504951 0.09405940594059406
0 0.8353960396039604 0.5235148514851485 0.05198019801980198 0.10891089108910891
0 0.9121287128712872 0.5767326732673267 0.04455445544554455 0.11633663366336634