1 0.7225130890052356 0.5078534031413613 0.060209424083769635 0.028795811518324606
1 0.6924083769633508 0.4306282722513089 0.060209424083769635 0.028795811518324606
1 0.662303664921466 0.3782722513089005 0.060209424083769635 0.03664921465968586
1 0.650523560209424 0.3089005235602094 0.06544502617801047 0.034031413612565446
1 0.5772251308900523 0.19109947643979058 0.07068062827225131 0.04712041884816754
1 0.5052356020942408 0.17146596858638743 0.07591623036649214 0.04712041884816754
1 0.4620418848167539 0.21727748691099477 0.08115183246073299 0.034031413612565446
1 0.4162303664921466 0.3180628272251309 0.09424083769633508 0.0549738219895288
1 0.39790575916230364 0.43586387434554974 0.08900523560209424 0.049738219895287955
1 0.34293193717277487 0.5589005235602095 0.10209424083769633 0.03926701570680628
1 0.2787958115183246 0.6204188481675392 0.1099476439790576 0.05235602094240838
1 0.17015706806282724 0.7670157068062827 0.13089005235602094 0.08900523560209424
1 0.06544502617801047 0.8835078534031413 0.13089005235602094 0.08115183246073299
0 0.7120418848167539 0.7578534031413613 0.06282722513089005 0.031413612565445025
0 0.6924083769633508 0.7054973821989529 0.0549738219895288 0.028795811518324606
0 0.6649214659685864 0.6479057591623036 0.0549738219895288 0.041884816753926704
0 0.6479057591623036 0.5824607329842932 0.049738219895287955 0.03664921465968586
0 0.6112565445026178 0.5392670157068062 0.04450261780104712 0.020942408376963352
0 0.5785340314136126 0.5890052356020943 0.0549738219895288 0.031413612565445025
0 0.5340314136125655 0.68717277486911 0.09424083769633508 0.04450261780104712
0 0.5143979057591623 0.768324607329843 0.09947643979057591 0.05235602094240838
0 0.4568062827225131 0.8782722513089005 0.11518324607329843 0.0549738219895288
0 0.4005235602094241 0.9594240837696335 0.12303664921465969 0.04712041884816754