1 0.8564356435643564 0.931930693069307 0.06930693069306931 0.12376237623762376
1 0.7351485148514851 0.8155940594059405 0.054455445544554455 0.11633663366336634
1 0.6014851485148515 0.7066831683168316 0.04702970297029703 0.1311881188118812
1 0.5433168316831684 0.6547029702970297 0.04702970297029703 0.10148514851485149
1 0.42574257425742573 0.6002475247524752 0.04455445544554455 0.08415841584158416
1 0.31435643564356436 0.5804455445544554 0.04207920792079208 0.09653465346534654
1 0.22153465346534654 0.5420792079207921 0.034653465346534656 0.08415841584158416
1 0.17945544554455445 0.49133663366336633 0.027227722772277228 0.07920792079207921
1 0.19801980198019803 0.4245049504950495 0.022277227722772276 0.06188118811881188
1 0.30445544554455445 0.36633663366336633 0.01485148514851485 0.04950495049504951
1 0.3712871287128713 0.33663366336633666 0.019801980198019802 0.05693069306930693
1 0.42326732673267325 0.32054455445544555 0.012376237623762377 0.039603960396039604
1 0.49504950495049505 0.30198019801980197 0.019801980198019802 0.04207920792079208
0 0.7277227722772277 0.29455445544554454 0.03217821782178218 0.0594059405940594
0 0.681930693069307 0.32054455445544555 0.027227722772277228 0.06683168316831684
0 0.6324257425742574 0.3465346534653465 0.027227722772277228 0.0594059405940594
0 0.5693069306930693 0.36014851485148514 0.03217821782178218 0.06188118811881188
0 0.525990099009901 0.3910891089108911 0.024752475247524754 0.05693069306930693
0 0.573019801980198 0.44183168316831684 0.039603960396039604 0.07920792079207921
0 0.6646039603960396 0.46905940594059403 0.04207920792079208 0.08168316831683169
0 0.745049504950495 0.4975247524752475 0.04455445544554455 0.08415841584158416
0 0.8514851485148515 0.5544554455445545 0.04455445544554455 0.09405940594059406
0 0.9245049504950495 0.6002475247524752 0.05198019801980198 0.10643564356435643