1 0.9182926829268293 0.14878048780487804 0.12195121951219512 0.06829268292682927
1 0.8036585365853659 0.2682926829268293 0.11463414634146342 0.05365853658536585
1 0.6963414634146341 0.4 0.12926829268292683 0.046341463414634146
1 0.6451219512195122 0.4573170731707317 0.1 0.046341463414634146
1 0.5914634146341463 0.573170731707317 0.08292682926829269 0.04390243902439024
1 0.5719512195121951 0.6829268292682927 0.0951219512195122 0.041463414634146344
1 0.5341463414634147 0.774390243902439 0.08292682926829269 0.03414634146341464
1 0.4841463414634146 0.8158536585365853 0.07804878048780488 0.026829268292682926
1 0.41829268292682925 0.7975609756097561 0.06097560975609756 0.02195121951219512
1 0.36097560975609755 0.6926829268292682 0.04878048780487805 0.014634146341463415
1 0.33170731707317075 0.6268292682926829 0.05609756097560976 0.01951219512195122
1 0.31585365853658537 0.5756097560975609 0.03902439024390244 0.012195121951219513
1 0.2975609756097561 0.5048780487804878 0.041463414634146344 0.01951219512195122
0 0.29024390243902437 0.275609756097561 0.05853658536585366 0.03170731707317073
0 0.31585365853658537 0.3207317073170732 0.06585365853658537 0.026829268292682926
0 0.34146341463414637 0.3695121951219512 0.05853658536585366 0.026829268292682926
0 0.3548780487804878 0.4317073170731707 0.06097560975609756 0.03170731707317073
0 0.3853658536585366 0.474390243902439 0.05609756097560976 0.024390243902439025
0 0.4353658536585366 0.42804878048780487 0.07804878048780488 0.03902439024390244
0 0.46219512195121953 0.3378048780487805 0.08048780487804878 0.041463414634146344
0 0.4902439024390244 0.25853658536585367 0.08292682926829269 0.04390243902439024
0 0.5463414634146342 0.15365853658536585 0.09268292682926829 0.04390243902439024
0 0.5914634146341463 0.08170731707317073 0.1048780487804878 0.05121951219512195