0 0.595771144278607 0.06840796019900497 0.0945273631840796 0.05721393034825871
0 0.5398009950248757 0.1455223880597015 0.09701492537313433 0.0472636815920398
0 0.48134328358208955 0.2537313432835821 0.06467661691542288 0.03731343283582089
0 0.4552238805970149 0.3370646766169154 0.07711442786069651 0.03731343283582089
0 0.4216417910447761 0.43034825870646765 0.07462686567164178 0.029850746268656716
0 0.39303482587064675 0.47388059701492535 0.05970149253731343 0.022388059701492536
0 0.35945273631840796 0.43532338308457713 0.04477611940298507 0.01990049751243781
0 0.34328358208955223 0.3706467661691542 0.05970149253731343 0.029850746268656716
0 0.31467661691542287 0.3208955223880597 0.06716417910447761 0.024875621890547265
0 0.30845771144278605 0.27238805970149255 0.06965174129353234 0.03233830845771144
1 0.2947761194029851 0.5062189054726368 0.05970149253731343 0.022388059701492536
1 0.31094527363184077 0.5771144278606966 0.04975124378109453 0.017412935323383085
1 0.3370646766169154 0.6293532338308457 0.05721393034825871 0.02736318407960199
1 0.35572139303482586 0.6927860696517413 0.06218905472636816 0.022388059701492536
1 0.4166666666666667 0.804726368159204 0.05721393034825871 0.03731343283582089
1 0.48507462686567165 0.8233830845771144 0.07960199004975124 0.03731343283582089
1 0.5509950248756219 0.7723880597014925 0.11442786069651742 0.04975124378109453
1 0.5845771144278606 0.677860696517413 0.08208955223880597 0.0472636815920398
1 0.595771144278607 0.5696517412935324 0.07960199004975124 0.03233830845771144
1 0.6517412935323383 0.45149253731343286 0.10945273631840796 0.04975124378109453
1 0.7027363184079602 0.39552238805970147 0.10696517412935323 0.0472636815920398
1 0.8171641791044776 0.26119402985074625 0.09701492537313433 0.04975124378109453
1 0.927860696517413 0.1455223880597015 0.14427860696517414 0.08706467661691543