0 0.6056149732620321 0.05213903743315508 0.10160427807486631 0.06149732620320856
0 0.5454545454545454 0.13502673796791445 0.10427807486631016 0.05080213903743316
0 0.48262032085561496 0.25133689839572193 0.06951871657754011 0.040106951871657755
0 0.45454545454545453 0.3409090909090909 0.08288770053475936 0.040106951871657755
0 0.4184491978609626 0.4411764705882353 0.08021390374331551 0.03208556149732621
0 0.3877005347593583 0.4879679144385027 0.06417112299465241 0.02406417112299465
0 0.3516042780748663 0.446524064171123 0.0481283422459893 0.0213903743315508
0 0.3342245989304813 0.3770053475935829 0.06417112299465241 0.03208556149732621
0 0.303475935828877 0.3235294117647059 0.07219251336898395 0.026737967914438502
0 0.2967914438502674 0.2713903743315508 0.0748663101604278 0.034759358288770054
1 0.2820855614973262 0.5227272727272727 0.06417112299465241 0.02406417112299465
1 0.2994652406417112 0.5989304812834224 0.053475935828877004 0.01871657754010695
1 0.32754010695187163 0.6550802139037433 0.06149732620320856 0.029411764705882353
1 0.34759358288770054 0.7232620320855615 0.06684491978609626 0.02406417112299465
1 0.41310160427807485 0.8435828877005348 0.06149732620320856 0.040106951871657755
1 0.48663101604278075 0.8636363636363636 0.0855614973262032 0.040106951871657755
1 0.5574866310160428 0.8088235294117647 0.12299465240641712 0.053475935828877004
1 0.5935828877005348 0.7072192513368984 0.08823529411764706 0.05080213903743316
1 0.6056149732620321 0.5909090909090909 0.0855614973262032 0.034759358288770054
1 0.6657754010695187 0.46390374331550804 0.11764705882352941 0.053475935828877004
1 0.7205882352941176 0.4037433155080214 0.11497326203208556 0.05080213903743316
1 0.8435828877005348 0.25935828877005346 0.10427807486631016 0.053475935828877004
1 0.9425133689839572 0.13502673796791445 0.11497326203208556 0.09358288770053476