1 0.9661458333333334 0.09114583333333333 0.06770833333333333 0.078125
1 0.8763020833333334 0.21614583333333334 0.11197916666666667 0.059895833333333336
1 0.7578125 0.3528645833333333 0.10416666666666667 0.052083333333333336
1 0.7122395833333334 0.41796875 0.11197916666666667 0.052083333333333336
1 0.640625 0.5416666666666666 0.09375 0.046875
1 0.6223958333333334 0.6549479166666666 0.08333333333333333 0.046875
1 0.5807291666666666 0.7630208333333334 0.07291666666666667 0.033854166666666664
1 0.5403645833333334 0.7955729166666666 0.08072916666666667 0.03125
1 0.4622395833333333 0.77734375 0.059895833333333336 0.026041666666666668
1 0.3893229166666667 0.6666666666666666 0.07552083333333333 0.028645833333333332
1 0.37890625 0.5989583333333334 0.0546875 0.028645833333333332
1 0.3515625 0.5494791666666666 0.049479166666666664 0.03125
1 0.3268229166666667 0.4661458333333333 0.044270833333333336 0.018229166666666668
0 0.3307291666666667 0.22526041666666666 0.07552083333333333 0.020833333333333332
0 0.35546875 0.2721354166666667 0.0703125 0.0390625
0 0.3854166666666667 0.3268229166666667 0.052083333333333336 0.0234375
0 0.40234375 0.3919270833333333 0.057291666666666664 0.026041666666666668
0 0.44140625 0.4375 0.08072916666666667 0.020833333333333332
0 0.4713541666666667 0.390625 0.07552083333333333 0.028645833333333332
0 0.50390625 0.2942708333333333 0.07552083333333333 0.046875
0 0.5338541666666666 0.20833333333333334 0.08854166666666667 0.046875
0 0.5872395833333334 0.09505208333333333 0.08854166666666667 0.046875
0 0.6510416666666666 0.022135416666666668 0.11458333333333333 0.044270833333333336