1 0.06060606060606061 0.8737373737373737 0.12121212121212122 0.07575757575757576
1 0.1755050505050505 0.7525252525252525 0.10858585858585859 0.05808080808080808
1 0.2904040404040404 0.6199494949494949 0.10101010101010101 0.050505050505050504
1 0.3345959595959596 0.5568181818181818 0.10858585858585859 0.050505050505050504
1 0.40404040404040403 0.43686868686868685 0.09090909090909091 0.045454545454545456
1 0.4217171717171717 0.32702020202020204 0.08080808080808081 0.045454545454545456
1 0.4621212121212121 0.2222222222222222 0.0707070707070707 0.03282828282828283
1 0.5012626262626263 0.19065656565656566 0.07828282828282829 0.030303030303030304
1 0.577020202020202 0.20833333333333334 0.05808080808080808 0.025252525252525252
1 0.6477272727272727 0.31565656565656564 0.07323232323232323 0.027777777777777776
1 0.6578282828282829 0.3813131313131313 0.05303030303030303 0.027777777777777776
1 0.6843434343434344 0.4292929292929293 0.047979797979797977 0.030303030303030304
1 0.7083333333333334 0.51010101010101 0.04292929292929293 0.017676767676767676
0 0.7045454545454546 0.7436868686868687 0.07323232323232323 0.020202020202020204
0 0.6805555555555556 0.6982323232323232 0.06818181818181818 0.03787878787878788
0 0.6515151515151515 0.6452020202020202 0.050505050505050504 0.022727272727272728
0 0.63510101010101 0.5820707070707071 0.05555555555555555 0.025252525252525252
0 0.5972222222222222 0.5378787878787878 0.07828282828282829 0.020202020202020204
0 0.5681818181818182 0.5833333333333334 0.07323232323232323 0.027777777777777776
0 0.5366161616161617 0.6767676767676768 0.07323232323232323 0.045454545454545456
0 0.5075757575757576 0.76010101010101 0.08585858585858586 0.045454545454545456
0 0.45580808080808083 0.8699494949494949 0.08585858585858586 0.045454545454545456
0 0.3939393939393939 0.9482323232323232 0.1111111111111111 0.05555555555555555