0 0.3883495145631068 0.9405339805825242 0.10436893203883495 0.05339805825242718
0 0.433252427184466 0.8713592233009708 0.09466019417475728 0.04854368932038835
0 0.5012135922330098 0.7645631067961165 0.09466019417475728 0.043689320388349516
0 0.5254854368932039 0.6796116504854369 0.07766990291262135 0.04611650485436893
0 0.5509708737864077 0.587378640776699 0.06553398058252427 0.024271844660194174
0 0.5934466019417476 0.5461165048543689 0.06310679611650485 0.02669902912621359
0 0.6213592233009708 0.5849514563106796 0.043689320388349516 0.021844660194174758
0 0.6407766990291263 0.6468446601941747 0.04854368932038835 0.03640776699029126
0 0.662621359223301 0.7014563106796117 0.050970873786407765 0.021844660194174758
0 0.6783980582524272 0.7451456310679612 0.06553398058252427 0.02669902912621359
1 0.6868932038834952 0.5145631067961165 0.05339805825242718 0.019417475728155338
1 0.662621359223301 0.44660194174757284 0.05339805825242718 0.021844660194174758
1 0.6492718446601942 0.39563106796116504 0.0703883495145631 0.03398058252427184
1 0.625 0.3325242718446602 0.06310679611650485 0.02669902912621359
1 0.5631067961165048 0.22694174757281554 0.06067961165048544 0.038834951456310676
1 0.5 0.20509708737864077 0.06310679611650485 0.0412621359223301
1 0.44902912621359226 0.24271844660194175 0.07281553398058252 0.03155339805825243
1 0.41383495145631066 0.33737864077669905 0.08009708737864078 0.03640776699029126
1 0.3883495145631068 0.44902912621359226 0.08495145631067962 0.0412621359223301
1 0.3325242718446602 0.5606796116504854 0.0825242718446602 0.038834951456310676
1 0.2815533980582524 0.6213592233009708 0.09466019417475728 0.05339805825242718
1 0.17233009708737865 0.7560679611650486 0.10194174757281553 0.06067961165048544
1 0.06067961165048544 0.8725728155339806 0.12135922330097088 0.08495145631067962