0 0.625 0.025252525252525252 0.10858585858585859 0.050505050505050504
0 0.5795454545454546 0.09343434343434344 0.09848484848484848 0.050505050505050504
0 0.5088383838383839 0.20454545454545456 0.09848484848484848 0.045454545454545456
0 0.48358585858585856 0.29292929292929293 0.08080808080808081 0.047979797979797977
0 0.45707070707070707 0.3888888888888889 0.06818181818181818 0.025252525252525252
0 0.4128787878787879 0.4318181818181818 0.06565656565656566 0.027777777777777776
0 0.3838383838383838 0.39141414141414144 0.045454545454545456 0.022727272727272728
0 0.36363636363636365 0.32702020202020204 0.050505050505050504 0.03787878787878788
0 0.3409090909090909 0.2702020202020202 0.05303030303030303 0.022727272727272728
0 0.3244949494949495 0.22474747474747475 0.06818181818181818 0.027777777777777776
1 0.31565656565656564 0.46464646464646464 0.05555555555555555 0.020202020202020204
1 0.3409090909090909 0.5353535353535354 0.05555555555555555 0.022727272727272728
1 0.3547979797979798 0.5883838383838383 0.07323232323232323 0.03535353535353535
1 0.380050505050505 0.6540404040404041 0.06565656565656566 0.027777777777777776
1 0.4444444444444444 0.7638888888888888 0.06313131313131314 0.04040404040404041
1 0.51010101010101 0.7866161616161617 0.06565656565656566 0.04292929292929293
1 0.5631313131313131 0.7474747474747475 0.07575757575757576 0.03282828282828283
1 0.5997474747474747 0.648989898989899 0.08333333333333333 0.03787878787878788
1 0.6262626262626263 0.5328282828282829 0.08838383838383838 0.04292929292929293
1 0.6843434343434344 0.4166666666666667 0.08585858585858586 0.04040404040404041
1 0.7373737373737373 0.35353535353535354 0.09848484848484848 0.05555555555555555
1 0.851010101010101 0.21338383838383837 0.10606060606060606 0.06313131313131314
1 0.952020202020202 0.09217171717171717 0.09595959595959595 0.08838383838383838