1 0.2646276595744681 0.5106382978723404 0.05319148936170213 0.023936170212765957
1 0.29654255319148937 0.5957446808510638 0.05053191489361702 0.034574468085106384
1 0.3191489361702128 0.6476063829787234 0.061170212765957445 0.026595744680851064
1 0.324468085106383 0.7167553191489362 0.05585106382978723 0.02925531914893617
1 0.4015957446808511 0.8284574468085106 0.061170212765957445 0.034574468085106384
1 0.4773936170212766 0.8550531914893617 0.07446808510638298 0.034574468085106384
1 0.5212765957446809 0.8085106382978723 0.06648936170212766 0.031914893617021274
1 0.5611702127659575 0.7154255319148937 0.0797872340425532 0.023936170212765957
1 0.5944148936170213 0.5957446808510638 0.06382978723404255 0.034574468085106384
1 0.6449468085106383 0.46675531914893614 0.06382978723404255 0.03723404255319149
1 0.7047872340425532 0.39893617021276595 0.09840425531914894 0.0398936170212766
1 0.8311170212765957 0.26063829787234044 0.10638297872340426 0.06382978723404255
1 0.9534574468085106 0.1356382978723404 0.09308510638297872 0.06914893617021277
0 0.5970744680851063 0.05452127659574468 0.10372340425531915 0.05053191489361702
0 0.5398936170212766 0.13164893617021275 0.06382978723404255 0.0425531914893617
0 0.46808510638297873 0.25 0.06648936170212766 0.03723404255319149
0 0.4507978723404255 0.3404255319148936 0.07446808510638298 0.0425531914893617
0 0.4122340425531915 0.4375 0.07712765957446809 0.03723404255319149
0 0.37101063829787234 0.48271276595744683 0.06648936170212766 0.015957446808510637
0 0.3351063829787234 0.4428191489361702 0.07712765957446809 0.034574468085106384
0 0.32180851063829785 0.375 0.05851063829787234 0.02127659574468085
0 0.29388297872340424 0.31648936170212766 0.061170212765957445 0.031914893617021274
0 0.27393617021276595 0.26728723404255317 0.06648936170212766 0.023936170212765957