1 0.6856796116504854 0.5218446601941747 0.04854368932038835 0.021844660194174758
1 0.6565533980582524 0.4441747572815534 0.04611650485436893 0.03155339805825243
1 0.6359223300970874 0.39684466019417475 0.055825242718446605 0.024271844660194174
1 0.6310679611650486 0.3337378640776699 0.050970873786407765 0.02669902912621359
1 0.5606796116504854 0.23179611650485438 0.055825242718446605 0.03155339805825243
1 0.49150485436893204 0.20752427184466019 0.06796116504854369 0.03155339805825243
1 0.45145631067961167 0.25 0.06067961165048544 0.02912621359223301
1 0.41504854368932037 0.33495145631067963 0.07281553398058252 0.021844660194174758
1 0.38470873786407767 0.4441747572815534 0.05825242718446602 0.03155339805825243
1 0.33859223300970875 0.5618932038834952 0.05825242718446602 0.03398058252427184
1 0.28398058252427183 0.6237864077669902 0.08980582524271845 0.03640776699029126
1 0.16868932038834952 0.75 0.0970873786407767 0.05825242718446602
1 0.04975728155339806 0.8640776699029126 0.09951456310679611 0.06310679611650485
0 0.38228155339805825 0.9381067961165048 0.09466019417475728 0.04611650485436893
0 0.4344660194174757 0.8677184466019418 0.05825242718446602 0.038834951456310676
0 0.5 0.7597087378640777 0.06067961165048544 0.03398058252427184
0 0.5157766990291263 0.6771844660194175 0.06796116504854369 0.038834951456310676
0 0.5509708737864077 0.5885922330097088 0.0703883495145631 0.03398058252427184
0 0.5885922330097088 0.5473300970873787 0.06067961165048544 0.014563106796116505
0 0.6213592233009708 0.5837378640776699 0.0703883495145631 0.03155339805825243
0 0.633495145631068 0.6456310679611651 0.05339805825242718 0.019417475728155338
0 0.6589805825242718 0.6990291262135923 0.055825242718446605 0.02912621359223301
0 0.6771844660194175 0.7439320388349514 0.06067961165048544 0.021844660194174758