0 0.8131720430107527 0.3602150537634409 0.024193548387096774 0.05913978494623656
0 0.7688172043010753 0.3682795698924731 0.02956989247311828 0.07526881720430108
0 0.7110215053763441 0.40053763440860213 0.03225806451612903 0.08870967741935484
0 0.6411290322580645 0.42338709677419356 0.026881720430107527 0.07258064516129033
0 0.5994623655913979 0.4637096774193548 0.04032258064516129 0.09408602150537634
0 0.6505376344086021 0.5067204301075269 0.03494623655913978 0.07258064516129033
0 0.75 0.532258064516129 0.043010752688172046 0.10752688172043011
0 0.8333333333333334 0.5564516129032258 0.03494623655913978 0.09946236559139784
0 0.9529569892473119 0.6236559139784946 0.03225806451612903 0.10215053763440861
1 0.5698924731182796 0.34139784946236557 0.026881720430107527 0.053763440860215055
1 0.489247311827957 0.3709677419354839 0.024193548387096774 0.06720430107526881
1 0.4327956989247312 0.396505376344086 0.04032258064516129 0.06989247311827956
1 0.3682795698924731 0.4112903225806452 0.026881720430107527 0.07258064516129033
1 0.25 0.4731182795698925 0.03225806451612903 0.06182795698924731
1 0.22983870967741934 0.5604838709677419 0.053763440860215055 0.10483870967741936
1 0.271505376344086 0.6061827956989247 0.03763440860215054 0.0967741935483871
1 0.3696236559139785 0.6545698924731183 0.03763440860215054 0.08602150537634409
1 0.49193548387096775 0.6760752688172043 0.04032258064516129 0.08333333333333333
1 0.6155913978494624 0.7379032258064516 0.04032258064516129 0.0967741935483871
1 0.6841397849462365 0.7997311827956989 0.04032258064516129 0.11021505376344086
1 0.8252688172043011 0.9220430107526881 0.07258064516129033 0.12365591397849462