0 0.3545673076923077 0.2512019230769231 0.06009615384615385 0.036057692307692304
0 0.38100961538461536 0.29927884615384615 0.0673076923076923 0.03365384615384615
0 0.40024038461538464 0.34615384615384615 0.0625 0.028846153846153848
0 0.41947115384615385 0.4074519230769231 0.055288461538461536 0.021634615384615384
0 0.4519230769230769 0.4483173076923077 0.07932692307692307 0.026442307692307692
0 0.4831730769230769 0.40625 0.07692307692307693 0.02403846153846154
0 0.5168269230769231 0.3161057692307692 0.08413461538461539 0.04567307692307692
0 0.5492788461538461 0.23918269230769232 0.0673076923076923 0.038461538461538464
0 0.5997596153846154 0.13221153846153846 0.09375 0.04807692307692308
0 0.6478365384615384 0.05889423076923077 0.10096153846153846 0.04567307692307692
1 0.3485576923076923 0.47475961538461536 0.052884615384615384 0.021634615384615384
1 0.375 0.5480769230769231 0.05048076923076923 0.019230769230769232
1 0.3954326923076923 0.5973557692307693 0.052884615384615384 0.01201923076923077
1 0.4050480769230769 0.6610576923076923 0.05048076923076923 0.03125
1 0.4699519230769231 0.765625 0.055288461538461536 0.02403846153846154
1 0.5408653846153846 0.78125 0.07692307692307693 0.03125
1 0.5865384615384616 0.7463942307692307 0.06490384615384616 0.026442307692307692
1 0.6274038461538461 0.6490384615384616 0.06971153846153846 0.04807692307692308
1 0.6490384615384616 0.5420673076923077 0.07451923076923077 0.04567307692307692
1 0.6995192307692307 0.4338942307692308 0.07451923076923077 0.04326923076923077
1 0.7487980769230769 0.3701923076923077 0.08653846153846154 0.04326923076923077
1 0.8581730769230769 0.24879807692307693 0.0985576923076923 0.05048076923076923
1 0.9567307692307693 0.1310096153846154 0.06971153846153846 0.08413461538461539