0 0.767948717948718 0.37564102564102564 0.038461538461538464 0.0641025641025641
0 0.7166666666666667 0.40384615384615385 0.035897435897435895 0.07179487179487179
0 0.6666666666666666 0.42435897435897435 0.03076923076923077 0.06666666666666667
0 0.6012820512820513 0.44487179487179485 0.023076923076923078 0.05897435897435897
0 0.5576923076923077 0.4794871794871795 0.028205128205128206 0.08461538461538462
0 0.6025641025641025 0.5128205128205128 0.02564102564102564 0.08205128205128205
0 0.6987179487179487 0.5487179487179488 0.04871794871794872 0.08974358974358974
0 0.7807692307692308 0.5833333333333334 0.041025641025641026 0.07179487179487179
0 0.8948717948717949 0.6371794871794871 0.05128205128205128 0.1
0 0.9730769230769231 0.6884615384615385 0.04871794871794872 0.1076923076923077
1 0.5294871794871795 0.36923076923076925 0.023076923076923078 0.05641025641025641
1 0.4512820512820513 0.3974358974358974 0.020512820512820513 0.05384615384615385
1 0.39871794871794874 0.41923076923076924 0.01282051282051282 0.05641025641025641
1 0.33076923076923076 0.42948717948717946 0.03333333333333333 0.05384615384615385
1 0.21923076923076923 0.4987179487179487 0.02564102564102564 0.05897435897435897
1 0.20256410256410257 0.5743589743589743 0.03333333333333333 0.08205128205128205
1 0.23974358974358975 0.6230769230769231 0.028205128205128206 0.06923076923076923
1 0.3435897435897436 0.6666666666666666 0.05128205128205128 0.07435897435897436
1 0.4576923076923077 0.6897435897435897 0.04871794871794872 0.07948717948717948
1 0.573076923076923 0.7435897435897436 0.046153846153846156 0.07948717948717948
1 0.6410256410256411 0.7961538461538461 0.046153846153846156 0.09230769230769231
1 0.7705128205128206 0.9128205128205128 0.05384615384615385 0.10512820512820513
1 0.8961538461538462 0.9897435897435898 0.08974358974358974 0.020512820512820513