1 0.8743654822335025 0.9860406091370558 0.07868020304568528 0.027918781725888325
1 0.7550761421319797 0.9035532994923858 0.08121827411167512 0.1446700507614213
1 0.6192893401015228 0.800761421319797 0.06091370558375635 0.10152284263959391
1 0.5583756345177665 0.7436548223350253 0.050761421319796954 0.09390862944162437
1 0.4403553299492386 0.684010152284264 0.048223350253807105 0.07106598984771574
1 0.3299492385786802 0.6649746192893401 0.04568527918781726 0.08121827411167512
1 0.23223350253807107 0.6205583756345178 0.03807106598984772 0.06345177664974619
1 0.1916243654822335 0.5850253807106599 0.04060913705583756 0.07868020304568528
1 0.21192893401015228 0.5088832487309645 0.03807106598984772 0.06345177664974619
1 0.3210659898477157 0.4403553299492386 0.03299492385786802 0.0532994923857868
1 0.38451776649746194 0.4200507614213198 0.030456852791878174 0.0532994923857868
1 0.43274111675126903 0.40482233502538073 0.027918781725888325 0.04060913705583756
1 0.516497461928934 0.3680203045685279 0.025380710659898477 0.06091370558375635
0 0.7525380710659898 0.3895939086294416 0.030456852791878174 0.06852791878172589
0 0.7068527918781726 0.4035532994923858 0.030456852791878174 0.06345177664974619
0 0.6535532994923858 0.4276649746192893 0.03299492385786802 0.06345177664974619
0 0.5850253807106599 0.4517766497461929 0.027918781725888325 0.048223350253807105
0 0.5380710659898477 0.4885786802030457 0.027918781725888325 0.08883248730964467
0 0.5875634517766497 0.516497461928934 0.04060913705583756 0.08121827411167512
0 0.6789340101522843 0.5469543147208121 0.048223350253807105 0.08121827411167512
0 0.7639593908629442 0.5774111675126904 0.048223350253807105 0.08375634517766498
0 0.883248730964467 0.6205583756345178 0.050761421319796954 0.09137055837563451
0 0.950507614213198 0.684010152284264 0.050761421319796954 0.1116751269035533