1 0.02040816326530612 0.9094387755102041 0.04081632653061224 0.07908163265306123
1 0.1096938775510204 0.7895408163265306 0.14540816326530612 0.08163265306122448
1 0.21301020408163265 0.6530612244897959 0.10204081632653061 0.061224489795918366
1 0.27040816326530615 0.5918367346938775 0.09438775510204081 0.05102040816326531
1 0.33035714285714285 0.4732142857142857 0.07142857142857142 0.04846938775510204
1 0.3494897959183674 0.3622448979591837 0.08163265306122448 0.04591836734693878
1 0.39413265306122447 0.26403061224489793 0.06377551020408163 0.03826530612244898
1 0.4298469387755102 0.22321428571428573 0.07908163265306123 0.04081632653061224
1 0.5063775510204082 0.24362244897959184 0.06377551020408163 0.03826530612244898
1 0.5752551020408163 0.35331632653061223 0.05357142857142857 0.03316326530612245
1 0.5956632653061225 0.41709183673469385 0.05357142857142857 0.030612244897959183
1 0.610969387755102 0.4655612244897959 0.04081632653061224 0.02806122448979592
1 0.6479591836734694 0.5497448979591837 0.061224489795918366 0.025510204081632654
0 0.6262755102040817 0.7869897959183674 0.06887755102040816 0.030612244897959183
0 0.6122448979591837 0.7410714285714286 0.06377551020408163 0.030612244897959183
0 0.5880102040816326 0.6875 0.06377551020408163 0.03316326530612245
0 0.5637755102040817 0.6186224489795918 0.04846938775510204 0.02806122448979592
0 0.5267857142857143 0.5714285714285714 0.08928571428571429 0.02806122448979592
0 0.4987244897959184 0.6211734693877551 0.08163265306122448 0.04081632653061224
0 0.46811224489795916 0.7130102040816326 0.08163265306122448 0.04846938775510204
0 0.4375 0.798469387755102 0.08418367346938775 0.04846938775510204
0 0.39413265306122447 0.9183673469387755 0.09183673469387756 0.05102040816326531
0 0.33163265306122447 0.9795918367346939 0.11224489795918367 0.04081632653061224