0 0.2857142857142857 0.9788359788359788 0.1111111111111111 0.042328042328042326
0 0.33465608465608465 0.91005291005291 0.09523809523809523 0.05555555555555555
0 0.3994708994708995 0.791005291005291 0.10582010582010581 0.047619047619047616
0 0.4193121693121693 0.7063492063492064 0.07671957671957672 0.04497354497354497
0 0.4656084656084656 0.6058201058201058 0.09259259259259259 0.042328042328042326
0 0.49603174603174605 0.5634920634920635 0.07142857142857142 0.031746031746031744
0 0.533068783068783 0.6018518518518519 0.06084656084656084 0.03439153439153439
0 0.5542328042328042 0.6732804232804233 0.05026455026455026 0.023809523809523808
0 0.5793650793650794 0.7261904761904762 0.07142857142857142 0.0291005291005291
0 0.5992063492063492 0.7724867724867724 0.05291005291005291 0.031746031746031744
1 0.6005291005291006 0.5304232804232805 0.05555555555555555 0.023809523809523808
1 0.5767195767195767 0.4537037037037037 0.06349206349206349 0.0291005291005291
1 0.5595238095238095 0.39814814814814814 0.06613756613756613 0.037037037037037035
1 0.5462962962962963 0.3306878306878307 0.06349206349206349 0.031746031746031744
1 0.47354497354497355 0.21164021164021163 0.06349206349206349 0.03968253968253968
1 0.3968253968253968 0.19576719576719576 0.07142857142857142 0.03439153439153439
1 0.3505291005291005 0.23544973544973544 0.08994708994708994 0.023809523809523808
1 0.3082010582010582 0.3333333333333333 0.07407407407407407 0.04497354497354497
1 0.291005291005291 0.4470899470899471 0.082010582010582 0.047619047619047616
1 0.23015873015873015 0.5767195767195767 0.10317460317460317 0.04497354497354497
1 0.17195767195767195 0.6415343915343915 0.1164021164021164 0.042328042328042326
1 0.05291005291005291 0.7764550264550265 0.10582010582010581 0.05555555555555555