0 0.3609625668449198 0.9425133689839572 0.11229946524064172 0.058823529411764705
0 0.410427807486631 0.8636363636363636 0.0962566844919786 0.05614973262032086
0 0.47593582887700536 0.7433155080213903 0.10695187165775401 0.0481283422459893
0 0.4959893048128342 0.6577540106951871 0.07754010695187166 0.045454545454545456
0 0.5427807486631016 0.5561497326203209 0.09358288770053476 0.0427807486631016
0 0.5735294117647058 0.5133689839572193 0.07219251336898395 0.03208556149732621
0 0.6109625668449198 0.5521390374331551 0.06149732620320856 0.034759358288770054
0 0.6323529411764706 0.6243315508021391 0.05080213903743316 0.02406417112299465
0 0.6577540106951871 0.6778074866310161 0.07219251336898395 0.029411764705882353
0 0.6778074866310161 0.7245989304812834 0.053475935828877004 0.03208556149732621
1 0.679144385026738 0.4799465240641711 0.05614973262032086 0.02406417112299465
1 0.6550802139037433 0.40240641711229946 0.06417112299465241 0.029411764705882353
1 0.6377005347593583 0.3462566844919786 0.06684491978609626 0.0374331550802139
1 0.6243315508021391 0.27807486631016043 0.06417112299465241 0.03208556149732621
1 0.5508021390374331 0.15775401069518716 0.06417112299465241 0.040106951871657755
1 0.4732620320855615 0.14171122994652408 0.07219251336898395 0.034759358288770054
1 0.4264705882352941 0.18181818181818182 0.09090909090909091 0.02406417112299465
1 0.3836898395721925 0.2807486631016043 0.0748663101604278 0.045454545454545456
1 0.3663101604278075 0.39572192513368987 0.08288770053475936 0.0481283422459893
1 0.3048128342245989 0.5267379679144385 0.10427807486631016 0.045454545454545456
1 0.24598930481283424 0.5922459893048129 0.11764705882352941 0.0427807486631016
1 0.12165775401069519 0.7299465240641712 0.11497326203208556 0.05614973262032086
1 0.02807486631016043 0.8622994652406417 0.05614973262032086 0.07754010695187166