0 0.314070351758794 0.9597989949748744 0.12060301507537688 0.05025125628140704
0 0.3630653266331658 0.8844221105527639 0.09045226130653267 0.04020100502512563
0 0.4321608040201005 0.7776381909547738 0.07788944723618091 0.04020100502512563
0 0.4484924623115578 0.6896984924623115 0.0728643216080402 0.04271356783919598
0 0.4886934673366834 0.5992462311557789 0.07788944723618091 0.04020100502512563
0 0.5175879396984925 0.5552763819095478 0.07035175879396985 0.032663316582914576
0 0.5540201005025126 0.5917085427135679 0.052763819095477386 0.02763819095477387
0 0.571608040201005 0.6532663316582915 0.06030150753768844 0.032663316582914576
0 0.5891959798994975 0.7123115577889447 0.05778894472361809 0.02512562814070352
0 0.614321608040201 0.7550251256281407 0.04020100502512563 0.022613065326633167
1 0.6206030150753769 0.5238693467336684 0.05025125628140704 0.020100502512562814
1 0.5992462311557789 0.4484924623115578 0.06281407035175879 0.03768844221105527
1 0.5804020100502513 0.4007537688442211 0.05527638190954774 0.022613065326633167
1 0.5565326633165829 0.3341708542713568 0.05778894472361809 0.03015075376884422
1 0.4949748743718593 0.22110552763819097 0.06281407035175879 0.035175879396984924
1 0.42085427135678394 0.20603015075376885 0.0728643216080402 0.03768844221105527
1 0.3743718592964824 0.24371859296482412 0.10050251256281408 0.03768844221105527
1 0.33668341708542715 0.33542713567839194 0.08793969849246232 0.04773869346733668
1 0.31155778894472363 0.4484924623115578 0.09547738693467336 0.04271356783919598
1 0.2613065326633166 0.5615577889447236 0.0829145728643216 0.04271356783919598
1 0.2135678391959799 0.6256281407035176 0.11306532663316583 0.04271356783919598
1 0.10678391959798995 0.7587939698492462 0.11557788944723618 0.05527638190954774
1 0.022613065326633167 0.8819095477386935 0.04522613065326633 0.06532663316582915