0 0.3181818181818182 0.9732620320855615 0.12834224598930483 0.053475935828877004
0 0.37032085561497324 0.893048128342246 0.0962566844919786 0.0427807486631016
0 0.44385026737967914 0.7794117647058824 0.08288770053475936 0.0427807486631016
0 0.4612299465240642 0.6858288770053476 0.07754010695187166 0.045454545454545456
0 0.5040106951871658 0.589572192513369 0.08288770053475936 0.0427807486631016
0 0.5347593582887701 0.5427807486631016 0.0748663101604278 0.034759358288770054
0 0.5735294117647058 0.5815508021390374 0.05614973262032086 0.029411764705882353
0 0.5922459893048129 0.6470588235294118 0.06417112299465241 0.034759358288770054
0 0.6109625668449198 0.7098930481283422 0.06149732620320856 0.026737967914438502
0 0.6377005347593583 0.7553475935828877 0.0427807486631016 0.02406417112299465
1 0.6443850267379679 0.5093582887700535 0.053475935828877004 0.0213903743315508
1 0.6216577540106952 0.42914438502673796 0.06684491978609626 0.040106951871657755
1 0.6016042780748663 0.3783422459893048 0.058823529411764705 0.02406417112299465
1 0.5762032085561497 0.3074866310160428 0.06149732620320856 0.03208556149732621
1 0.5106951871657754 0.18716577540106952 0.06684491978609626 0.0374331550802139
1 0.4318181818181818 0.1711229946524064 0.07754010695187166 0.040106951871657755
1 0.38235294117647056 0.21122994652406418 0.10695187165775401 0.040106951871657755
1 0.3422459893048128 0.3088235294117647 0.09358288770053476 0.05080213903743316
1 0.3155080213903743 0.42914438502673796 0.10160427807486631 0.045454545454545456
1 0.2620320855614973 0.5494652406417112 0.08823529411764706 0.045454545454545456
1 0.21122994652406418 0.6176470588235294 0.12032085561497326 0.045454545454545456
1 0.09759358288770054 0.7593582887700535 0.12299465240641712 0.058823529411764705
1 0.016042780748663103 0.8903743315508021 0.03208556149732621 0.06951871657754011