0 0.3283582089552239 0.9664179104477612 0.11940298507462686 0.05721393034825871
0 0.3743781094527363 0.8930348258706468 0.0945273631840796 0.05223880597014925
0 0.43407960199004975 0.7835820895522388 0.08706467661691543 0.04228855721393035
0 0.4601990049751244 0.7027363184079602 0.06218905472636816 0.029850746268656716
0 0.5 0.6131840796019901 0.05721393034825871 0.03731343283582089
0 0.5422885572139303 0.5659203980099502 0.04477611940298507 0.017412935323383085
0 0.5708955223880597 0.6019900497512438 0.0472636815920398 0.017412935323383085
0 0.582089552238806 0.6703980099502488 0.04975124378109453 0.024875621890547265
0 0.6032338308457711 0.7251243781094527 0.05970149253731343 0.02736318407960199
0 0.6218905472636815 0.7686567164179104 0.05721393034825871 0.024875621890547265
1 0.6355721393034826 0.5410447761194029 0.0472636815920398 0.024875621890547265
1 0.6156716417910447 0.4651741293532338 0.0472636815920398 0.02736318407960199
1 0.5895522388059702 0.4141791044776119 0.04228855721393035 0.024875621890547265
1 0.5696517412935324 0.34701492537313433 0.05721393034825871 0.029850746268656716
1 0.5099502487562189 0.24004975124378108 0.07462686567164178 0.03980099502487562
1 0.43532338308457713 0.22388059701492538 0.06716417910447761 0.03482587064676617
1 0.3880597014925373 0.26119402985074625 0.08955223880597014 0.03731343283582089
1 0.3482587064676617 0.35074626865671643 0.07960199004975124 0.03731343283582089
1 0.3358208955223881 0.4651741293532338 0.0845771144278607 0.04975124378109453
1 0.2860696517412935 0.5746268656716418 0.08706467661691543 0.03731343283582089
1 0.22014925373134328 0.6355721393034826 0.10199004975124377 0.03233830845771144
1 0.12064676616915423 0.7748756218905473 0.10696517412935323 0.05970149253731343
1 0.018656716417910446 0.8905472636815921 0.03731343283582089 0.05970149253731343