0 0.3284313725490196 0.9473039215686274 0.11764705882352941 0.056372549019607844
0 0.3737745098039216 0.875 0.09313725490196079 0.051470588235294115
0 0.4325980392156863 0.7671568627450981 0.0857843137254902 0.041666666666666664
0 0.4583333333333333 0.6875 0.061274509803921566 0.029411764705882353
0 0.49754901960784315 0.5992647058823529 0.056372549019607844 0.03676470588235294
0 0.5392156862745098 0.5526960784313726 0.04411764705882353 0.01715686274509804
0 0.5674019607843137 0.5882352941176471 0.04656862745098039 0.01715686274509804
0 0.5784313725490197 0.6556372549019608 0.049019607843137254 0.024509803921568627
0 0.5992647058823529 0.7095588235294118 0.058823529411764705 0.02696078431372549
0 0.6176470588235294 0.7524509803921569 0.056372549019607844 0.024509803921568627
1 0.6311274509803921 0.5281862745098039 0.04656862745098039 0.024509803921568627
1 0.6115196078431373 0.4534313725490196 0.04656862745098039 0.02696078431372549
1 0.5857843137254902 0.40318627450980393 0.041666666666666664 0.024509803921568627
1 0.5661764705882353 0.33700980392156865 0.056372549019607844 0.029411764705882353
1 0.5073529411764706 0.23161764705882354 0.07352941176470588 0.0392156862745098
1 0.4338235294117647 0.21568627450980393 0.0661764705882353 0.03431372549019608
1 0.3872549019607843 0.25245098039215685 0.08823529411764706 0.03676470588235294
1 0.3480392156862745 0.34068627450980393 0.0784313725490196 0.03676470588235294
1 0.33578431372549017 0.4534313725490196 0.08333333333333333 0.049019607843137254
1 0.2867647058823529 0.5612745098039216 0.0857843137254902 0.03676470588235294
1 0.22181372549019607 0.6213235294117647 0.10049019607843138 0.031862745098039214
1 0.12377450980392157 0.758578431372549 0.1053921568627451 0.058823529411764705
1 0.020833333333333332 0.8725490196078431 0.041666666666666664 0.058823529411764705