1 0.6322751322751323 0.5727513227513228 0.06084656084656084 0.0291005291005291
1 0.6005291005291006 0.49867724867724866 0.06878306878306878 0.031746031746031744
1 0.5753968253968254 0.43915343915343913 0.06613756613756613 0.03439153439153439
1 0.5714285714285714 0.3716931216931217 0.031746031746031744 0.023809523809523808
1 0.4973544973544973 0.2552910052910053 0.07407407407407407 0.04497354497354497
1 0.4246031746031746 0.24074074074074073 0.06878306878306878 0.03439153439153439
1 0.3716931216931217 0.2751322751322751 0.06878306878306878 0.0291005291005291
1 0.3386243386243386 0.376984126984127 0.07407407407407407 0.037037037037037035
1 0.3201058201058201 0.49603174603174605 0.082010582010582 0.042328042328042326
1 0.2566137566137566 0.6177248677248677 0.10052910052910052 0.05291005291005291
1 0.19444444444444445 0.6838624338624338 0.08994708994708994 0.047619047619047616
1 0.08068783068783068 0.8187830687830688 0.10582010582010581 0.05555555555555555
0 0.6243386243386243 0.8214285714285714 0.06349206349206349 0.03439153439153439
0 0.5965608465608465 0.7764550264550265 0.07671957671957672 0.037037037037037035
0 0.5701058201058201 0.7156084656084656 0.07671957671957672 0.042328042328042326
0 0.5502645502645502 0.6481481481481481 0.047619047619047616 0.023809523809523808
0 0.5291005291005291 0.5978835978835979 0.07407407407407407 0.031746031746031744
0 0.48677248677248675 0.6534391534391535 0.06084656084656084 0.037037037037037035
0 0.4444444444444444 0.7447089947089947 0.08465608465608465 0.03439153439153439
0 0.4166666666666667 0.8386243386243386 0.08465608465608465 0.05026455026455026
0 0.36243386243386244 0.9484126984126984 0.0873015873015873 0.0582010582010582