1 0.3645833333333333 0.4778645833333333 0.059895833333333336 0.028645833333333332
1 0.3958333333333333 0.55078125 0.06770833333333333 0.03125
1 0.4205729166666667 0.609375 0.06510416666666667 0.033854166666666664
1 0.4244791666666667 0.67578125 0.03125 0.0234375
1 0.4973958333333333 0.7903645833333334 0.07291666666666667 0.044270833333333336
1 0.5690104166666666 0.8046875 0.06770833333333333 0.033854166666666664
1 0.62109375 0.7708333333333334 0.06770833333333333 0.028645833333333332
1 0.6536458333333334 0.6705729166666666 0.07291666666666667 0.036458333333333336
1 0.671875 0.5533854166666666 0.08072916666666667 0.041666666666666664
1 0.734375 0.43359375 0.09895833333333333 0.052083333333333336
1 0.7955729166666666 0.3684895833333333 0.08854166666666667 0.046875
1 0.9075520833333334 0.23567708333333334 0.10416666666666667 0.0546875
0 0.3723958333333333 0.23307291666666666 0.0625 0.033854166666666664
0 0.3997395833333333 0.27734375 0.07552083333333333 0.036458333333333336
0 0.42578125 0.3372395833333333 0.07552083333333333 0.041666666666666664
0 0.4453125 0.4036458333333333 0.046875 0.0234375
0 0.4661458333333333 0.453125 0.07291666666666667 0.03125
0 0.5078125 0.3984375 0.059895833333333336 0.036458333333333336
0 0.5494791666666666 0.30859375 0.08333333333333333 0.033854166666666664
0 0.5768229166666666 0.21614583333333334 0.08333333333333333 0.049479166666666664
0 0.6302083333333334 0.10807291666666667 0.0859375 0.057291666666666664
0 0.69921875 0.03125 0.109375 0.057291666666666664