0 0.34479166666666666 0.9018518518518519 0.05625 0.11851851851851852
0 0.40625 0.8935185185185185 0.06041666666666667 0.13240740740740742
0 0.49114583333333334 0.9083333333333333 0.06666666666666667 0.14444444444444443
0 0.5588541666666667 0.9314814814814815 0.07604166666666666 0.1361111111111111
0 0.64609375 0.9527777777777777 0.08489583333333334 0.09444444444444444
0 0.7598958333333333 0.8208333333333333 0.042708333333333334 0.2175925925925926
1 0.22786458333333334 0.22870370370370371 0.018229166666666668 0.07962962962962963
1 0.26927083333333335 0.3037037037037037 0.04791666666666667 0.08796296296296297
1 0.303125 0.24166666666666667 0.046875 0.09722222222222222
1 0.3380208333333333 0.16296296296296298 0.049479166666666664 0.10648148148148148
1 0.3828125 0.09166666666666666 0.05416666666666667 0.10648148148148148
1 0.4401041666666667 0.03657407407407407 0.06145833333333333 0.07314814814814814