1 0.4027504911591356 0.2914485165794066 0.03585461689587426 0.05846422338568935
1 0.4449901768172888 0.32897033158813266 0.032907662082514735 0.060209424083769635
1 0.4670923379174853 0.34554973821989526 0.03585461689587426 0.056719022687609075
1 0.48821218074656186 0.37085514834205935 0.04076620825147348 0.06544502617801047
1 0.4454813359528487 0.4642233856893543 0.04616895874263261 0.07329842931937172
1 0.49901768172888017 0.5191972076788831 0.04911591355599214 0.07591623036649214
1 0.543713163064833 0.5802792321116929 0.04960707269155206 0.07766143106457242
1 0.5776031434184676 0.6588132635253054 0.059430255402750494 0.07940663176265271
1 0.5790766208251473 0.7547993019197208 0.06777996070726916 0.09598603839441536
1 0.7509823182711198 0.924956369982548 0.08055009823182711 0.12216404886561955
1 0.9056974459724951 0.9397905759162304 0.08349705304518663 0.12041884816753927
0 0.11984282907662082 0.6003490401396161 0.0618860510805501 0.09598603839441536
0 0.112475442043222 0.7102966841186736 0.06974459724950884 0.10209424083769633
0 0.10117878192534381 0.8621291448516579 0.08153241650294696 0.11605584642233857
0 0.07220039292730845 0.9602966841186736 0.08447937131630648 0.07940663176265271