0 0.34765625 0.008673026886383347 0.03173828125 0.015611448395490026
0 0.3427734375 0.046834345186470075 0.0263671875 0.05637467476149176
0 0.3427734375 0.11795316565481354 0.029296875 0.06418039895923677
0 0.33056640625 0.18300086730268864 0.04541015625 0.06764960971379011
0 0.33349609375 0.2619254119687771 0.05029296875 0.07632263660017347
0 0.36083984375 0.38941890719861233 0.05859375 0.09193408499566348
0 0.41455078125 0.5143104943625325 0.05810546875 0.1049436253252385
0 0.58935546875 0.6366001734605378 0.0712890625 0.1266261925411969
0 0.7138671875 0.6522116218560278 0.0771484375 0.12489158716392021
0 0.83056640625 0.632263660017346 0.07763671875 0.11882046834345186
1 0.89697265625 0.1344319167389419 0.044921875 0.06851691240242845
1 0.8505859375 0.1552471812662619 0.04541015625 0.06591500433651344
1 0.76416015625 0.15437987857762359 0.04296875 0.06591500433651344
1 0.6865234375 0.14657415437987859 0.04443359375 0.06764960971379011
1 0.587890625 0.06331309627059845 0.03759765625 0.05724197745013009
1 0.5537109375 0.022549869904596703 0.03564453125 0.04336513443191674