0 0.7635270541082164 0.20944741532976827 0.03256513026052104 0.0481283422459893
0 0.7224448897795591 0.20944741532976827 0.03707414829659319 0.053475935828877004
0 0.6848697394789579 0.18716577540106952 0.03907815631262525 0.08288770053475936
0 0.6392785571142284 0.1925133689839572 0.04408817635270541 0.09180035650623886
0 0.5656312625250501 0.24242424242424243 0.0531062124248497 0.10695187165775401
0 0.4934869739478958 0.3404634581105169 0.06062124248496994 0.10606060606060606
0 0.4228456913827655 0.6595365418894831 0.07314629258517034 0.13012477718360071
0 0.41382765531062127 0.8868092691622104 0.07214428857715431 0.1408199643493761
1 0.7014028056112225 0.9696969696969697 0.03807615230460922 0.06060606060606061
1 0.7059118236472945 0.8368983957219251 0.03907815631262525 0.08110516934046345
1 0.7540080160320641 0.6568627450980392 0.033066132264529056 0.06862745098039216
1 0.7730460921843687 0.5940285204991087 0.01603206412825651 0.06506238859180036