0 0.7772593320235757 0.2255671902268761 0.008349705304518664 0.056719022687609075
0 0.7558939096267191 0.21727748691099477 0.03192534381139489 0.04712041884816754
0 0.7156188605108055 0.21727748691099477 0.036345776031434185 0.05235602094240838
0 0.6787819253438114 0.19546247818499127 0.03831041257367387 0.08115183246073299
0 0.6340864440078585 0.2006980802792321 0.043222003929273084 0.08987783595113438
0 0.5618860510805501 0.24956369982547993 0.05206286836935167 0.10471204188481675
0 0.4911591355599214 0.34554973821989526 0.059430255402750494 0.10383944153577661
0 0.4219056974459725 0.6579406631762653 0.07170923379174853 0.1273996509598604
0 0.4130648330058939 0.8804537521815009 0.07072691552062868 0.13787085514834205
1 0.6949901768172888 0.9659685863874345 0.03732809430255403 0.06806282722513089
1 0.6994106090373281 0.8315881326352531 0.03831041257367387 0.07940663176265271
1 0.7465618860510805 0.6553228621291448 0.03241650294695481 0.06719022687609075
1 0.7694007858546169 0.5938045375218151 0.02406679764243615 0.0636998254799302