0 0.48035363457760316 0.705933682373473 0.02504911591355599 0.05846422338568935
0 0.5112966601178782 0.7076788830715532 0.030451866404715127 0.06282722513089005
0 0.5525540275049116 0.712914485165794 0.03339882121807466 0.07068062827225131
0 0.5869351669941061 0.7303664921465969 0.03929273084479371 0.06457242582897033
0 0.6291748526522594 0.7356020942408377 0.04518664047151277 0.06282722513089005
0 0.706286836935167 0.6989528795811518 0.057465618860510805 0.10471204188481675
1 0.39047151277013753 0.4738219895287958 0.01669941060903733 0.019197207678883072
1 0.41404715127701375 0.41012216404886565 0.019646365422396856 0.03664921465968586
1 0.40520628683693516 0.4258289703315881 0.01719056974459725 0.034031413612565446
1 0.40029469548133595 0.44415357766143104 0.015717092337917484 0.02443280977312391
1 0.43909626719056977 0.43717277486910994 0.02111984282907662 0.04275741710296684
1 0.4538310412573674 0.39179755671902267 0.02013752455795678 0.04537521815008726
1 0.4715127701375246 0.37783595113438045 0.023084479371316306 0.04886561954624782
1 0.49263261296660116 0.36387434554973824 0.026031434184675836 0.055846422338568937
1 0.5201375245579568 0.3054101221640489 0.02848722986247544 0.06108202443280977
1 0.5653241650294696 0.14659685863874344 0.03585461689587426 0.07417102966841187
1 0.568762278978389 0.02225130890052356 0.03732809430255403 0.04450261780104712