0 0.4844689378757515 0.7219251336898396 0.02555110220440882 0.059714795008912656
0 0.5160320641282565 0.7237076648841355 0.031062124248496994 0.06417112299465241
0 0.5581162324649298 0.7290552584670231 0.03406813627254509 0.07219251336898395
0 0.593186372745491 0.7468805704099821 0.04008016032064128 0.0659536541889483
0 0.6362725450901804 0.7522281639928698 0.04609218436873747 0.06417112299465241
0 0.7149298597194389 0.714795008912656 0.05861723446893788 0.10695187165775401
1 0.3927855711422846 0.48484848484848486 0.017034068136272545 0.0196078431372549
1 0.4168336673346693 0.4197860962566845 0.02004008016032064 0.0374331550802139
1 0.40781563126252507 0.4358288770053476 0.01753507014028056 0.034759358288770054
1 0.4028056112224449 0.45454545454545453 0.01603206412825651 0.024955436720142603
1 0.4423847695390782 0.4474153297682709 0.02154308617234469 0.04367201426024955
1 0.4574148296593186 0.40106951871657753 0.020541082164328657 0.04634581105169341
1 0.4754509018036072 0.3868092691622103 0.023547094188376753 0.049910873440285206
1 0.4969939879759519 0.37254901960784315 0.02655310621242485 0.0570409982174688
1 0.5250501002004008 0.31283422459893045 0.02905811623246493 0.062388591800356503
1 0.5711422845691383 0.15062388591800357 0.03657314629258517 0.07575757575757576
1 0.5746492985971944 0.023172905525846704 0.03807615230460922 0.04634581105169341