0 0.21145833333333333 0.8805555555555555 0.09322916666666667 0.15462962962962962
0 0.35052083333333334 0.7925925925925926 0.0859375 0.14537037037037037
0 0.453125 0.6888888888888889 0.06822916666666666 0.1259259259259259
0 0.6739583333333333 0.3861111111111111 0.0484375 0.07777777777777778
0 0.6015625 0.3472222222222222 0.0484375 0.07592592592592592
0 0.5828125 0.3138888888888889 0.04375 0.06851851851851852
0 0.625 0.32037037037037036 0.0421875 0.0712962962962963
0 0.8234375 0.16018518518518518 0.0296875 0.05648148148148148
0 0.8526041666666667 0.1712962962962963 0.034375 0.05740740740740741
0 0.8973958333333333 0.19166666666666668 0.040625 0.05925925925925926
0 0.8822916666666667 0.1648148148148148 0.0359375 0.05185185185185185
0 0.9505208333333334 0.16111111111111112 0.03802083333333333 0.05740740740740741
0 0.9940104166666667 0.14629629629629629 0.011979166666666667 0.05925925925925926
1 0.027864583333333335 0.006481481481481481 0.0296875 0.012962962962962963
1 0.0171875 0.056018518518518516 0.034375 0.049074074074074076
1 0.033854166666666664 0.08981481481481482 0.03802083333333333 0.05185185185185185
1 0.0546875 0.1259259259259259 0.0390625 0.05648148148148148
1 0.075 0.16944444444444445 0.043229166666666666 0.06018518518518518
1 0.13125 0.20925925925925926 0.044270833333333336 0.06296296296296296
1 0.2546875 0.2675925925925926 0.04635416666666667 0.07314814814814814
1 0.3380208333333333 0.24722222222222223 0.0421875 0.06759259259259259
1 0.4140625 0.21666666666666667 0.0390625 0.06111111111111111
1 0.4505208333333333 0.18425925925925926 0.0359375 0.05925925925925926
1 0.6458333333333334 0.08518518518518518 0.029166666666666667 0.04814814814814815
1 0.6895833333333333 0.08888888888888889 0.0296875 0.05
1 0.7046875 0.0787037037037037 0.023958333333333335 0.04722222222222222
1 0.7270833333333333 0.08796296296296297 0.029166666666666667 0.049074074074074076
1 0.7557291666666667 0.06574074074074074 0.027604166666666666 0.04351851851851852
1 0.7927083333333333 0.05185185185185185 0.027604166666666666 0.046296296296296294
1 0.8286458333333333 0.03611111111111111 0.024479166666666666 0.03518518518518519
1 0.8578125 0.020370370370370372 0.025 0.03611111111111111
1 0.88671875 0.011574074074074073 0.024479166666666666 0.023148148148148147