0 0.7339613034623218 0.9628623188405797 0.08503054989816701 0.07427536231884058
0 0.6858452138492872 0.7653985507246377 0.079938900203666 0.14945652173913043
0 0.6288187372708758 0.5869565217391305 0.06924643584521385 0.11865942028985507
0 0.4623217922606925 0.2028985507246377 0.04276985743380855 0.08423913043478261
0 0.4409368635437882 0.328804347826087 0.04175152749490835 0.08423913043478261
0 0.4226069246435845 0.36141304347826086 0.03767820773930754 0.07608695652173914
0 0.42617107942973526 0.28804347826086957 0.03920570264765784 0.07336956521739131
1 0.3971486761710794 0.9320652173913043 0.040224032586558045 0.0806159420289855
1 0.3859470468431772 0.7871376811594203 0.037169042769857434 0.07336956521739131
1 0.36914460285132383 0.654891304347826 0.03360488798370672 0.06793478260869565
1 0.3513238289205703 0.5914855072463768 0.032586558044806514 0.0625
1 0.2968431771894094 0.25181159420289856 0.026476578411405296 0.050724637681159424
1 0.2988798370672098 0.17572463768115942 0.0274949083503055 0.051630434782608696
1 0.29327902240325865 0.14945652173913043 0.025967413441955193 0.041666666666666664
1 0.2983706720977597 0.1105072463768116 0.0269857433808554 0.050724637681159424
1 0.2861507128309572 0.06068840579710145 0.023930753564154784 0.04800724637681159
1 0.2785132382892057 0.009963768115942028 0.025458248472505093 0.019927536231884056