0 0.01123046875 0.8594969644405898 0.021484375 0.11274934952298352
0 0.22265625 0.8829141370338248 0.08740234375 0.1448395490026019
0 0.35302734375 0.800520381613183 0.08056640625 0.13616652211621855
0 0.44921875 0.7033824804856895 0.06396484375 0.11795316565481354
0 0.65625 0.419774501300954 0.04541015625 0.07285342584562012
0 0.58837890625 0.383347788378144 0.04541015625 0.07111882046834345
0 0.57080078125 0.3521248915871639 0.041015625 0.06418039895923677
0 0.6103515625 0.35819601040763227 0.03955078125 0.06678230702515178
0 0.79638671875 0.20815264527320035 0.02783203125 0.05290546400693842
0 0.82373046875 0.21856027753686036 0.0322265625 0.053772766695576756
0 0.86572265625 0.23764093668690373 0.0380859375 0.055507372072853424
0 0.8515625 0.212489158716392 0.03369140625 0.04856895056374675
0 0.91552734375 0.20901994796183868 0.03564453125 0.053772766695576756
0 0.97021484375 0.19514310494362533 0.03857421875 0.055507372072853424
1 0.01171875 0.030355594102341718 0.02294921875 0.03816131830008673
1 0.03125 0.03902862098872507 0.02587890625 0.03902862098872507
1 0.05078125 0.05117085862966175 0.02783203125 0.03902862098872507
1 0.03955078125 0.11101474414570685 0.03466796875 0.04596704249783174
1 0.05615234375 0.1422376409366869 0.03564453125 0.04856895056374675
1 0.07568359375 0.17606244579358196 0.03662109375 0.05290546400693842
1 0.0947265625 0.2168256721595837 0.04052734375 0.05637467476149176
1 0.1474609375 0.2541196877710321 0.04150390625 0.05897658282740677
1 0.26318359375 0.30875975715524717 0.04345703125 0.06851691240242845
1 0.34130859375 0.2896790980052038 0.03955078125 0.06331309627059845
1 0.41259765625 0.2610581092801388 0.03662109375 0.05724197745013009
1 0.44677734375 0.23070251517779705 0.03369140625 0.055507372072853424
1 0.6298828125 0.13790112749349523 0.02734375 0.045099739809193407
1 0.6708984375 0.14137033824804857 0.02783203125 0.046834345186470075
1 0.68505859375 0.13183000867302688 0.0224609375 0.04423243712055507
1 0.7060546875 0.14050303555941024 0.02734375 0.04596704249783174
1 0.73291015625 0.1196877710320902 0.02587890625 0.040763226366001735
1 0.767578125 0.10667823070251518 0.02587890625 0.04336513443191674
1 0.80126953125 0.09193408499566348 0.02294921875 0.03295750216825672
1 0.82861328125 0.07718993928881179 0.0234375 0.033824804856895055
1 0.85595703125 0.06331309627059845 0.02294921875 0.033824804856895055
1 0.86669921875 0.04596704249783174 0.0205078125 0.032090199479618386