1 0.5132612966601179 0.225130890052356 0.023084479371316306 0.05410122164048865
1 0.5152259332023575 0.29842931937172773 0.022102161100196464 0.04712041884816754
1 0.5211198428290766 0.32024432809773123 0.021611001964636542 0.03664921465968586
1 0.518172888015717 0.3568935427574171 0.023575638506876228 0.04363001745200698
1 0.5319253438113949 0.3961605584642234 0.02111984282907662 0.04013961605584642
1 0.5412573673870335 0.44851657940663175 0.02013752455795678 0.04013961605584642
1 0.550098231827112 0.4956369982547993 0.016208251473477406 0.03926701570680628
1 0.5609037328094303 0.5357766143106457 0.01669941060903733 0.03577661431064572
1 0.568762278978389 0.5706806282722513 0.016208251473477406 0.03315881326352531
1 0.5766208251473477 0.5828970331588132 0.015225933202357564 0.029668411867364748
0 0.3565815324165029 0.30017452006980805 0.04420432220039293 0.08289703315881326
0 0.3659135559921415 0.17102966841186737 0.043713163064833006 0.08376963350785341
0 0.38212180746561886 0.13612565445026178 0.03831041257367387 0.07766143106457242
0 0.38605108055009824 0.21204188481675393 0.03831041257367387 0.07242582897033159
0 0.4931237721021611 0.5043630017452007 0.02455795677799607 0.041884816753926704
0 0.48919449901768175 0.5453752181500873 0.026522593320235755 0.04712041884816754
0 0.49361493123772104 0.5855148342059336 0.023575638506876228 0.04450261780104712
0 0.48379174852652257 0.6055846422338569 0.025540275049115914 0.049738219895287955
0 0.5014734774066798 0.6719022687609075 0.02406679764243615 0.0462478184991274
0 0.5127701375245579 0.7425828970331588 0.022593320235756387 0.04537521815008726
0 0.5275049115913556 0.8525305410122164 0.02013752455795678 0.04101221640488656
0 0.5417485265225933 0.8647469458987783 0.01669941060903733 0.04013961605584642
0 0.5540275049115914 0.8612565445026178 0.014734774066797643 0.038394415357766144