1 0.14794921875 0.6097137901127494 0.04248046875 0.0598438855160451
1 0.1025390625 0.6556808326105811 0.0478515625 0.06678230702515178
1 0.021484375 0.7163920208152645 0.04248046875 0.07718993928881179
1 0.345703125 0.4770164787510841 0.0302734375 0.040763226366001735
1 0.38671875 0.4735472679965308 0.0263671875 0.03902862098872507
1 0.39892578125 0.46313963573287076 0.0205078125 0.03816131830008673
1 0.41943359375 0.4683434518647008 0.0244140625 0.04163052905464007
1 0.44140625 0.4440589765828274 0.0224609375 0.0372940156114484
1 0.470703125 0.42758022549869906 0.0224609375 0.03555941023417172
1 0.4970703125 0.411968777103209 0.02197265625 0.028620988725065046
1 0.51953125 0.39288811795316564 0.02001953125 0.029488291413703384
1 0.5390625 0.3790112749349523 0.0185546875 0.028620988725065046
1 0.5458984375 0.36513443191673894 0.0166015625 0.026886383347788378
0 0.3876953125 0.753686036426713 0.04638671875 0.07805724197745013
0 0.3154296875 0.7372072853425846 0.046875 0.07718993928881179
0 0.2958984375 0.7085862966175195 0.04345703125 0.06764960971379011
0 0.33837890625 0.7016478751084129 0.04052734375 0.06764960971379011
0 0.501953125 0.5125758889852559 0.0234375 0.04336513443191674
0 0.52490234375 0.5195143104943626 0.0263671875 0.046834345186470075
0 0.54736328125 0.5117085862966175 0.02490234375 0.04163052905464007
0 0.55859375 0.5290546400693842 0.02783203125 0.045099739809193407
0 0.595703125 0.4978317432784042 0.02587890625 0.042497831743278404
0 0.63525390625 0.4778837814397225 0.025390625 0.0398959236773634
0 0.69677734375 0.4518647007805724 0.02294921875 0.03555941023417172
0 0.70361328125 0.42671292281006074 0.0224609375 0.029488291413703384
0 0.70166015625 0.40503035559410233 0.021484375 0.026019080659150044