1 0.5247167868177137 0.17216117216117216 0.02420185375901133 0.056776556776556776
1 0.5267765190525232 0.2490842490842491 0.023171987641606592 0.04945054945054945
1 0.5329557157569516 0.27197802197802196 0.02265705458290422 0.038461538461538464
1 0.5298661174047374 0.31043956043956045 0.024716786817713696 0.045787545787545784
1 0.5442842430484037 0.3516483516483517 0.022142121524201853 0.04212454212454213
1 0.5540679711637487 0.4065934065934066 0.021112255406797117 0.04212454212454213
1 0.5633367662203913 0.45604395604395603 0.016992790937178166 0.04120879120879121
1 0.5746652935118435 0.4981684981684982 0.017507723995880537 0.037545787545787544
1 0.5829042224510813 0.5347985347985348 0.016992790937178166 0.0347985347985348
1 0.5911431513903193 0.5476190476190477 0.01596292481977343 0.031135531135531136
0 0.3604531410916581 0.2509157509157509 0.046343975283213185 0.08699633699633699
0 0.3702368692070031 0.11538461538461539 0.04582904222451081 0.08791208791208792
0 0.38722966014418125 0.07875457875457875 0.04016477857878476 0.0815018315018315
0 0.3913491246138002 0.15842490842490842 0.04016477857878476 0.076007326007326
0 0.5036045314109165 0.4652014652014652 0.025746652935118436 0.04395604395604396
0 0.49948506694129763 0.5082417582417582 0.027806385169927908 0.04945054945054945
0 0.504119464469619 0.5503663003663004 0.024716786817713696 0.046703296703296704
0 0.4938208032955716 0.5714285714285714 0.026776519052523172 0.0521978021978022
0 0.5123583934088568 0.6410256410256411 0.025231719876416064 0.048534798534798536
0 0.5242018537590113 0.7152014652014652 0.02368692070030896 0.047619047619047616
0 0.5396498455200824 0.8305860805860806 0.021112255406797117 0.04304029304029304
0 0.554582904222451 0.8434065934065934 0.017507723995880537 0.04212454212454213
0 0.5674562306900103 0.8397435897435898 0.015447991761071062 0.040293040293040296