1 0.593320235756385 0.010907504363001745 0.0137524557956778 0.02181500872600349
1 0.5908644400785854 0.037521815008726006 0.0137524557956778 0.030541012216404886
1 0.5284872298624754 0.08987783595113438 0.027996070726915522 0.060209424083769635
1 0.5338899803536346 0.18586387434554974 0.025540275049115914 0.053228621291448515
1 0.5412573673870335 0.5602094240837696 0.019646365422396856 0.04101221640488656
1 0.537819253438114 0.6195462478184991 0.02013752455795678 0.038394415357766144
1 0.5397838899803536 0.6431064572425829 0.018172888015717092 0.029668411867364748
1 0.5353634577603144 0.6692844677137871 0.019646365422396856 0.03926701570680628
1 0.5392927308447937 0.7198952879581152 0.01768172888015717 0.020942408376963352
1 0.5383104125736738 0.7975567190226877 0.01768172888015717 0.037521815008726006
1 0.5388015717092338 0.856020942408377 0.01719056974459725 0.034031413612565446
1 0.5397838899803536 0.9083769633507853 0.01768172888015717 0.034031413612565446
1 0.5407662082514735 0.9581151832460733 0.015225933202357564 0.03228621291448516
1 0.5442043222003929 0.9773123909249564 0.015717092337917484 0.027923211169284468
0 0.44842829076620827 0.3080279232111693 0.046660117878192534 0.08987783595113438
0 0.46954813359528486 0.2094240837696335 0.04076620825147348 0.08289703315881326
0 0.4808447937131631 0.2757417102966841 0.03388998035363458 0.07242582897033159
0 0.48870333988212183 0.20855148342059338 0.025540275049115914 0.07242582897033159
0 0.5098231827111984 0.7591623036649214 0.022102161100196464 0.049738219895287955
0 0.5009823182711198 0.8010471204188482 0.0275049115913556 0.05410122164048865
0 0.5019646365422397 0.8464223385689355 0.02455795677799607 0.04450261780104712
0 0.4916502946954813 0.8726003490401396 0.02848722986247544 0.05846422338568935
0 0.4955795677799607 0.9703315881326352 0.026522593320235755 0.059336823734729496