1 0.17691532258064516 0.3288530465949821 0.018145161290322582 0.025089605734767026
1 0.2001008064516129 0.33512544802867383 0.01663306451612903 0.025985663082437275
1 0.2162298387096774 0.3396057347670251 0.017137096774193547 0.025089605734767026
1 0.23387096774193547 0.34408602150537637 0.017641129032258066 0.025089605734767026
1 0.12600806451612903 0.3557347670250896 0.02620967741935484 0.022401433691756272
1 0.1280241935483871 0.3682795698924731 0.02620967741935484 0.026881720430107527
1 0.12247983870967742 0.3817204301075269 0.028729838709677418 0.03046594982078853
1 0.11340725806451613 0.39695340501792115 0.03225806451612903 0.034050179211469536
1 0.0846774193548387 0.41935483870967744 0.03881048387096774 0.043010752688172046
1 0.10735887096774194 0.45698924731182794 0.046370967741935484 0.0528673835125448
1 0.18397177419354838 0.460573476702509 0.040826612903225805 0.053763440860215055
1 0.26411290322580644 0.4578853046594982 0.03477822580645161 0.051075268817204304
1 0.31955645161290325 0.44802867383512546 0.030745967741935484 0.04659498207885305
1 0.5357862903225806 0.4345878136200717 0.023689516129032258 0.035842293906810034
1 0.5700604838709677 0.44086021505376344 0.02217741935483871 0.036738351254480286
1 0.5836693548387096 0.43727598566308246 0.017137096774193547 0.033154121863799284
1 0.5987903225806451 0.4453405017921147 0.022681451612903226 0.035842293906810034
1 0.6280241935483871 0.4381720430107527 0.012096774193548387 0.03225806451612903
1 0.672883064516129 0.4399641577060932 0.021673387096774195 0.03225806451612903
1 0.7066532258064516 0.4390681003584229 0.01965725806451613 0.03136200716845878
1 0.7368951612903226 0.43727598566308246 0.01965725806451613 0.03225806451612903
1 0.765625 0.43548387096774194 0.018649193548387098 0.027777777777777776
1 0.7767137096774194 0.4292114695340502 0.016129032258064516 0.02867383512544803
0 0.3901209677419355 0.6039426523297491 0.051915322580645164 0.08512544802867383
0 0.3331653225806452 0.5654121863799283 0.04788306451612903 0.07437275985663082
0 0.3714717741935484 0.5448028673835126 0.041834677419354836 0.06182795698924731
0 0.3326612903225806 0.5304659498207885 0.041834677419354836 0.04659498207885305
0 0.6507056451612904 0.49193548387096775 0.028729838709677418 0.04032258064516129
0 0.6748991935483871 0.5080645161290323 0.03125 0.05017921146953405
0 0.7011088709677419 0.5062724014336918 0.025705645161290324 0.044802867383512544
0 0.7162298387096774 0.525089605734767 0.03377016129032258 0.05197132616487455
0 0.7726814516129032 0.517921146953405 0.034274193548387094 0.04838709677419355
0 0.8382056451612904 0.5224014336917563 0.03578629032258065 0.0492831541218638
0 0.9415322580645161 0.5295698924731183 0.036290322580645164 0.04390681003584229
0 0.9692540322580645 0.517921146953405 0.03326612903225806 0.04032258064516129
0 0.9682459677419355 0.496415770609319 0.03276209677419355 0.03136200716845878