0 0.4878177966101695 0.3013182674199623 0.02701271186440678 0.05084745762711865
0 0.4835805084745763 0.3455743879472693 0.025423728813559324 0.05273069679849341
0 0.4856991525423729 0.3926553672316384 0.022245762711864406 0.0423728813559322
0 0.4772245762711864 0.4152542372881356 0.02913135593220339 0.05743879472693032
0 0.4872881355932203 0.5037664783427496 0.02489406779661017 0.05084745762711865
0 0.4904661016949153 0.5969868173258004 0.024364406779661018 0.0480225988700565
0 0.4957627118644068 0.71939736346516 0.020127118644067795 0.04048964218455744
0 0.503177966101695 0.7495291902071564 0.018538135593220338 0.04048964218455744
0 0.5132415254237288 0.7467043314500942 0.012711864406779662 0.035781544256120526
1 0.5338983050847458 0.5169491525423728 0.013771186440677966 0.023540489642184557
1 0.5307203389830508 0.5018832391713748 0.013241525423728813 0.030131826741996232
1 0.5270127118644068 0.4585687382297552 0.015889830508474576 0.032015065913371
1 0.5238347457627118 0.4133709981167608 0.01694915254237288 0.03483992467043315
1 0.5195974576271186 0.3502824858757062 0.019067796610169493 0.03954802259887006
1 0.5180084745762712 0.2749529190207156 0.019067796610169493 0.04048964218455744
1 0.5132415254237288 0.2071563088512241 0.02065677966101695 0.046139359698681735
1 0.5169491525423728 0.1751412429378531 0.020127118644067795 0.03295668549905838
1 0.5127118644067796 0.15065913370998116 0.022245762711864406 0.05084745762711865
1 0.5132415254237288 0.07062146892655367 0.023305084745762712 0.054613935969868174