0 0.020703933747412008 0.7417127071823204 0.041407867494824016 0.12246777163904236
0 0.38095238095238093 0.5147329650092081 0.027950310559006212 0.04696132596685083
0 0.4052795031055901 0.5220994475138122 0.028985507246376812 0.04419889502762431
0 0.4311594202898551 0.5184162062615101 0.023291925465838508 0.03867403314917127
0 0.4435817805383023 0.5331491712707183 0.03157349896480331 0.05064456721915286
0 0.4922360248447205 0.5156537753222836 0.027950310559006212 0.0432780847145488
0 0.5434782608695652 0.5101289134438306 0.026397515527950312 0.0423572744014733
0 0.6107660455486542 0.5009208103130756 0.022256728778467908 0.034990791896869246
0 0.6273291925465838 0.4880294659300184 0.022256728778467908 0.03222836095764273
0 0.6257763975155279 0.4705340699815838 0.019668737060041408 0.022099447513812154
1 0.4994824016563147 0.43462246777163904 0.012939958592132506 0.02394106813996317
1 0.4912008281573499 0.44014732965009207 0.016563146997929608 0.02302025782688766
1 0.4673913043478261 0.44659300184162065 0.017598343685300208 0.027624309392265192
1 0.44254658385093165 0.4521178637200737 0.019151138716356108 0.029465930018416207
1 0.4078674948240166 0.4594843462246777 0.021739130434782608 0.03314917127071823
1 0.36645962732919257 0.4622467771639042 0.022256728778467908 0.03314917127071823
1 0.32919254658385094 0.4705340699815838 0.025362318840579712 0.03591160220994475
1 0.3115942028985507 0.46408839779005523 0.018115942028985508 0.034990791896869246
1 0.2981366459627329 0.4714548802946593 0.027950310559006212 0.03867403314917127
1 0.25414078674948243 0.4705340699815838 0.030020703933747412 0.040515653775322284