0 0.44990079365079366 0.8544973544973545 0.017361111111111112 0.027336860670194002
0 0.47023809523809523 0.8518518518518519 0.01984126984126984 0.031746031746031744
0 0.49702380952380953 0.8527336860670194 0.023313492063492064 0.0291005291005291
0 0.5203373015873016 0.8774250440917107 0.02628968253968254 0.053791887125220456
0 0.5476190476190477 0.8694885361552028 0.028769841269841268 0.059082892416225746
0 0.5942460317460317 0.8227513227513228 0.03571428571428571 0.07054673721340388
0 0.6418650793650794 0.7627865961199295 0.042162698412698416 0.06525573192239859
0 0.6736111111111112 0.5564373897707231 0.04811507936507937 0.08024691358024691
0 0.6666666666666666 0.42504409171075835 0.04662698412698413 0.07671957671957672
0 0.6483134920634921 0.31216931216931215 0.043154761904761904 0.07671957671957672
0 0.5739087301587301 0.0291005291005291 0.03373015873015873 0.0582010582010582
0 0.5520833333333334 0.11552028218694885 0.028273809523809524 0.05555555555555555
0 0.5376984126984127 0.14285714285714285 0.023809523809523808 0.05291005291005291
0 0.5451388888888888 0.09082892416225749 0.027281746031746032 0.05114638447971781
1 0.4677579365079365 0.011022927689594356 0.01488095238095238 0.02204585537918871
1 0.4642857142857143 0.0564373897707231 0.01488095238095238 0.03262786596119929
1 0.4806547619047619 0.2865961199294533 0.019345238095238096 0.03880070546737213
1 0.4895833333333333 0.3262786596119929 0.02132936507936508 0.03791887125220458
1 0.4930555555555556 0.40299823633156967 0.021825396825396824 0.03968253968253968
1 0.4930555555555556 0.48059964726631393 0.022321428571428572 0.042328042328042326
1 0.4677579365079365 0.5740740740740741 0.01636904761904762 0.036155202821869487
1 0.45287698412698413 0.6102292768959435 0.017361111111111112 0.03350970017636684
1 0.4399801587301587 0.63668430335097 0.016865079365079364 0.031746031746031744
1 0.42956349206349204 0.6472663139329806 0.01488095238095238 0.029982363315696647
1 0.41964285714285715 0.6631393298059964 0.014384920634920634 0.0291005291005291
1 0.40128968253968256 0.6296296296296297 0.01240079365079365 0.025573192239858905
1 0.39732142857142855 0.6472663139329806 0.012896825396825396 0.021164021164021163
1 0.3888888888888889 0.691358024691358 0.010912698412698412 0.020282186948853614
1 0.3943452380952381 0.6640211640211641 0.009424603174603174 0.019400352733686066