0 0.44299674267100975 0.9758687258687259 0.019001085776330078 0.029922779922779922
0 0.46525515743756785 0.972972972972973 0.021715526601520086 0.03474903474903475
0 0.49457111834962 0.9739382239382239 0.025515743756786103 0.03185328185328185
0 0.5198154180238871 0.9855212355212355 0.028773072747014114 0.02895752895752896
0 0.5499457111834962 0.9797297297297297 0.031487513572204126 0.04054054054054054
0 0.6009771986970684 0.9411196911196911 0.03908794788273615 0.07722007722007722
0 0.6530944625407166 0.8754826254826255 0.046145494028230184 0.07142857142857142
0 0.6878393051031487 0.6496138996138996 0.05266015200868621 0.08783783783783784
0 0.6802388707926167 0.5057915057915058 0.051031487513572206 0.08397683397683398
0 0.6601520086862106 0.38223938223938225 0.04723127035830619 0.08397683397683398
0 0.5787187839305103 0.0694980694980695 0.03691639522258415 0.07046332046332046
0 0.5548317046688382 0.166988416988417 0.030944625407166124 0.060810810810810814
0 0.5390879478827362 0.1969111969111969 0.026058631921824105 0.05791505791505792
0 0.5472312703583062 0.13996138996138996 0.02985884907709012 0.055984555984555984
1 0.46579804560260585 0.005791505791505791 0.01737242128121607 0.011583011583011582
1 0.4603691639522258 0.021235521235521235 0.018458197611292075 0.03474903474903475
1 0.46254071661237783 0.0444015444015444 0.016286644951140065 0.041505791505791506
1 0.4587404994571118 0.10231660231660232 0.016286644951140065 0.03571428571428571
1 0.4766558089033659 0.35424710424710426 0.021172638436482084 0.04247104247104247
1 0.48642779587404994 0.39768339768339767 0.023344191096634093 0.041505791505791506
1 0.49022801302931596 0.48166023166023164 0.023887079261672096 0.04343629343629344
1 0.49022801302931596 0.5666023166023166 0.024429967426710098 0.04633204633204633
1 0.46254071661237783 0.668918918918919 0.017915309446254073 0.03957528957528957
1 0.44625407166123776 0.7084942084942085 0.019001085776330078 0.03667953667953668
1 0.43213897937024975 0.7374517374517374 0.018458197611292075 0.03474903474903475
1 0.4207383279044517 0.749034749034749 0.016286644951140065 0.032818532818532815
1 0.40988056460369166 0.7664092664092664 0.015743756786102063 0.03185328185328185
1 0.38979370249728557 0.7297297297297297 0.013572204125950055 0.027992277992277992
1 0.38545059717698155 0.749034749034749 0.014115092290988056 0.023166023166023165
1 0.3762214983713355 0.7972972972972973 0.011943539630836048 0.0222007722007722
1 0.38219326818675353 0.7673745173745173 0.01031487513572204 0.021235521235521235