1 0.40580448065173114 0.3967391304347826 0.017311608961303463 0.02717391304347826
1 0.43075356415478616 0.39492753623188404 0.01680244399185336 0.026268115942028984
1 0.4378818737270876 0.38858695652173914 0.01374745417515275 0.026268115942028984
1 0.45213849287169044 0.39311594202898553 0.016293279022403257 0.025362318840579712
1 0.4663951120162933 0.3786231884057971 0.014765784114052953 0.024456521739130436
1 0.48676171079429736 0.3686594202898551 0.014256619144602852 0.025362318840579712
1 0.5071283095723014 0.35778985507246375 0.007637474541751527 0.020833333333333332
1 0.5183299389002036 0.34692028985507245 0.011710794297352342 0.019021739130434784
1 0.530040733197556 0.338768115942029 0.01120162932790224 0.018115942028985508
1 0.5346232179226069 0.3278985507246377 0.010692464358452138 0.017210144927536232
1 0.2820773930753564 0.4746376811594203 0.023930753564154784 0.04076086956521739
1 0.25712830957230143 0.5027173913043478 0.0269857433808554 0.041666666666666664
1 0.20773930753564154 0.5344202898550725 0.032586558044806514 0.04800724637681159
1 0.1415478615071283 0.5606884057971014 0.03665987780040733 0.050724637681159424
1 0.04276985743380855 0.5380434782608695 0.03971486761710794 0.050724637681159424
1 0.008146639511201629 0.5131340579710145 0.016293279022403257 0.044384057971014496
0 0.634928716904277 0.3605072463768116 0.01374745417515275 0.018115942028985508
0 0.6379837067209776 0.3740942028985507 0.01374745417515275 0.018115942028985508
0 0.630346232179226 0.3894927536231884 0.014765784114052953 0.021739130434782608
0 0.590122199592668 0.4048913043478261 0.015784114052953158 0.025362318840579712
0 0.5651731160896131 0.4166666666666667 0.017311608961303463 0.028079710144927536
0 0.5412423625254582 0.43568840579710144 0.01985743380855397 0.029891304347826088
0 0.5341140529531568 0.42481884057971014 0.016293279022403257 0.026268115942028984
0 0.5193482688391039 0.4302536231884058 0.01680244399185336 0.028985507246376812
0 0.505091649694501 0.42391304347826086 0.014765784114052953 0.024456521739130436
0 0.4332993890020367 0.5688405797101449 0.0274949083503055 0.04891304347826087
0 0.3879837067209776 0.5570652173913043 0.029022403258655804 0.04710144927536232
0 0.37372708757637474 0.5407608695652174 0.0269857433808554 0.04528985507246377
0 0.40173116089613037 0.5362318840579711 0.024439918533604887 0.04076086956521739
0 0.10972505091649694 0.9778079710144928 0.07586558044806517 0.044384057971014496
0 0.2204684317718941 0.8994565217391305 0.06008146639511202 0.10235507246376811
0 0.2968431771894094 0.802536231884058 0.05091649694501019 0.08695652173913043