1 0.4146825396825397 0.400352733686067 0.016865079365079364 0.026455026455026454
1 0.43898809523809523 0.3985890652557319 0.01636904761904762 0.025573192239858905
1 0.4459325396825397 0.3924162257495591 0.013392857142857142 0.025573192239858905
1 0.45982142857142855 0.3968253968253968 0.015873015873015872 0.024691358024691357
1 0.47371031746031744 0.38271604938271603 0.014384920634920634 0.023809523809523808
1 0.4935515873015873 0.373015873015873 0.013888888888888888 0.024691358024691357
1 0.5133928571428571 0.36243386243386244 0.00744047619047619 0.020282186948853614
1 0.5243055555555556 0.35185185185185186 0.011408730158730158 0.018518518518518517
1 0.5357142857142857 0.3439153439153439 0.010912698412698412 0.01763668430335097
1 0.5401785714285714 0.3333333333333333 0.010416666666666666 0.01675485008818342
1 0.2941468253968254 0.47619047619047616 0.023313492063492064 0.03968253968253968
1 0.2698412698412698 0.5035273368606702 0.02628968253968254 0.04056437389770723
1 0.22172619047619047 0.5343915343915344 0.031746031746031744 0.04673721340388007
1 0.1572420634920635 0.5599647266313933 0.03571428571428571 0.04938271604938271
1 0.06101190476190476 0.5379188712522046 0.03869047619047619 0.04938271604938271
1 0.017609126984126984 0.513668430335097 0.03521825396825397 0.043209876543209874
0 0.6378968253968254 0.36507936507936506 0.013392857142857142 0.01763668430335097
0 0.6408730158730159 0.3783068783068783 0.013392857142857142 0.01763668430335097
0 0.6334325396825397 0.3932980599647266 0.014384920634920634 0.021164021164021163
0 0.5942460317460317 0.40828924162257496 0.015376984126984126 0.024691358024691357
0 0.5699404761904762 0.41975308641975306 0.016865079365079364 0.027336860670194002
0 0.5466269841269841 0.4382716049382716 0.019345238095238096 0.0291005291005291
0 0.5396825396825397 0.427689594356261 0.015873015873015872 0.025573192239858905
0 0.5252976190476191 0.4329805996472663 0.01636904761904762 0.02821869488536155
0 0.5114087301587301 0.42680776014109345 0.014384920634920634 0.023809523809523808
0 0.44146825396825395 0.5679012345679012 0.026785714285714284 0.047619047619047616
0 0.39732142857142855 0.5564373897707231 0.028273809523809524 0.04585537918871252
0 0.3834325396825397 0.5405643738977073 0.02628968253968254 0.04409171075837742
0 0.4107142857142857 0.5361552028218695 0.023809523809523808 0.03968253968253968
0 0.12624007936507936 0.9722222222222222 0.07390873015873016 0.05555555555555555
0 0.23412698412698413 0.8897707231040565 0.05853174603174603 0.09964726631393298
0 0.30853174603174605 0.7954144620811288 0.0496031746031746 0.08465608465608465