0 0.4346758349705305 0.38045375218150085 0.01768172888015717 0.030541012216404886
0 0.4111001964636542 0.393542757417103 0.02013752455795678 0.030541012216404886
0 0.3840864440078585 0.4144851657940663 0.02455795677799607 0.04013961605584642
0 0.3570726915520629 0.4293193717277487 0.025540275049115914 0.04101221640488656
0 0.32269155206286837 0.4476439790575916 0.0275049115913556 0.04363001745200698
0 0.2907662082514735 0.4825479930191972 0.03388998035363458 0.0506108202443281
0 0.25098231827111983 0.5226876090750436 0.03683693516699411 0.05759162303664921
0 0.26473477406679763 0.581151832460733 0.04960707269155206 0.07417102966841187
0 0.32220039292730845 0.606457242582897 0.05353634577603143 0.0881326352530541
0 0.3993123772102161 0.62478184991274 0.054027504911591355 0.08900523560209424
0 0.8305500982318271 0.6509598603839442 0.07072691552062868 0.10383944153577661
0 0.7544204322200393 0.5846422338568935 0.05550098231827112 0.08726003490401396
0 0.74950884086444 0.5471204188481675 0.04911591355599214 0.05759162303664921
0 0.7981335952848723 0.5732984293193717 0.05009823182711198 0.07678883071553229
1 0.7274066797642437 0.456369982547993 0.03536345776031434 0.053228621291448515
1 0.6733791748526523 0.4581151832460733 0.032907662082514735 0.05410122164048865
1 0.6090373280943026 0.450261780104712 0.030451866404715127 0.0506108202443281
1 0.5569744597249509 0.44153577661431065 0.029469548133595286 0.04275741710296684
1 0.5392927308447937 0.4083769633507853 0.022102161100196464 0.03228621291448516
1 0.5569744597249509 0.393542757417103 0.02013752455795678 0.031413612565445025
1 0.5633595284872298 0.38132635253054104 0.01719056974459725 0.02530541012216405
1 0.5643418467583498 0.36910994764397903 0.01669941060903733 0.020942408376963352
1 0.56286836935167 0.36038394415357766 0.015717092337917484 0.01832460732984293
1 0.5923379174852652 0.33507853403141363 0.011296660117878193 0.017452006980802792
1 0.611984282907662 0.3411867364746946 0.011296660117878193 0.019197207678883072
1 0.6247544204322201 0.34554973821989526 0.013261296660117878 0.02181500872600349
1 0.6370333988212181 0.3472949389179756 0.01424361493123772 0.02006980802792321