0 0.39859762675296656 0.5921305182341651 0.018878101402373247 0.0345489443378119
0 0.40668824163969797 0.6381957773512476 0.018878101402373247 0.03934740882917467
0 0.41963322545846815 0.690978886756238 0.02481121898597627 0.04798464491362764
0 0.42880258899676377 0.7437619961612284 0.02535059331175836 0.04990403071017274
0 0.4401294498381877 0.8109404990403071 0.02696871628910464 0.053742802303262956
0 0.4617044228694714 0.8733205374280231 0.03128371089536138 0.06621880998080615
0 0.48651564185544766 0.9510556621880998 0.03559870550161812 0.07197696737044146
0 0.5226537216828478 0.9241842610364683 0.04584681769147789 0.09692898272552783
0 0.5382955771305286 0.8119001919385797 0.05447680690399137 0.10460652591170826
0 0.5496224379719525 0.6612284069097889 0.05501618122977346 0.10556621880998081
0 0.5016181229773463 0.012476007677543186 0.03559870550161812 0.02495201535508637
1 0.4452535059331176 0.027351247600767754 0.03290183387270766 0.05470249520153551
1 0.44660194174757284 0.1257197696737044 0.03344120819848975 0.06429942418426103
1 0.441747572815534 0.2514395393474088 0.03128371089536138 0.05950095969289827
1 0.43635382955771307 0.3531669865642994 0.026429341963322545 0.05758157389635317
1 0.41585760517799353 0.3877159309021113 0.019956850053937433 0.04318618042226487
1 0.40668824163969797 0.3531669865642994 0.019417475728155338 0.03934740882917467
1 0.39913700107874867 0.34069097888675626 0.01564185544768069 0.03358925143953935
1 0.39158576051779936 0.33877159309021115 0.012944983818770227 0.03262955854126679
1 0.3861920172599784 0.3416506717850288 0.011326860841423949 0.030710172744721688
1 0.3705501618122977 0.2840690978886756 0.010787486515641856 0.022072936660268713
1 0.3743257820927724 0.2456813819577735 0.011866235167206042 0.022072936660268713
1 0.37702265372168287 0.22072936660268713 0.01348435814455232 0.025911708253358926
1 0.378101402373247 0.1967370441458733 0.012405609492988134 0.02783109404990403