0 0.43603515625 0.3819444444444444 0.017578125 0.030381944444444444
0 0.41259765625 0.3949652777777778 0.02001953125 0.030381944444444444
0 0.3857421875 0.4157986111111111 0.0244140625 0.03993055555555555
0 0.35888671875 0.4305555555555556 0.025390625 0.04079861111111111
0 0.32470703125 0.4487847222222222 0.02734375 0.043402777777777776
0 0.29296875 0.4835069444444444 0.03369140625 0.050347222222222224
0 0.25341796875 0.5234375 0.03662109375 0.057291666666666664
0 0.26708984375 0.5815972222222222 0.04931640625 0.07378472222222222
0 0.32421875 0.6067708333333334 0.05322265625 0.0876736111111111
0 0.40087890625 0.625 0.0537109375 0.08854166666666667
0 0.82958984375 0.6510416666666666 0.0703125 0.1032986111111111
0 0.75390625 0.5850694444444444 0.05517578125 0.08680555555555555
0 0.7490234375 0.5477430555555556 0.048828125 0.057291666666666664
0 0.79736328125 0.5737847222222222 0.0498046875 0.0763888888888889
1 0.72705078125 0.4574652777777778 0.03515625 0.05295138888888889
1 0.67333984375 0.4592013888888889 0.03271484375 0.05381944444444445
1 0.609375 0.4513888888888889 0.0302734375 0.050347222222222224
1 0.5576171875 0.4427083333333333 0.029296875 0.042534722222222224
1 0.5400390625 0.4097222222222222 0.02197265625 0.03211805555555555
1 0.5576171875 0.3949652777777778 0.02001953125 0.03125
1 0.56396484375 0.3828125 0.01708984375 0.025173611111111112
1 0.56494140625 0.3706597222222222 0.0166015625 0.020833333333333332
1 0.5634765625 0.3619791666666667 0.015625 0.018229166666666668
1 0.5927734375 0.3368055555555556 0.01123046875 0.017361111111111112
1 0.6123046875 0.3428819444444444 0.01123046875 0.019097222222222224
1 0.625 0.3472222222222222 0.01318359375 0.021701388888888888
1 0.63720703125 0.3489583333333333 0.01416015625 0.019965277777777776