0 0.5804721030042919 0.05 0.07081545064377683 0.1
0 0.5906652360515021 0.14 0.07027896995708155 0.14095238095238094
0 0.5643776824034334 0.16380952380952382 0.06062231759656652 0.13142857142857142
1 0.4796137339055794 0.24095238095238095 0.043991416309012876 0.08857142857142856
1 0.486587982832618 0.38761904761904764 0.046137339055793994 0.09238095238095238
1 0.48605150214592274 0.5752380952380952 0.04560085836909871 0.08761904761904762
1 0.4796137339055794 0.7390476190476191 0.04452789699570815 0.08857142857142856
1 0.4501072961373391 0.7847619047619048 0.038090128755364806 0.07333333333333333
1 0.43508583690987124 0.7438095238095238 0.03594420600858369 0.06285714285714286
1 0.421137339055794 0.7219047619047619 0.02736051502145923 0.05619047619047619
1 0.40987124463519314 0.7152380952380952 0.02521459227467811 0.054285714285714284
1 0.39914163090128757 0.7295238095238096 0.0203862660944206 0.047619047619047616
1 0.37553648068669526 0.6266666666666667 0.018240343347639486 0.0380952380952381
1 0.3803648068669528 0.5838095238095238 0.018240343347639486 0.03619047619047619
1 0.38358369098712447 0.5561904761904762 0.018776824034334765 0.03428571428571429
1 0.388412017167382 0.5276190476190477 0.02092274678111588 0.040952380952380955