0 0.10416666666666667 0.3509259259259259 0.03802083333333333 0.05185185185185185
0 0.052083333333333336 0.3824074074074074 0.04479166666666667 0.058333333333333334
0 0.04140625 0.8541666666666666 0.0828125 0.18981481481481483
0 0.8088541666666667 0.6972222222222222 0.09270833333333334 0.1398148148148148
0 0.7234375 0.6259259259259259 0.06979166666666667 0.12222222222222222
0 0.6666666666666666 0.6435185185185185 0.07708333333333334 0.12129629629629629
0 0.6536458333333334 0.5981481481481481 0.071875 0.10462962962962963
1 0.99453125 0.43796296296296294 0.0109375 0.06111111111111111
1 0.6114583333333333 0.45185185185185184 0.0484375 0.07592592592592592
1 0.53125 0.4638888888888889 0.050520833333333334 0.07962962962962963
1 0.42864583333333334 0.46296296296296297 0.04791666666666667 0.0787037037037037
1 0.3390625 0.45185185185185184 0.0484375 0.07685185185185185
1 0.3140625 0.4009259259259259 0.04010416666666667 0.06574074074074074
1 0.33645833333333336 0.375 0.034375 0.062037037037037036
1 0.3484375 0.3509259259259259 0.030729166666666665 0.04722222222222222
1 0.35208333333333336 0.3314814814814815 0.0296875 0.04351851851851852
1 0.34427083333333336 0.31296296296296294 0.026041666666666668 0.03518518518518519
1 0.4005208333333333 0.2722222222222222 0.020833333333333332 0.03148148148148148
1 0.4239583333333333 0.28055555555555556 0.019791666666666666 0.03148148148148148
1 0.4390625 0.2861111111111111 0.01875 0.032407407407407406
1 0.4546875 0.29444444444444445 0.022395833333333334 0.03611111111111111