1 0.5417095777548918 0.5054945054945055 0.03141091658084449 0.06776556776556776
1 0.5411946446961895 0.6089743589743589 0.03244078269824923 0.06593406593406594
1 0.544799176107106 0.6428571428571429 0.029866117404737384 0.046703296703296704
1 0.53913491246138 0.6923076923076923 0.035015447991761074 0.06593406593406594
1 0.5499485066941298 0.7728937728937729 0.029866117404737384 0.057692307692307696
1 0.5525231719876416 0.891941391941392 0.029866117404737384 0.06227106227106227
1 0.5579299691040165 0.9839743589743589 0.02729145211122554 0.03205128205128205
0 0.3903192584963955 0.18681318681318682 0.07878475798146241 0.152014652014652
0 0.4083419155509784 0.05128205128205128 0.06591143151390319 0.10256410256410256
0 0.4966529351184346 0.978021978021978 0.040679711637487126 0.04395604395604396
0 0.4938208032955716 0.923992673992674 0.040679711637487126 0.08791208791208792
0 0.5005149330587023 0.8498168498168498 0.040679711637487126 0.08058608058608059