1 0.5432790224032586 0.4583333333333333 0.031059063136456212 0.06702898550724638
1 0.5427698574338086 0.5606884057971014 0.03207739307535642 0.06521739130434782
1 0.5463340122199593 0.5942028985507246 0.029531568228105907 0.04619565217391304
1 0.5407331975560081 0.6431159420289855 0.034623217922606926 0.06521739130434782
1 0.5514256619144603 0.7228260869565217 0.029531568228105907 0.057065217391304345
1 0.5539714867617108 0.8405797101449275 0.029531568228105907 0.06159420289855073
1 0.5595723014256619 0.9456521739130435 0.0269857433808554 0.058876811594202896
0 0.3935845213849287 0.1431159420289855 0.07790224032586558 0.1503623188405797
0 0.41140529531568226 0.029891304347826088 0.06517311608961303 0.059782608695652176
0 0.4875254582484725 0.9746376811594203 0.043279022403258656 0.050724637681159424
0 0.4989816700610998 0.9420289855072463 0.040224032586558045 0.07518115942028986
0 0.4959266802443992 0.8722826086956522 0.040224032586558045 0.08695652173913043
0 0.5025458248472505 0.7989130434782609 0.040224032586558045 0.07971014492753623