1 0.5533049040511727 0.07623106060606061 0.0906183368869936 0.15246212121212122
1 0.5437100213219617 0.4346590909090909 0.08901918976545842 0.16950757575757575
1 0.5330490405117271 0.7537878787878788 0.08368869936034115 0.17045454545454544
1 0.47388059701492535 0.8579545454545454 0.07462686567164178 0.14393939393939395
1 0.43710021321961623 0.7509469696969697 0.06023454157782516 0.12121212121212122
1 0.4088486140724947 0.6931818181818182 0.0511727078891258 0.10984848484848485
1 0.38699360341151384 0.6865530303030303 0.03891257995735608 0.10416666666666667
1 0.3720682302771855 0.7291666666666666 0.04211087420042644 0.08712121212121213
1 0.31823027718550106 0.53125 0.03304904051172708 0.07386363636363637
1 0.32782515991471217 0.4441287878787879 0.03411513859275053 0.07291666666666667
1 0.3336886993603412 0.3740530303030303 0.03891257995735608 0.06912878787878787
1 0.34168443496801704 0.30303030303030304 0.03624733475479744 0.07386363636363637