1 0.578125 0.14537037037037037 0.08854166666666667 0.17037037037037037
1 0.56875 0.5064814814814815 0.08697916666666666 0.16574074074074074
1 0.5583333333333333 0.8185185185185185 0.08177083333333333 0.16666666666666666
1 0.5005208333333333 0.9203703703703704 0.07291666666666667 0.14074074074074075
1 0.46458333333333335 0.8157407407407408 0.058854166666666666 0.11851851851851852
1 0.43697916666666664 0.7592592592592593 0.05 0.10740740740740741
1 0.415625 0.7527777777777778 0.03802083333333333 0.10185185185185185
1 0.4010416666666667 0.7944444444444444 0.04114583333333333 0.08518518518518518
1 0.3484375 0.600925925925926 0.03229166666666667 0.07222222222222222
1 0.3578125 0.5157407407407407 0.03333333333333333 0.0712962962962963
1 0.36354166666666665 0.44722222222222224 0.03802083333333333 0.06759259259259259
1 0.37135416666666665 0.37777777777777777 0.035416666666666666 0.07222222222222222