0 0.94091796875 0.9501300954032957 0.1181640625 0.0997398091934085
0 0.904296875 0.9106678230702515 0.13427734375 0.17779705117085862
1 0.8369140625 0.608846487424111 0.09130859375 0.14137033824804857
1 0.68212890625 0.6244579358196011 0.08984375 0.1474414570685169
1 0.49169921875 0.608846487424111 0.08740234375 0.1448395490026019
1 0.3271484375 0.5915004336513443 0.087890625 0.13616652211621855
1 0.2734375 0.49522983521248914 0.07421875 0.12142237640936687
1 0.32861328125 0.43538594969644406 0.0625 0.09800520381613183
1 0.3583984375 0.38941890719861233 0.056640625 0.08326105810928014
1 0.36181640625 0.3538594969644406 0.0537109375 0.06331309627059845
1 0.33984375 0.3295750216825672 0.044921875 0.06851691240242845
1 0.44189453125 0.2419774501300954 0.0380859375 0.053772766695576756
1 0.48681640625 0.2575888985255854 0.03759765625 0.055507372072853424
1 0.52294921875 0.26712922810060713 0.03564453125 0.06331309627059845
1 0.5595703125 0.28013876843018215 0.0380859375 0.05897658282740677