1 0.5197233606557377 0.013205828779599272 0.03432377049180328 0.026411657559198543
1 0.5225409836065574 0.07650273224043716 0.033299180327868855 0.07194899817850638
1 0.5258709016393442 0.02459016393442623 0.033299180327868855 0.04918032786885246
1 0.5322745901639344 0.1557377049180328 0.027663934426229508 0.03460837887067395
1 0.5363729508196722 0.2786885245901639 0.02817622950819672 0.05919854280510018
1 0.5425204918032787 0.3797814207650273 0.02459016393442623 0.05191256830601093
1 0.5476434426229508 0.4599271402550091 0.02305327868852459 0.04918032786885246
1 0.5517418032786885 0.5355191256830601 0.022028688524590164 0.04553734061930783
1 0.5584016393442623 0.5519125683060109 0.0235655737704918 0.039162112932604735
0 0.48155737704918034 0.23041894353369763 0.0389344262295082 0.07741347905282331
0 0.4774590163934426 0.30510018214936246 0.040983606557377046 0.08105646630236794
0 0.48258196721311475 0.36429872495446264 0.03739754098360656 0.06648451730418943
0 0.47438524590163933 0.424408014571949 0.04252049180327869 0.08105646630236794
0 0.48616803278688525 0.5373406193078324 0.03790983606557377 0.07832422586520947
0 0.492827868852459 0.6830601092896175 0.03637295081967213 0.07194899817850638
0 0.5030737704918032 0.8788706739526412 0.031762295081967214 0.06648451730418943
0 0.5163934426229508 0.9262295081967213 0.025614754098360656 0.056466302367941715
0 0.5307377049180327 0.9280510018214936 0.019979508196721313 0.05373406193078324