0 0.61962890625 0.5842013888888888 0.142578125 0.2248263888888889
0 0.376953125 0.4809027777777778 0.12744140625 0.1831597222222222
0 0.248046875 0.4010416666666667 0.107421875 0.15885416666666666
0 0.10791015625 0.40625 0.1064453125 0.17447916666666666
0 0.193359375 0.3723958333333333 0.0849609375 0.1519097222222222
0 0.25439453125 0.3324652777777778 0.0849609375 0.1232638888888889
1 0.88818359375 0.3194444444444444 0.06005859375 0.1232638888888889
1 0.72021484375 0.2899305555555556 0.0908203125 0.1388888888888889
1 0.5615234375 0.2595486111111111 0.06396484375 0.11284722222222222
1 0.51708984375 0.2743055555555556 0.07666015625 0.12239583333333333
1 0.48583984375 0.24739583333333334 0.0625 0.1032986111111111
1 0.44677734375 0.2282986111111111 0.06005859375 0.10850694444444445
1 0.38623046875 0.041666666666666664 0.033203125 0.050347222222222224
1 0.267578125 0.05381944444444445 0.03466796875 0.050347222222222224
1 0.14111328125 0.06770833333333333 0.0341796875 0.059027777777777776
1 0.3056640625 0.051215277777777776 0.033203125 0.05295138888888889
1 0.32275390625 0.04513888888888889 0.0244140625 0.049479166666666664
1 0.06591796875 0.07552083333333333 0.02685546875 0.059895833333333336
1 0.0068359375 0.08333333333333333 0.01318359375 0.059027777777777776