0 0.61962890625 0.5836947094535994 0.142578125 0.2246313963573287
0 0.376953125 0.48048568950563747 0.12744140625 0.18300086730268864
0 0.248046875 0.4006938421509107 0.107421875 0.15871639202081528
0 0.10791015625 0.40589765828274066 0.1064453125 0.17432784041630528
0 0.193359375 0.3720728534258456 0.0849609375 0.15177797051170858
0 0.25439453125 0.33217692974848223 0.0849609375 0.12315698178664354
1 0.88818359375 0.3191673894189072 0.06005859375 0.12315698178664354
1 0.72021484375 0.2896790980052038 0.0908203125 0.13876843018213356
1 0.5615234375 0.2593235039028621 0.06396484375 0.11274934952298352
1 0.51708984375 0.2740676496097138 0.07666015625 0.1222896790980052
1 0.48583984375 0.2471812662619254 0.0625 0.10320901994796183
1 0.44677734375 0.22810060711188204 0.06005859375 0.10841283607979185
1 0.38623046875 0.04163052905464007 0.033203125 0.05030355594102342
1 0.267578125 0.053772766695576756 0.03466796875 0.05030355594102342
1 0.14111328125 0.06764960971379011 0.0341796875 0.05897658282740677
1 0.3056640625 0.05117085862966175 0.033203125 0.05290546400693842
1 0.32275390625 0.045099739809193407 0.0244140625 0.049436253252385085
1 0.06591796875 0.07545533391153512 0.02685546875 0.0598438855160451
1 0.0068359375 0.08326105810928014 0.01318359375 0.05897658282740677