1 0.46142578125 0.3958333333333333 0.01123046875 0.015625
1 0.44189453125 0.3984375 0.0107421875 0.016493055555555556
1 0.43115234375 0.3993055555555556 0.0107421875 0.015625
1 0.41552734375 0.4010416666666667 0.01123046875 0.016493055555555556
1 0.38671875 0.4053819444444444 0.00927734375 0.018229166666666668
1 0.36767578125 0.4097222222222222 0.01318359375 0.016493055555555556
1 0.34423828125 0.4123263888888889 0.0146484375 0.018229166666666668
1 0.3154296875 0.4175347222222222 0.0146484375 0.019965277777777776
1 0.28662109375 0.4227430555555556 0.0146484375 0.020833333333333332
1 0.275390625 0.4348958333333333 0.0185546875 0.025173611111111112
1 0.26171875 0.4314236111111111 0.01611328125 0.025173611111111112
1 0.3017578125 0.4375 0.01904296875 0.027777777777777776
1 0.3330078125 0.4357638888888889 0.02001953125 0.028645833333333332
1 0.501953125 0.453125 0.02392578125 0.033854166666666664
1 0.4912109375 0.4479166666666667 0.017578125 0.035590277777777776
1 0.47998046875 0.4427083333333333 0.01708984375 0.03125
1 0.515625 0.4505208333333333 0.0205078125 0.03732638888888889
1 0.56494140625 0.4565972222222222 0.025390625 0.042534722222222224
1 0.61962890625 0.4609375 0.02099609375 0.043402777777777776
1 0.7001953125 0.4670138888888889 0.03271484375 0.04600694444444445
1 0.78466796875 0.4722222222222222 0.037109375 0.04861111111111111
1 0.888671875 0.4765625 0.0439453125 0.051215277777777776
1 0.9853515625 0.4809027777777778 0.02880859375 0.057291666666666664
0 0.28662109375 0.4097222222222222 0.01171875 0.013888888888888888
0 0.25244140625 0.4175347222222222 0.01416015625 0.021701388888888888
0 0.21044921875 0.4236111111111111 0.01708984375 0.022569444444444444
0 0.17919921875 0.4262152777777778 0.01806640625 0.026041666666666668
0 0.14306640625 0.4314236111111111 0.01953125 0.024305555555555556
0 0.0908203125 0.4409722222222222 0.02392578125 0.029513888888888888
0 0.16259765625 0.4704861111111111 0.0322265625 0.04079861111111111
0 0.04248046875 0.4453125 0.01904296875 0.025173611111111112
0 0.03759765625 0.4661458333333333 0.0302734375 0.035590277777777776
0 0.01708984375 0.4609375 0.02587890625 0.03211805555555555
0 0.19873046875 0.4592013888888889 0.01953125 0.0390625
0 0.2158203125 0.4626736111111111 0.02587890625 0.03993055555555555
0 0.2236328125 0.4513888888888889 0.017578125 0.024305555555555556
0 0.36767578125 0.4947916666666667 0.033203125 0.049479166666666664
0 0.39794921875 0.484375 0.02685546875 0.044270833333333336
0 0.4189453125 0.4930555555555556 0.033203125 0.051215277777777776
0 0.41943359375 0.4696180555555556 0.025390625 0.026041666666666668
0 0.4599609375 0.5130208333333334 0.03955078125 0.059027777777777776
0 0.5361328125 0.5399305555555556 0.046875 0.07378472222222222
0 0.73046875 0.6180555555555556 0.0751953125 0.11458333333333333
0 0.96533203125 0.6440972222222222 0.0693359375 0.11805555555555555