1 0.4482942430703625 0.6527514231499051 0.009594882729211088 0.021821631878557873
1 0.44989339019189767 0.6907020872865275 0.010127931769722815 0.020872865275142316
1 0.4504264392324094 0.7115749525616698 0.009594882729211088 0.020872865275142316
1 0.45149253731343286 0.7419354838709677 0.010127931769722815 0.021821631878557873
1 0.4541577825159915 0.7979127134724858 0.011194029850746268 0.018026565464895637
1 0.4568230277185501 0.8349146110056926 0.010127931769722815 0.025616698292220113
1 0.4584221748400853 0.8804554079696395 0.011194029850746268 0.028462998102466792
1 0.4616204690831556 0.9364326375711575 0.012260127931769723 0.028462998102466792
1 0.464818763326226 0.9890891840607211 0.01279317697228145 0.021821631878557873
1 0.47388059701492535 0.9629981024667932 0.017057569296375266 0.03700189753320683
1 0.4728144989339019 0.9022770398481973 0.017590618336886993 0.03889943074003795
1 0.48347547974413646 0.5740037950664136 0.020788912579957356 0.046489563567362426
1 0.4802771855010661 0.594876660341556 0.02185501066098081 0.03415559772296015
1 0.47707889125799574 0.6166982922201139 0.019189765458422176 0.03320683111954459
1 0.48187633262260127 0.547438330170778 0.022921108742004266 0.03984819734345351
1 0.48560767590618337 0.45161290322580644 0.026119402985074626 0.04933586337760911
1 0.488272921108742 0.34535104364326374 0.026652452025586353 0.04079696394686907
1 0.4920042643923241 0.1888045540796964 0.028251599147121536 0.0635673624288425
1 0.4952025586353945 0.030360531309297913 0.029850746268656716 0.06072106261859583
0 0.4568230277185501 0.9905123339658444 0.008528784648187633 0.018975332068311195
0 0.5090618336886994 0.8349146110056926 0.030383795309168442 0.06451612903225806
0 0.5026652452025586 0.7760910815939279 0.027185501066098083 0.05218216318785579
0 0.5079957356076759 0.7352941176470589 0.0314498933901919 0.06451612903225806
0 0.4936034115138593 0.7343453510436433 0.015991471215351813 0.04933586337760911
0 0.5202558635394456 0.6555977229601518 0.03624733475479744 0.07685009487666034
0 0.5367803837953091 0.5075901328273245 0.0453091684434968 0.09108159392789374
0 0.5847547974413646 0.12998102466793168 0.07036247334754797 0.1461100569259962