1 0.46218074656188607 0.393542757417103 0.011296660117878193 0.015706806282722512
1 0.4425343811394892 0.3961605584642234 0.010805500982318271 0.016579406631762654
1 0.4317288801571709 0.3970331588132635 0.010805500982318271 0.015706806282722512
1 0.41601178781925346 0.3987783595113438 0.011296660117878193 0.016579406631762654
1 0.38703339882121807 0.4031413612565445 0.009332023575638507 0.01832460732984293
1 0.36787819253438114 0.4075043630017452 0.013261296660117878 0.016579406631762654
1 0.3443025540275049 0.41012216404886565 0.014734774066797643 0.01832460732984293
1 0.3153241650294695 0.41535776614310643 0.014734774066797643 0.02006980802792321
1 0.2863457760314342 0.4205933682373473 0.014734774066797643 0.020942408376963352
1 0.275049115913556 0.4328097731239092 0.018664047151277015 0.02530541012216405
1 0.26129666011787817 0.4293193717277487 0.016208251473477406 0.02530541012216405
1 0.30157170923379173 0.4354275741710297 0.019155206286836934 0.027923211169284468
1 0.3330058939096267 0.4336823734729494 0.02013752455795678 0.028795811518324606
1 0.5029469548133595 0.4511343804537522 0.02406679764243615 0.034031413612565446
1 0.49214145383104124 0.44589877835951136 0.01768172888015717 0.03577661431064572
1 0.4808447937131631 0.4406631762652705 0.01719056974459725 0.031413612565445025
1 0.5166994106090373 0.44851657940663175 0.0206286836935167 0.037521815008726006
1 0.5663064833005894 0.45462478184991273 0.025540275049115914 0.04275741710296684
1 0.6213163064833006 0.45898778359511344 0.02111984282907662 0.04363001745200698
1 0.7023575638506876 0.4650959860383944 0.032907662082514735 0.0462478184991274
1 0.787328094302554 0.47033158813263526 0.03732809430255403 0.04886561954624782
1 0.8919449901768173 0.47469458987783597 0.04420432220039293 0.05148342059336824
1 0.9872298624754421 0.4790575916230366 0.025540275049115914 0.05759162303664921
0 0.2863457760314342 0.4075043630017452 0.011787819253438114 0.013961605584642234
0 0.25196463654223966 0.41535776614310643 0.01424361493123772 0.02181500872600349
0 0.20972495088408644 0.4214659685863874 0.01719056974459725 0.02268760907504363
0 0.17829076620825146 0.42408376963350786 0.018172888015717092 0.02617801047120419
0 0.14194499017681728 0.4293193717277487 0.019646365422396856 0.02443280977312391
0 0.0893909626719057 0.4389179755671902 0.02406679764243615 0.029668411867364748
0 0.16159135559921414 0.468586387434555 0.03241650294695481 0.04101221640488656
0 0.04076620825147348 0.4432809773123909 0.019155206286836934 0.02530541012216405
0 0.03585461689587426 0.4642233856893543 0.030451866404715127 0.03577661431064572
0 0.015225933202357564 0.45898778359511344 0.026031434184675836 0.03228621291448516
0 0.19793713163064833 0.4572425828970332 0.019646365422396856 0.03926701570680628
0 0.2151277013752456 0.4607329842931937 0.026031434184675836 0.04013961605584642
0 0.22298624754420432 0.4493891797556719 0.01768172888015717 0.02443280977312391
0 0.36787819253438114 0.4930191972076789 0.03339882121807466 0.049738219895287955
0 0.3983300589390963 0.4825479930191972 0.027013752455795677 0.04450261780104712
0 0.4194499017681729 0.4912739965095986 0.03339882121807466 0.05148342059336824
0 0.4199410609037328 0.4677137870855148 0.025540275049115914 0.02617801047120419
0 0.46070726915520627 0.5113438045375218 0.039783889980353634 0.059336823734729496
0 0.537328094302554 0.5383944153577661 0.047151277013752456 0.07417102966841187
0 0.7328094302554028 0.6169284467713787 0.0756385068762279 0.11518324607329843
0 0.9670923379174853 0.6431064572425829 0.06581532416502947 0.11867364746945899