1 0.5081967213114754 0.056466302367941715 0.03432377049180328 0.06648451730418943
1 0.5107581967213115 0.17759562841530055 0.03739754098360656 0.075591985428051
1 0.5148565573770492 0.33879781420765026 0.04047131147540984 0.08105646630236794
1 0.5742827868852459 0.22768670309653916 0.0507172131147541 0.1029143897996357
1 0.5655737704918032 0.39435336976320584 0.0471311475409836 0.09836065573770492
1 0.5189549180327869 0.48451730418943534 0.038422131147540985 0.075591985428051
1 0.5512295081967213 0.5163934426229508 0.0466188524590164 0.09107468123861566
1 0.5389344262295082 0.5965391621129326 0.04047131147540984 0.08743169398907104
0 0.49077868852459017 0.48360655737704916 0.030225409836065573 0.06739526411657559
0 0.4969262295081967 0.6384335154826958 0.03432377049180328 0.06648451730418943
0 0.5025614754098361 0.8306010928961749 0.03432377049180328 0.07012750455373407
0 0.5040983606557377 0.9617486338797814 0.036885245901639344 0.07650273224043716
0 0.6129610655737705 0.9685792349726776 0.061987704918032786 0.06284153005464481
0 0.5968237704918032 0.8715846994535519 0.05584016393442623 0.10473588342440801
0 0.6065573770491803 0.7859744990892532 0.06147540983606557 0.11566484517304189
0 0.5922131147540983 0.7513661202185792 0.048668032786885244 0.07741347905282331