1 0.99072265625 0.4778837814397225 0.01806640625 0.04856895056374675
1 0.974609375 0.4856895056374675 0.0361328125 0.05897658282740677
1 0.9306640625 0.48482220294882916 0.03662109375 0.055507372072853424
1 0.814453125 0.5013009540329575 0.0361328125 0.06418039895923677
1 0.74560546875 0.5030355594102341 0.03564453125 0.058109280138768434
1 0.6806640625 0.5073720728534259 0.04052734375 0.06331309627059845
1 0.59423828125 0.5143104943625325 0.04345703125 0.06851691240242845
1 0.65380859375 0.6149176062445794 0.05517578125 0.08586296617519515
1 0.564453125 0.6001734605377277 0.052734375 0.0797918473547268
1 0.51611328125 0.5212489158716392 0.04052734375 0.06504770164787511
1 0.4990234375 0.5758889852558543 0.048828125 0.07892454466608846
1 0.4560546875 0.5550737207285342 0.046875 0.06851691240242845
0 0.5166015625 0.4735472679965308 0.0361328125 0.05117085862966175
0 0.43359375 0.4839549002601908 0.03564453125 0.058109280138768434
0 0.33056640625 0.4934952298352125 0.03759765625 0.058109280138768434
0 0.259765625 0.49609713790112747 0.04150390625 0.062445793581960105
0 0.17626953125 0.49956634865568084 0.0419921875 0.06938421509106678
0 0.0859375 0.5169124024284475 0.046875 0.07632263660017347
0 0.2392578125 0.6808326105810928 0.06787109375 0.1049436253252385
0 0.00439453125 0.5273200346921075 0.0078125 0.06331309627059845
0 0.30859375 0.6530789245446661 0.05615234375 0.09453599306157849
0 0.3544921875 0.6695576756287944 0.06201171875 0.10407632263660017
0 0.373046875 0.645273200346921 0.04150390625 0.0823937554206418
0 0.81494140625 0.9336513443191674 0.107421875 0.1326973113616652
0 0.89111328125 0.9115351257588898 0.0869140625 0.14397224631396358
0 0.9453125 0.8742411101474414 0.08740234375 0.11101474414570685
0 0.946044921875 0.9466608846487424 0.10693359375 0.10667823070251518