1 0.4939209726443769 0.9333333333333333 0.033941236068895646 0.06576576576576576
1 0.49138804457953394 0.8135135135135135 0.036980749746707196 0.07477477477477477
1 0.48733535967578523 0.654054054054054 0.04002026342451875 0.08018018018018018
1 0.42857142857142855 0.7639639639639639 0.05015197568389058 0.1018018018018018
1 0.4371833839918946 0.5990990990990991 0.04660587639311044 0.0972972972972973
1 0.48328267477203646 0.5099099099099099 0.037993920972644375 0.07477477477477477
1 0.4513677811550152 0.4783783783783784 0.04609929078014184 0.09009009009009009
1 0.4635258358662614 0.3990990990990991 0.04002026342451875 0.08648648648648649
0 0.5111448834853091 0.5108108108108108 0.02988855116514691 0.06666666666666667
0 0.5050658561296859 0.35765765765765767 0.033941236068895646 0.06576576576576576
0 0.49949341438703143 0.16756756756756758 0.033941236068895646 0.06936936936936937
0 0.4979736575481256 0.03738738738738739 0.0364741641337386 0.07477477477477477
0 0.3898176291793313 0.03063063063063063 0.061296859169199594 0.06126126126126126
0 0.40628166160081053 0.12702702702702703 0.05521783181357649 0.1036036036036036
0 0.3966565349544073 0.21171171171171171 0.060790273556231005 0.11441441441441441
0 0.41084093211752787 0.24594594594594596 0.04812563323201621 0.07657657657657657