0 0.69921875 0.9254119687771032 0.12548828125 0.1491760624457936
0 0.5576171875 0.8308759757155247 0.103515625 0.17259323503902863
0 0.56103515625 0.7415437987857763 0.0869140625 0.12749349522983522
0 0.4970703125 0.7840416305290546 0.09228515625 0.15004336513443192
0 0.4013671875 0.805724197745013 0.1044921875 0.16045099739809193
0 0.15283203125 0.383347788378144 0.037109375 0.053772766695576756
0 0.0537109375 0.4006938421509107 0.03857421875 0.06418039895923677
1 0.68701171875 0.34778837814397223 0.033203125 0.055507372072853424
1 0.61572265625 0.3547267996530789 0.03125 0.05117085862966175
1 0.5830078125 0.35819601040763227 0.03369140625 0.05464006938421509
1 0.53125 0.3599306157849089 0.03271484375 0.05203816131830009
1 0.45556640625 0.38594969644405897 0.03076171875 0.055507372072853424
1 0.3876953125 0.3954900260190807 0.02587890625 0.05724197745013009
1 0.3232421875 0.40503035559410233 0.041015625 0.05897658282740677
1 0.23388671875 0.41283607979184733 0.04248046875 0.060711188204683436
1 0.158203125 0.4336513443191674 0.04345703125 0.0598438855160451
1 0.0927734375 0.47181266261925414 0.04736328125 0.07372072853425846
1 0.13720703125 0.48742411101474414 0.056640625 0.07892454466608846
1 0.20556640625 0.5073720728534259 0.05712890625 0.08065915004336513
1 0.296875 0.5134431916738942 0.056640625 0.08499566348655681
1 0.7548828125 0.603642671292281 0.06494140625 0.11014744145706852
1 0.79345703125 0.6313963573287077 0.06640625 0.10581092801387684
1 0.82666015625 0.6643538594969645 0.08154296875 0.1170858629661752
1 0.8720703125 0.6487424111014745 0.06689453125 0.11448395490026018