1 0.7193717277486911 0.5884543761638734 0.06387434554973823 0.09404096834264432
1 0.6225130890052356 0.5735567970204841 0.05863874345549738 0.09217877094972067
1 0.550261780104712 0.547486033519553 0.05602094240837696 0.0856610800744879
1 0.5104712041884817 0.5260707635009311 0.04869109947643979 0.08193668528864059
1 0.5743455497382199 0.49068901303538176 0.04554973821989529 0.06797020484171322
1 0.6486910994764398 0.47392923649906893 0.041884816753926704 0.06424581005586592
1 0.7429319371727748 0.4664804469273743 0.042408376963350786 0.06424581005586592
1 0.819371727748691 0.4618249534450652 0.03507853403141361 0.06052141527001862
1 0.8926701570680629 0.45344506517690875 0.04031413612565445 0.06424581005586592
1 0.9759162303664921 0.4236499068901304 0.026701570680628273 0.0595903165735568
0 0.56282722513089 0.4338919925512104 0.0387434554973822 0.055865921787709494
0 0.4680628272251309 0.44692737430167595 0.0387434554973822 0.0633147113594041
0 0.362303664921466 0.4581005586592179 0.042408376963350786 0.06517690875232775
0 0.2858638743455497 0.462756052141527 0.04293193717277487 0.06890130353817504
0 0.20680628272251309 0.46834264432029793 0.04607329842931937 0.06610800744878957
0 0.09214659685863874 0.4888268156424581 0.04764397905759162 0.06983240223463687
0 0.015183246073298429 0.5023277467411545 0.030366492146596858 0.07169459962756052
0 0.013350785340314137 0.5777467411545624 0.026701570680628273 0.09031657355679702
0 0.24712041884816754 0.648975791433892 0.07225130890052356 0.11080074487895716
0 0.34973821989528797 0.6303538175046555 0.05654450261780105 0.10614525139664804
0 0.39214659685863873 0.6508379888268156 0.06649214659685863 0.11266294227188083
0 0.41727748691099475 0.61731843575419 0.039790575916230364 0.08007448789571694
0 0.8602094240837697 0.9241154562383612 0.11518324607329843 0.15176908752327747
0 0.9568062827225131 0.910148975791434 0.08638743455497382 0.15549348230912477
0 0.9871727748691099 0.9464618249534451 0.025654450261780103 0.10707635009310987
0 0.9939790575916231 0.845903165735568 0.012041884816753926 0.07169459962756052