0 0.5110887096774194 0.46774193548387094 0.018649193548387098 0.027777777777777776
0 0.4627016129032258 0.4731182795698925 0.019153225806451613 0.02956989247311828
0 0.4122983870967742 0.47939068100358423 0.021169354838709676 0.034050179211469536
0 0.37600806451612906 0.4838709677419355 0.021169354838709676 0.03763440860215054
0 0.3377016129032258 0.48655913978494625 0.02217741935483871 0.03225806451612903
0 0.28276209677419356 0.49551971326164873 0.023689516129032258 0.034050179211469536
0 0.359375 0.5698924731182796 0.03377016129032258 0.0492831541218638
0 0.2404233870967742 0.5017921146953405 0.023185483870967742 0.034050179211469536
0 0.2162298387096774 0.5152329749103942 0.024193548387096774 0.036738351254480286
0 0.2242943548387097 0.5259856630824373 0.025201612903225805 0.03942652329749104
0 0.23941532258064516 0.5376344086021505 0.02469758064516129 0.042114695340501794
0 0.4092741935483871 0.5609318996415771 0.028225806451612902 0.0456989247311828
0 0.42943548387096775 0.5743727598566308 0.03024193548387097 0.056451612903225805
0 0.4410282258064516 0.557347670250896 0.017137096774193547 0.04121863799283154
0 0.6602822580645161 0.7087813620071685 0.05443548387096774 0.08333333333333333
0 0.7081653225806451 0.6944444444444444 0.046875 0.06989247311827956
0 0.7394153225806451 0.6765232974910395 0.04485887096774194 0.06362007168458782
0 0.7404233870967742 0.728494623655914 0.05846774193548387 0.08960573476702509
0 0.8190524193548387 0.8109318996415771 0.07409274193548387 0.11290322580645161
0 0.9679939516129032 0.9314516129032258 0.06401209677419355 0.13709677419354838