0 0.4812231759656652 0.37142857142857144 0.016630901287553648 0.035238095238095235
0 0.4844420600858369 0.46285714285714286 0.017703862660944206 0.03619047619047619
0 0.48819742489270385 0.5580952380952381 0.0203862660944206 0.04
0 0.49087982832618027 0.6266666666666667 0.022532188841201718 0.04
0 0.4924892703862661 0.699047619047619 0.019313304721030045 0.0419047619047619
0 0.4978540772532189 0.8028571428571428 0.0203862660944206 0.04476190476190476
0 0.5423819742489271 0.6580952380952381 0.029506437768240343 0.06380952380952382
0 0.5016094420600858 0.8828571428571429 0.0203862660944206 0.04380952380952381
0 0.509656652360515 0.9285714285714286 0.021995708154506438 0.045714285714285714
0 0.5160944206008584 0.9133333333333333 0.023605150214592276 0.047619047619047616
0 0.523068669527897 0.8847619047619047 0.02521459227467811 0.04666666666666667
0 0.5370171673819742 0.5638095238095238 0.02736051502145923 0.05333333333333334
0 0.5450643776824035 0.5257142857142857 0.03379828326180258 0.05714285714285714
0 0.5348712446351931 0.5038095238095238 0.02467811158798283 0.03238095238095238
0 0.6255364806866953 0.08952380952380952 0.049892703862660946 0.10285714285714286
0 0.6169527896995708 0.02142857142857143 0.04184549356223176 0.04285714285714286