0 0.642781875658588 0.7584269662921348 0.10484720758693361 0.1797752808988764
0 0.4125395152792413 0.650749063670412 0.08956796628029505 0.12734082397003746
0 0.2613277133825079 0.5636704119850188 0.08008429926238145 0.11235955056179775
0 0.23340358271865122 0.4653558052434457 0.04320337197049526 0.07677902621722846
0 0.22708113804004215 0.4250936329588015 0.051633298208640675 0.06835205992509363
0 0.23656480505795574 0.3960674157303371 0.038461538461538464 0.05711610486891386
0 0.2017913593256059 0.37734082397003743 0.038461538461538464 0.06367041198501873
0 0.2834562697576396 0.3792134831460674 0.02423603793466807 0.054307116104868915
0 0.23709167544783982 0.3661048689138577 0.03582718651211802 0.0299625468164794
0 0.11801896733403583 0.3211610486891386 0.029504741833508957 0.04588014981273408
0 0.14014752370916755 0.31647940074906367 0.026343519494204427 0.03838951310861423
0 0.10484720758693361 0.3155430711610487 0.023182297154899896 0.04400749063670412
0 0.05374077976817703 0.31741573033707865 0.03371970495258166 0.04681647940074907
0 0.0055321390937829295 0.27808988764044945 0.011064278187565859 0.035580524344569285
0 0.04794520547945205 0.2743445692883895 0.02792413066385669 0.03464419475655431
0 0.11327713382507903 0.27153558052434457 0.02423603793466807 0.033707865168539325
0 0.15384615384615385 0.2687265917602996 0.022655426765015807 0.035580524344569285
0 0.1928345626975764 0.2696629213483146 0.020021074815595362 0.031835205992509365
0 0.3061116965226554 0.2696629213483146 0.01685985247629083 0.02902621722846442
1 0.8877766069546892 0.5056179775280899 0.06322444678609063 0.09269662921348315
1 0.7518440463645943 0.46254681647940077 0.05374077976817703 0.07771535580524344
1 0.649104320337197 0.4344569288389513 0.04636459430979979 0.06928838951310862
1 0.5590094836670179 0.40823970037453183 0.04267650158061117 0.06647940074906367
1 0.5015806111696522 0.38764044943820225 0.038461538461538464 0.06179775280898876
1 0.45785036880927293 0.3707865168539326 0.0321390937829294 0.054307116104868915
1 0.4246575342465753 0.3707865168539326 0.03424657534246575 0.056179775280898875
1 0.4367755532139094 0.3529962546816479 0.023182297154899896 0.02902621722846442
1 0.44362486828240255 0.3389513108614232 0.022128556375131718 0.024344569288389514
1 0.29557428872497366 0.31086142322097376 0.0273972602739726 0.03838951310861423
1 0.23603793466807166 0.299625468164794 0.02423603793466807 0.03651685393258427
1 0.22760800842992623 0.29213483146067415 0.019494204425711276 0.03277153558052434
1 0.2845100105374078 0.28277153558052437 0.01738672286617492 0.031835205992509365
1 0.32349841938883034 0.2808988764044944 0.018967334035827187 0.0299625468164794
1 0.3672286617492097 0.27902621722846443 0.0184404636459431 0.028089887640449437
1 0.40727081138040044 0.27902621722846443 0.01791359325605901 0.026217228464419477
1 0.4473129610115911 0.2799625468164794 0.016332982086406742 0.0299625468164794
1 0.49631190727081137 0.2687265917602996 0.015279241306638568 0.02153558052434457
1 0.5216016859852476 0.2705992509363296 0.01422550052687039 0.02247191011235955
1 0.5421496311907271 0.2705992509363296 0.01422550052687039 0.023408239700374533
1 0.5874604847207587 0.2743445692883895 0.016332982086406742 0.02153558052434457