0 0.3788187372708758 0.7327898550724637 0.09775967413441955 0.1802536231884058
0 0.43737270875763745 0.33695652173913043 0.06924643584521385 0.1539855072463768
0 0.4847250509164969 0.0769927536231884 0.06109979633401222 0.13768115942028986
0 0.5381873727087576 0.03306159420289855 0.04175152749490835 0.0661231884057971
0 0.5598268839103869 0.03125 0.037169042769857434 0.0625
0 0.5758655804480651 0.034420289855072464 0.031059063136456212 0.0661231884057971
0 0.585030549898167 0.11503623188405797 0.029531568228105907 0.041666666666666664
0 0.5921588594704684 0.035326086956521736 0.016293279022403257 0.06159420289855073
0 0.6446028513238289 0.1539855072463768 0.015784114052953158 0.028985507246376812
1 0.539714867617108 0.9202898550724637 0.04226069246435845 0.09239130434782608
1 0.554989816700611 0.7436594202898551 0.03767820773930754 0.07971014492753623
1 0.5692464358452138 0.5887681159420289 0.03615071283095723 0.07336956521739131
1 0.5804480651731161 0.490036231884058 0.03360488798370672 0.0661231884057971
1 0.5896130346232179 0.4148550724637681 0.029531568228105907 0.0552536231884058
1 0.5896130346232179 0.35778985507246375 0.03054989816700611 0.058876811594202896
1 0.5992871690427699 0.3786231884057971 0.015784114052953158 0.03985507246376811
1 0.6069246435845214 0.3903985507246377 0.013238289205702648 0.03804347826086957
1 0.6221995926680245 0.1358695652173913 0.020875763747454174 0.04710144927536232
1 0.6283095723014257 0.03351449275362319 0.01985743380855397 0.041666666666666664
1 0.6323828920570265 0.019021739130434784 0.017820773930753563 0.03351449275362319
1 0.6374745417515275 0.11684782608695653 0.017311608961303463 0.029891304347826088
1 0.6384928716904277 0.1838768115942029 0.016293279022403257 0.03260869565217391
1 0.639511201629328 0.25905797101449274 0.015274949083503055 0.03170289855072464
1 0.639511201629328 0.3278985507246377 0.014256619144602852 0.030797101449275364
1 0.6390020366598778 0.3967391304347826 0.016293279022403257 0.028079710144927536
1 0.645112016293279 0.48097826086956524 0.011710794297352342 0.026268115942028984
1 0.6440936863543788 0.5244565217391305 0.012219959266802444 0.024456521739130436
1 0.6440936863543788 0.5597826086956522 0.012729124236252547 0.024456521739130436
1 0.6420570264765784 0.6376811594202898 0.011710794297352342 0.028079710144927536