0 0.9033203125 0.9045967042497832 0.12646484375 0.1899392888117953
0 0.62158203125 0.7658282740676496 0.08837890625 0.1474414570685169
0 0.4453125 0.6738941890719862 0.06884765625 0.10754553339115351
0 0.41357421875 0.5732870771899393 0.048828125 0.0797918473547268
0 0.39404296875 0.5316565481352992 0.04150390625 0.06678230702515178
0 0.4267578125 0.4891587163920208 0.02880859375 0.05724197745013009
0 0.3974609375 0.5021682567215958 0.0380859375 0.05117085862966175
0 0.3681640625 0.4856895056374675 0.03271484375 0.053772766695576756
0 0.3994140625 0.4744145706851691 0.029296875 0.026019080659150044
0 0.30419921875 0.4319167389418907 0.02099609375 0.0372940156114484
0 0.28466796875 0.4371205550737207 0.02587890625 0.0398959236773634
0 0.2763671875 0.42758022549869906 0.02001953125 0.03469210754553339
0 0.23486328125 0.4327840416305291 0.02587890625 0.0398959236773634
0 0.22021484375 0.3954900260190807 0.0185546875 0.031222896790980052
0 0.18212890625 0.40242844752818735 0.0234375 0.033824804856895055
0 0.1552734375 0.41803989592367735 0.017578125 0.03295750216825672
0 0.14697265625 0.4137033824804857 0.01806640625 0.031222896790980052
0 0.27294921875 0.391153512575889 0.01806640625 0.031222896790980052
0 0.3095703125 0.388551604509974 0.0107421875 0.027753686036426712
0 0.337890625 0.38594969644405897 0.0166015625 0.028620988725065046
0 0.39111328125 0.383347788378144 0.009765625 0.026886383347788378
0 0.43310546875 0.3790112749349523 0.01513671875 0.024284475281873375
1 0.6923828125 0.37033824804856896 0.01318359375 0.023417172593235037
1 0.6494140625 0.3686036426712923 0.0146484375 0.026019080659150044
1 0.625 0.3686036426712923 0.01318359375 0.0199479618386817
1 0.60205078125 0.3677363399826539 0.01123046875 0.020815264527320035
1 0.56103515625 0.38161318300086733 0.01513671875 0.02515177797051171
1 0.5244140625 0.3842150910667823 0.0166015625 0.022549869904596703
1 0.4892578125 0.3868169991326973 0.01708984375 0.023417172593235037
1 0.56201171875 0.47094535993061576 0.03125 0.04423243712055507
1 0.59228515625 0.4692107545533391 0.0283203125 0.05117085862966175
1 0.5703125 0.45446660884648743 0.02197265625 0.023417172593235037
1 0.57275390625 0.44232437120555074 0.02490234375 0.022549869904596703
1 0.6396484375 0.48829141370338247 0.0361328125 0.05637467476149176
1 0.69775390625 0.5082393755420642 0.0419921875 0.06851691240242845
1 0.79443359375 0.5333911535125759 0.04833984375 0.06938421509106678
1 0.91650390625 0.5689505637467476 0.05859375 0.08326105810928014