0 0.6557971014492754 0.2587476979742173 0.08799171842650104 0.16666666666666666
0 0.6009316770186336 0.5911602209944752 0.06418219461697723 0.1298342541436464
0 0.5408902691511387 0.651012891344383 0.047619047619047616 0.09208103130755065
0 0.5160455486542443 0.6878453038674033 0.03985507246376811 0.07826887661141804
0 0.4906832298136646 0.6261510128913443 0.034161490683229816 0.05432780847145488
0 0.4984472049689441 0.6813996316758748 0.030538302277432712 0.0718232044198895
0 0.4886128364389234 0.7366482504604052 0.032091097308488616 0.061694290976058934
0 0.48188405797101447 0.6777163904235728 0.015527950310559006 0.055248618784530384
0 0.45652173913043476 0.8572744014732965 0.022256728778467908 0.03959484346224678
0 0.45962732919254656 0.8941068139963168 0.023809523809523808 0.04880294659300184
0 0.45393374741200826 0.9097605893186004 0.020703933747412008 0.037753222836095765
0 0.45703933747412007 0.9815837937384899 0.023809523809523808 0.03683241252302026
0 0.43219461697722567 0.916206261510129 0.018633540372670808 0.03406998158379374
0 0.4306418219461698 0.8471454880294659 0.016563146997929608 0.020257826887661142
0 0.42908902691511386 0.7937384898710865 0.017080745341614908 0.03130755064456722
0 0.427536231884058 0.6933701657458563 0.016045548654244308 0.01841620626151013
0 0.4249482401656315 0.6141804788213628 0.014492753623188406 0.0285451197053407
1 0.4197722567287785 0.1252302025782689 0.013975155279503106 0.024861878453038673
1 0.41873706004140787 0.20626151012891344 0.015527950310559006 0.027624309392265192
1 0.41873706004140787 0.2523020257826888 0.011904761904761904 0.024861878453038673
1 0.41821946169772256 0.2955801104972376 0.012422360248447204 0.02117863720073665
1 0.42650103519668736 0.3729281767955801 0.015010351966873706 0.0285451197053407
1 0.4280538302277433 0.4419889502762431 0.013457556935817806 0.03130755064456722
1 0.42960662525879917 0.5082872928176796 0.013975155279503106 0.03222836095764273
1 0.4798136645962733 0.3710865561694291 0.026397515527950312 0.058931860036832415
1 0.4787784679089027 0.3139963167587477 0.030538302277432712 0.053406998158379376
1 0.4699792960662526 0.35543278084714547 0.013975155279503106 0.04143646408839779
1 0.46273291925465837 0.35082872928176795 0.013457556935817806 0.04696132596685083
1 0.4901656314699793 0.22467771639042358 0.03364389233954451 0.06813996316758748
1 0.5020703933747412 0.1151012891344383 0.04089026915113872 0.07918968692449356