0 0.6460732984293194 0.23743016759776536 0.08900523560209424 0.1685288640595903
0 0.5905759162303665 0.5735567970204841 0.06492146596858639 0.13128491620111732
0 0.5298429319371728 0.6340782122905028 0.048167539267015703 0.0931098696461825
0 0.5047120418848168 0.6713221601489758 0.04031413612565445 0.07914338919925512
0 0.4790575916230366 0.6089385474860335 0.03455497382198953 0.05493482309124767
0 0.4869109947643979 0.664804469273743 0.030890052356020943 0.07262569832402235
0 0.4769633507853403 0.7206703910614525 0.032460732984293195 0.06238361266294227
0 0.4701570680628272 0.6610800744878957 0.015706806282722512 0.055865921787709494
0 0.4445026178010471 0.8426443202979516 0.022513089005235604 0.04003724394785847
0 0.4476439790575916 0.8798882681564246 0.024083769633507852 0.049348230912476726
0 0.4418848167539267 0.8957169459962756 0.020942408376963352 0.038175046554934824
0 0.44502617801047123 0.9748603351955307 0.024083769633507852 0.049348230912476726
0 0.4225130890052356 0.9925512104283054 0.018848167539267015 0.0148975791433892
0 0.4198952879581152 0.9022346368715084 0.018848167539267015 0.03445065176908752
0 0.41832460732984295 0.8324022346368715 0.016753926701570682 0.020484171322160148
0 0.4167539267015707 0.7783985102420856 0.017277486910994764 0.03165735567970205
0 0.41518324607329843 0.6769087523277467 0.016230366492146597 0.0186219739292365
0 0.41256544502617803 0.5968342644320298 0.014659685863874346 0.028864059590316574
1 0.4073298429319372 0.10242085661080075 0.014136125654450262 0.025139664804469275
1 0.406282722513089 0.18435754189944134 0.015706806282722512 0.027932960893854747
1 0.406282722513089 0.2309124767225326 0.012041884816753926 0.025139664804469275
1 0.40575916230366493 0.2746741154562384 0.012565445026178011 0.021415270018621976
1 0.41413612565445024 0.35288640595903165 0.015183246073298429 0.028864059590316574
1 0.4157068062827225 0.4227188081936685 0.013612565445026177 0.03165735567970205
1 0.41727748691099475 0.4897579143389199 0.014136125654450262 0.032588454376163874
1 0.4680628272251309 0.351024208566108 0.026701570680628273 0.0595903165735568
1 0.46701570680628274 0.29329608938547486 0.030890052356020943 0.054003724394785846
1 0.4581151832460733 0.33519553072625696 0.014136125654450262 0.04189944134078212
1 0.45078534031413614 0.33054003724394787 0.013612565445026177 0.04748603351955307
1 0.47853403141361256 0.20297951582867785 0.034031413612565446 0.06890130353817504
1 0.4905759162303665 0.09217877094972067 0.041361256544502616 0.08007448789571694