0 0.6696522655426765 0.4934456928838951 0.11222339304531086 0.18726591760299627
0 0.4183350895679663 0.44288389513108617 0.09272918861959958 0.14606741573033707
0 0.2692307692307692 0.4147940074906367 0.07850368809272919 0.1254681647940075
0 0.24446786090621708 0.3548689138576779 0.03898840885142255 0.07209737827715355
0 0.23498419388830347 0.3398876404494382 0.04056902002107481 0.06554307116104868
0 0.21707060063224448 0.32397003745318353 0.038461538461538464 0.06928838951310862
0 0.2971548998946259 0.31835205992509363 0.030031612223393046 0.060861423220973786
0 0.25026343519494204 0.31179775280898875 0.026870389884088516 0.025280898876404494
0 0.25026343519494204 0.29868913857677903 0.026343519494204427 0.016853932584269662
0 0.08008429926238145 0.30430711610486894 0.029504741833508957 0.04868913857677903
0 0.07534246575342465 0.2799625468164794 0.02370916754478398 0.028089887640449437
0 0.14014752370916755 0.299625468164794 0.02897787144362487 0.04400749063670412
0 0.12644889357218125 0.29775280898876405 0.0184404636459431 0.0449438202247191
0 0.13645943097997892 0.27247191011235955 0.023182297154899896 0.025280898876404494
0 0.16174920969441517 0.29681647940074907 0.0273972602739726 0.042134831460674156
0 0.17702845100105374 0.27340823970037453 0.02054794520547945 0.03089887640449438
0 0.21496311907270813 0.2687265917602996 0.019494204425711276 0.03277153558052434
0 0.02845100105374078 0.28745318352059923 0.02423603793466807 0.03651685393258427
0 0.3219178082191781 0.2602996254681648 0.015279241306638568 0.027153558052434457
1 0.9293993677555321 0.32771535580524347 0.0690200210748156 0.09269662921348315
1 0.779768177028451 0.31835205992509363 0.05532139093782929 0.07865168539325842
1 0.6701791359325606 0.31179775280898875 0.045310853530031614 0.0702247191011236
1 0.5785036880927292 0.31086142322097376 0.04267650158061117 0.06741573033707865
1 0.5168598524762908 0.30430711610486894 0.040042149631190724 0.06179775280898876
1 0.6022128556375131 0.23782771535580524 0.014752370916754479 0.02247191011235955
1 0.5574288724973656 0.2406367041198502 0.016332982086406742 0.023408239700374533
1 0.535827186512118 0.24157303370786518 0.014752370916754479 0.020599250936329586
1 0.5115911485774499 0.24250936329588016 0.01422550052687039 0.020599250936329586
1 0.46153846153846156 0.25374531835205993 0.01685985247629083 0.023408239700374533
1 0.47102212855637515 0.2949438202247191 0.032665964172813484 0.04868913857677903
1 0.43782929399367754 0.30243445692883897 0.032665964172813484 0.052434456928838954
1 0.45100105374077976 0.28277153558052437 0.019494204425711276 0.023408239700374533
1 0.4220231822971549 0.25749063670411987 0.020021074815595362 0.0299625468164794
1 0.38198103266596417 0.2612359550561798 0.018967334035827187 0.031835205992509365
1 0.34088514225500527 0.2649812734082397 0.018967334035827187 0.0299625468164794
1 0.3119072708113804 0.2818352059925094 0.026343519494204427 0.035580524344569285
1 0.30031612223393045 0.26779026217228463 0.01791359325605901 0.02902621722846442
1 0.25447839831401475 0.27715355805243447 0.020021074815595362 0.03277153558052434
1 0.24446786090621708 0.2752808988764045 0.016332982086406742 0.03745318352059925
1 0.2850368809272919 0.27715355805243447 0.009483667017913594 0.028089887640449437