1 0.7727754237288136 0.9213747645951036 0.01694915254237288 0.05555555555555555
1 0.7764830508474576 0.8333333333333334 0.009533898305084746 0.05649717514124294
1 0.7711864406779662 0.6831450094161958 0.020127118644067795 0.059322033898305086
1 0.774364406779661 0.5357815442561206 0.013771186440677966 0.0583804143126177
1 0.7740995762711864 0.4053672316384181 0.014300847457627119 0.06308851224105462
1 0.7756885593220338 0.2537664783427495 0.011122881355932203 0.06308851224105462
1 0.7650953389830508 0.15583804143126176 0.0323093220338983 0.0800376647834275
1 0.7754237288135594 0.12005649717514125 0.011652542372881356 0.06497175141242938
1 0.7664194915254238 0.05696798493408663 0.029661016949152543 0.08192090395480225
1 0.7129237288135594 0.5131826741996234 0.055614406779661014 0.10922787193973635
1 0.708156779661017 0.6214689265536724 0.057203389830508475 0.11016949152542373
1 0.7277542372881356 0.5602636534839924 0.028601694915254237 0.06497175141242938
1 0.7351694915254238 0.6120527306967984 0.029661016949152543 0.06779661016949153
1 0.6922669491525424 0.783427495291902 0.06091101694915254 0.12052730696798493
1 0.670021186440678 0.9515065913370998 0.07097457627118645 0.09698681732580038
0 0.4179025423728814 0.8997175141242938 0.17372881355932204 0.20056497175141244
0 0.520656779661017 0.3333333333333333 0.1393008474576271 0.2740112994350282
0 0.7203389830508474 0.05037664783427495 0.059322033898305086 0.1007532956685499