1 0.23717277486910995 0.07635009310986965 0.02774869109947644 0.05493482309124767
1 0.23141361256544501 0.16387337057728119 0.024607329842931937 0.055865921787709494
1 0.2413612565445026 0.31191806331471134 0.025654450261780103 0.05865921787709497
1 0.2350785340314136 0.4581005586592179 0.025654450261780103 0.05772811918063315
1 0.23350785340314137 0.5870577281191807 0.02931937172774869 0.06238361266294227
1 0.2319371727748691 0.7369646182495344 0.02617801047120419 0.06238361266294227
1 0.24712041884816754 0.8333333333333334 0.03821989528795811 0.07914338919925512
1 0.23219895287958114 0.8691806331471136 0.026701570680628273 0.06424581005586592
1 0.24345549738219896 0.931098696461825 0.04031413612565445 0.08100558659217877
1 0.30157068062827225 0.48044692737430167 0.0549738219895288 0.10800744878957169
1 0.306282722513089 0.37337057728119183 0.05654450261780105 0.10893854748603352
1 0.2869109947643979 0.4338919925512104 0.028272251308900525 0.06424581005586592
1 0.27958115183246074 0.38268156424581007 0.02931937172774869 0.0670391061452514
1 0.3219895287958115 0.2132216014897579 0.060209424083769635 0.1191806331471136
1 0.34397905759162306 0.04748603351955307 0.07015706806282722 0.09497206703910614
0 0.5931937172774869 0.09869646182495345 0.17172774869109947 0.1973929236499069
0 0.49162303664921464 0.6582867783985102 0.13769633507853404 0.2709497206703911
0 0.2942408376963351 0.9441340782122905 0.05863874345549738 0.11173184357541899
0 0.22303664921465968 0.9492551210428305 0.008376963350785341 0.05493482309124767
0 0.22460732984293194 0.7830540037243948 0.011518324607329843 0.05027932960893855