0 0.6984897518878102 0.40325670498084293 0.07820927723840346 0.1360153256704981
0 0.761596548004315 0.26436781609195403 0.039913700107874865 0.22988505747126436
0 0.6618122977346278 0.4492337164750958 0.07713052858683926 0.1503831417624521
0 0.6305285868392665 0.4166666666666667 0.06580366774541532 0.13505747126436782
0 0.6127292340884574 0.39080459770114945 0.05771305285868392 0.10632183908045977
0 0.6040992448759439 0.4722222222222222 0.05393743257820928 0.10057471264367816
0 0.6148867313915858 0.24808429118773948 0.06580366774541532 0.06609195402298851
0 0.48759439050701187 0.20306513409961685 0.0296655879180151 0.05938697318007663
0 0.5016181229773463 0.5545977011494253 0.030744336569579287 0.06226053639846743
0 0.5075512405609492 0.6609195402298851 0.02912621359223301 0.0603448275862069
0 0.5124056094929881 0.7787356321839081 0.03344120819848975 0.05842911877394636
0 0.5199568500539374 0.9588122605363985 0.03128371089536138 0.06704980842911877
0 0.5539374325782093 0.8553639846743295 0.04584681769147789 0.0842911877394636
0 0.5625674217907227 0.7557471264367817 0.043149946062567425 0.08237547892720307
0 0.551779935275081 0.6934865900383141 0.038834951456310676 0.07662835249042145
0 0.5507011866235167 0.7739463601532567 0.034519956850053934 0.07088122605363985
1 0.49514563106796117 0.013409961685823755 0.032362459546925564 0.02681992337164751
1 0.4989212513484358 0.14367816091954022 0.030744336569579287 0.06513409961685823
1 0.5339805825242718 0.21839080459770116 0.037756202804746494 0.0871647509578544
1 0.5080906148867314 0.25766283524904215 0.032362459546925564 0.031609195402298854
1 0.5275080906148867 0.4224137931034483 0.034519956850053934 0.07375478927203065
1 0.5237324703344121 0.460727969348659 0.0372168284789644 0.05938697318007663