0 0.6158469945355192 0.7961165048543689 0.07759562841530054 0.1407766990291262
0 0.6950819672131148 0.9368932038834952 0.13114754098360656 0.1262135922330097
0 0.5896174863387978 0.7300970873786408 0.08579234972677596 0.13883495145631067
0 0.6081967213114754 0.6737864077669903 0.07704918032786885 0.11844660194174757
0 0.6229508196721312 0.641747572815534 0.060655737704918035 0.10388349514563107
0 0.5765027322404371 0.6262135922330098 0.05737704918032787 0.0970873786407767
0 0.7043715846994536 0.6456310679611651 0.03770491803278689 0.11844660194174757
0 0.7300546448087432 0.41650485436893203 0.033879781420765025 0.05339805825242718
0 0.5295081967213114 0.441747572815534 0.03551912568306011 0.05533980582524272
0 0.46885245901639344 0.4524271844660194 0.03442622950819672 0.05242718446601942
0 0.4016393442622951 0.46116504854368934 0.03333333333333333 0.06019417475728155
0 0.29890710382513663 0.4747572815533981 0.03825136612021858 0.05631067961165048
0 0.35792349726775957 0.5359223300970873 0.048087431693989074 0.0825242718446602
0 0.41475409836065574 0.5514563106796116 0.046994535519125684 0.07766990291262135
0 0.45027322404371584 0.5320388349514563 0.04371584699453552 0.06990291262135923
0 0.40437158469945356 0.5300970873786408 0.040437158469945354 0.062135922330097085
0 0.226775956284153 0.4893203883495146 0.03879781420765027 0.059223300970873784
0 0.18961748633879782 0.5262135922330097 0.040983606557377046 0.06601941747572816
0 0.16721311475409836 0.512621359223301 0.03114754098360656 0.05145631067961165
1 0.9590163934426229 0.5990291262135923 0.06939890710382514 0.10194174757281553
1 0.9792349726775956 0.5592233009708738 0.041530054644808745 0.05436893203883495
1 0.9937158469945355 0.5393203883495146 0.012568306010928962 0.05339805825242718
1 0.928415300546448 0.41941747572815535 0.0453551912568306 0.05825242718446602
1 0.8497267759562842 0.4300970873786408 0.03825136612021858 0.05825242718446602
1 0.7639344262295082 0.4368932038834951 0.03715846994535519 0.05533980582524272
1 0.7213114754098361 0.5 0.04972677595628415 0.06796116504854369
1 0.6989071038251367 0.4533980582524272 0.018032786885245903 0.05825242718446602
1 0.6049180327868853 0.4883495145631068 0.04207650273224044 0.062135922330097085
1 0.5830601092896175 0.4815533980582524 0.033879781420765025 0.06699029126213592