0 0.57470703125 0.7875108412836079 0.0693359375 0.12575888985255854
0 0.6455078125 0.9284475281873373 0.1171875 0.14310494362532525
0 0.55126953125 0.7285342584562012 0.07666015625 0.12402428447528187
0 0.56787109375 0.6782307025151778 0.06884765625 0.10581092801387684
0 0.5810546875 0.6496097137901128 0.05419921875 0.09280138768430182
0 0.53955078125 0.6357328707718994 0.05126953125 0.08673026886383348
0 0.65380859375 0.6530789245446661 0.03369140625 0.10581092801387684
0 0.6767578125 0.4483954900260191 0.0302734375 0.047701647875108416
0 0.49755859375 0.47094535993061576 0.03173828125 0.049436253252385085
0 0.443359375 0.48048568950563747 0.03076171875 0.046834345186470075
0 0.38330078125 0.48829141370338247 0.02978515625 0.053772766695576756
0 0.29150390625 0.5004336513443192 0.0341796875 0.05030355594102342
0 0.34423828125 0.5550737207285342 0.04296875 0.07372072853425846
0 0.39501953125 0.5689505637467476 0.0419921875 0.06938421509106678
0 0.4267578125 0.5516045099739809 0.0390625 0.062445793581960105
0 0.3857421875 0.5498699045967043 0.0361328125 0.055507372072853424
0 0.22705078125 0.5134431916738942 0.03466796875 0.05290546400693842
0 0.19384765625 0.546400693842151 0.03662109375 0.05897658282740677
0 0.173828125 0.5342584562012143 0.02783203125 0.04596704249783174
1 0.88134765625 0.611448395490026 0.06201171875 0.09106678230702515
1 0.9443359375 0.603642671292281 0.0625 0.08759757155247182
1 0.90234375 0.5758889852558543 0.04296875 0.04856895056374675
1 0.93212890625 0.5585429314830876 0.05078125 0.047701647875108416
1 0.935546875 0.4449262792714657 0.03759765625 0.05203816131830009
1 0.85400390625 0.45099739809193407 0.04052734375 0.05203816131830009
1 0.78369140625 0.4605377276669558 0.0341796875 0.05203816131830009
1 0.70703125 0.4666088464874241 0.033203125 0.049436253252385085
1 0.6689453125 0.5229835212489159 0.04443359375 0.060711188204683436
1 0.64892578125 0.4813529921942758 0.01611328125 0.05203816131830009
1 0.56494140625 0.5125758889852559 0.03759765625 0.055507372072853424
1 0.54541015625 0.5065047701647876 0.0302734375 0.0598438855160451