1 0.44543650793650796 0.05026455026455026 0.027777777777777776 0.059964726631393295
1 0.44543650793650796 0.19400352733686066 0.022817460317460316 0.048500881834215165
1 0.4459325396825397 0.29012345679012347 0.0248015873015873 0.05026455026455026
1 0.44543650793650796 0.3765432098765432 0.021825396825396824 0.048500881834215165
1 0.4632936507936508 0.5185185185185185 0.022817460317460316 0.04409171075837742
1 0.46726190476190477 0.6481481481481481 0.027281746031746032 0.06084656084656084
1 0.4712301587301587 0.7689594356261023 0.02628968253968254 0.06172839506172839
1 0.47767857142857145 0.8994708994708994 0.028769841269841268 0.0564373897707231
1 0.5086805555555556 0.9647266313932981 0.03422619047619048 0.07054673721340388
1 0.5545634920634921 0.5308641975308642 0.042162698412698416 0.09435626102292768
1 0.560515873015873 0.6305114638447972 0.04861111111111111 0.10582010582010581
1 0.5411706349206349 0.6014109347442681 0.030753968253968252 0.06790123456790123
1 0.5287698412698413 0.5440917107583775 0.03720238095238095 0.08024691358024691
1 0.5649801587301587 0.3421516754850088 0.05704365079365079 0.11375661375661375
1 0.5823412698412699 0.14638447971781304 0.05952380952380952 0.11992945326278659
0 0.4662698412698413 0.9541446208112875 0.027281746031746032 0.05202821869488536
0 0.769593253968254 0.6790123456790124 0.023313492063492064 0.20105820105820105