1 0.74169921875 0.39809193408499566 0.033203125 0.04856895056374675
1 0.662109375 0.39809193408499566 0.02685546875 0.0398959236773634
1 0.60888671875 0.398959236773634 0.02783203125 0.04336513443191674
1 0.56103515625 0.39809193408499566 0.02685546875 0.03816131830008673
1 0.482421875 0.4293148308759757 0.0244140625 0.0398959236773634
1 0.41064453125 0.4362532523850824 0.03369140625 0.047701647875108416
1 0.34375 0.44319167389418906 0.0341796875 0.04596704249783174
1 0.271484375 0.45446660884648743 0.03125 0.05030355594102342
1 0.20068359375 0.4640069384215091 0.03173828125 0.05290546400693842
1 0.18798828125 0.5030355594102341 0.03955078125 0.062445793581960105
1 0.23291015625 0.5091066782307025 0.04345703125 0.0598438855160451
1 0.0947265625 0.4934952298352125 0.03955078125 0.06504770164787511
1 0.12744140625 0.5013009540329575 0.01708984375 0.06331309627059845
1 0.4755859375 0.5888985255854293 0.05224609375 0.07372072853425846
1 0.42041015625 0.5993061578490894 0.05859375 0.08499566348655681
1 0.4365234375 0.5654813529921943 0.03759765625 0.053772766695576756
1 0.46826171875 0.5437987857762359 0.04443359375 0.06504770164787511
1 0.580078125 0.6071118820468343 0.06298828125 0.0997398091934085
1 0.6884765625 0.6374674761491761 0.06640625 0.10407632263660017
1 0.84423828125 0.6695576756287944 0.07470703125 0.11621856027753687
1 0.9921875 0.7207285342584562 0.01513671875 0.11014744145706852
0 0.2412109375 0.43451864700780574 0.02880859375 0.047701647875108416
0 0.0498046875 0.4518647007805724 0.033203125 0.05897658282740677
0 0.1904296875 0.6305290546400694 0.0556640625 0.0971379011274935
0 0.0830078125 0.6279271465741544 0.0517578125 0.08586296617519515
0 0.11474609375 0.6105810928013877 0.04052734375 0.033824804856895055
0 0.10498046875 0.6678230702515178 0.05419921875 0.09106678230702515
0 0.0869140625 0.7224631396357328 0.080078125 0.11535125758889853
0 0.099609375 0.7840416305290546 0.06201171875 0.1370338248048569
0 0.1650390625 0.9193408499566349 0.11962890625 0.16131830008673026
0 0.3935546875 0.9722463139635733 0.111328125 0.05464006938421509