1 0.42725409836065575 0.03278688524590164 0.028688524590163935 0.061930783242258654
1 0.42725409836065575 0.18123861566484517 0.0235655737704918 0.05009107468123861
1 0.42776639344262296 0.28051001821493626 0.025614754098360656 0.05191256830601093
1 0.42725409836065575 0.3697632058287796 0.022540983606557378 0.05009107468123861
1 0.4456967213114754 0.5163934426229508 0.0235655737704918 0.04553734061930783
1 0.44979508196721313 0.6502732240437158 0.02817622950819672 0.06284153005464481
1 0.45389344262295084 0.7750455373406193 0.027151639344262294 0.06375227686703097
1 0.4605532786885246 0.9098360655737705 0.02971311475409836 0.058287795992714025
1 0.4925717213114754 0.9704007285974499 0.0353483606557377 0.05919854280510018
1 0.5399590163934426 0.529143897996357 0.043545081967213115 0.09744990892531877
1 0.5461065573770492 0.6320582877959927 0.050204918032786885 0.1092896174863388
1 0.5261270491803278 0.6020036429872495 0.031762295081967214 0.07012750455373407
1 0.5133196721311475 0.5428051001821493 0.038422131147540985 0.08287795992714025
1 0.5507172131147541 0.3342440801457195 0.05891393442622951 0.11748633879781421
1 0.5686475409836066 0.1320582877959927 0.06147540983606557 0.12386156648451731
0 0.4487704918032787 0.9663023679417122 0.02817622950819672 0.05373406193078324
0 0.765625 0.6821493624772313 0.03125 0.20765027322404372