0 0.6533066132264529 0.2014260249554367 0.08517034068136273 0.16131907308377896
0 0.6027054108216433 0.5231729055258467 0.0656312625250501 0.12923351158645277
0 0.5681362725450901 0.7415329768270945 0.052104208416833664 0.11764705882352941
0 0.5285571142284569 0.8128342245989305 0.037575150300601205 0.0766488413547237
0 0.48697394789579157 0.7290552584670231 0.03006012024048096 0.0481283422459893
0 0.5095190380761523 0.8324420677361853 0.033066132264529056 0.07308377896613191
0 0.4934869739478958 0.8155080213903744 0.023547094188376753 0.062388591800356503
0 0.48296593186372744 0.8012477718360071 0.018036072144288578 0.040998217468805706
0 0.4814629258517034 0.8279857397504456 0.022044088176352707 0.0481283422459893
0 0.42985971943887774 0.6907308377896613 0.013527054108216433 0.027629233511586453
0 0.4348697394789579 0.8609625668449198 0.014529058116232466 0.031194295900178252
0 0.437374749498998 0.9171122994652406 0.017034068136272545 0.030303030303030304
0 0.437875751503006 0.9750445632798574 0.015531062124248497 0.0338680926916221
0 0.46442885771543085 0.9723707664884136 0.024549098196392786 0.04367201426024955
0 0.4559118236472946 0.982620320855615 0.017034068136272545 0.034759358288770054
0 0.46092184368737477 0.9376114081996435 0.021042084168336674 0.040998217468805706
1 0.500501002004008 0.12210338680926916 0.03557114228456914 0.0748663101604278
1 0.48847695390781565 0.2700534759358289 0.029559118236472944 0.06417112299465241
1 0.4819639278557114 0.38146167557932265 0.027054108216432865 0.06327985739750445
1 0.42084168336673344 0.23351158645276293 0.012525050100200401 0.024955436720142603
1 0.4213426853707415 0.3057040998217469 0.013527054108216433 0.029411764705882353
1 0.4218436873747495 0.3591800356506239 0.011022044088176353 0.026737967914438502
1 0.4198396793587174 0.39928698752228164 0.011022044088176353 0.02406417112299465
1 0.42985971943887774 0.4696969696969697 0.01503006012024048 0.026737967914438502
1 0.4318637274549098 0.5329768270944741 0.015531062124248497 0.029411764705882353
1 0.4338677354709419 0.5953654188948306 0.015531062124248497 0.030303030303030304
1 0.43537074148296595 0.6648841354723708 0.017034068136272545 0.029411764705882353
1 0.43687374749499 0.7290552584670231 0.01503006012024048 0.03208556149732621
1 0.44889779559118237 0.7281639928698752 0.017034068136272545 0.0374331550802139
1 0.4504008016032064 0.6862745098039216 0.017034068136272545 0.036541889483065956
1 0.44488977955911824 0.8155080213903744 0.01603206412825651 0.0338680926916221
1 0.47645290581162325 0.5231729055258467 0.025050100200400802 0.049019607843137254
1 0.4744488977955912 0.4741532976827095 0.025050100200400802 0.05169340463458111
1 0.4664328657314629 0.5044563279857398 0.013026052104208416 0.034759358288770054
1 0.46092184368737477 0.483065953654189 0.011523046092184368 0.0374331550802139