0 0.3390625 0.8 0.08854166666666667 0.1675925925925926
0 0.39166666666666666 0.46574074074074073 0.06822916666666666 0.13425925925925927
0 0.4276041666666667 0.2388888888888889 0.05416666666666667 0.12222222222222222
0 0.46875 0.1648148148148148 0.0390625 0.07962962962962963
0 0.5119791666666667 0.2518518518518518 0.03125 0.05
0 0.48854166666666665 0.14444444444444443 0.034375 0.07592592592592592
0 0.5052083333333334 0.16203703703703703 0.024479166666666666 0.06481481481481481
0 0.5161458333333333 0.17685185185185184 0.01875 0.04259259259259259
0 0.5177083333333333 0.14907407407407408 0.022916666666666665 0.05
0 0.5713541666666667 0.2916666666666667 0.0140625 0.028703703703703703
0 0.5661458333333333 0.11481481481481481 0.015104166666666667 0.032407407407407406
0 0.5635416666666667 0.05648148148148148 0.017708333333333333 0.03148148148148148
0 0.5627604166666667 0.006944444444444444 0.016145833333333335 0.013888888888888888
0 0.53515625 0.010648148148148148 0.025520833333333333 0.021296296296296296
0 0.5390625 0.03518518518518519 0.021875 0.04259259259259259
1 0.4979166666666667 0.8824074074074074 0.03697916666666667 0.07777777777777778
1 0.5104166666666666 0.7287037037037037 0.030729166666666665 0.06666666666666667
1 0.5171875 0.6129629629629629 0.028125 0.06574074074074074
1 0.5807291666666666 0.7666666666666667 0.013020833333333334 0.025925925925925925
1 0.5802083333333333 0.6916666666666667 0.0140625 0.030555555555555555
1 0.5796875 0.6361111111111111 0.011458333333333333 0.027777777777777776
1 0.5817708333333333 0.5944444444444444 0.011458333333333333 0.025
1 0.5713541666666667 0.5212962962962963 0.015625 0.027777777777777776
1 0.5692708333333333 0.45555555555555555 0.016145833333333335 0.030555555555555555
1 0.5671875 0.3907407407407407 0.016145833333333335 0.03148148148148148
1 0.565625 0.31851851851851853 0.017708333333333333 0.030555555555555555
1 0.5640625 0.2518518518518518 0.015625 0.03333333333333333
1 0.5515625 0.25277777777777777 0.017708333333333333 0.03888888888888889
1 0.55 0.2962962962962963 0.017708333333333333 0.03796296296296296
1 0.5557291666666667 0.16203703703703703 0.016666666666666666 0.03518518518518519
1 0.5229166666666667 0.46574074074074073 0.026041666666666668 0.05092592592592592
1 0.525 0.5166666666666667 0.026041666666666668 0.053703703703703705
1 0.5333333333333333 0.48518518518518516 0.013541666666666667 0.03611111111111111
1 0.5390625 0.5074074074074074 0.011979166666666667 0.03888888888888889