1 0.9300595238095238 0.41798941798941797 0.039186507936507936 0.05731922398589065
1 0.8854166666666666 0.41710758377425045 0.033234126984126984 0.0582010582010582
1 0.7847222222222222 0.46472663139329806 0.04117063492063492 0.06172839506172839
1 0.7098214285714286 0.4691358024691358 0.03968253968253968 0.059082892416225746
1 0.6393849206349206 0.47354497354497355 0.040674603174603176 0.059964726631393295
1 0.5590277777777778 0.48148148148148145 0.03819444444444445 0.06084656084656084
1 0.4880952380952381 0.4973544973544973 0.042162698412698416 0.059082892416225746
1 0.4280753968253968 0.5379188712522046 0.0441468253968254 0.07671957671957672
1 0.46875 0.5599647266313933 0.0496031746031746 0.07848324514991181
1 0.5376984126984127 0.5802469135802469 0.05109126984126984 0.082010582010582
1 0.6294642857142857 0.6014109347442681 0.05704365079365079 0.08818342151675485
0 0.47966269841269843 0.4417989417989418 0.03571428571428571 0.05114638447971781
0 0.38591269841269843 0.4559082892416226 0.03869047619047619 0.059964726631393295
0 0.28174603174603174 0.4673721340388007 0.03819444444444445 0.0564373897707231
0 0.21279761904761904 0.47354497354497355 0.04017857142857143 0.05202821869488536
0 0.14087301587301587 0.48500881834215165 0.042162698412698416 0.053791887125220456
0 0.027777777777777776 0.5044091710758377 0.047619047619047616 0.06878306878306878
0 0.2222222222222222 0.6243386243386243 0.05952380952380952 0.08994708994708994
0 0.3179563492063492 0.6622574955908289 0.05803571428571429 0.09171075837742504
0 0.31646825396825395 0.6137566137566137 0.052083333333333336 0.047619047619047616
0 0.3635912698412698 0.6402116402116402 0.05555555555555555 0.08994708994708994
0 0.7281746031746031 0.8809523809523809 0.09325396825396826 0.15343915343915343
0 0.8229166666666666 0.9038800705467372 0.09126984126984126 0.13139329805996472
0 0.9072420634920635 0.8721340388007055 0.08928571428571429 0.12786596119929453
0 0.9233630952380952 0.9497354497354498 0.10664682539682539 0.10052910052910052