1 0.9296875 0.4189071986123157 0.03857421875 0.05637467476149176
1 0.8857421875 0.41803989592367735 0.03271484375 0.05724197745013009
1 0.78662109375 0.46487424111014747 0.04052734375 0.060711188204683436
1 0.712890625 0.4692107545533391 0.0390625 0.058109280138768434
1 0.6435546875 0.4735472679965308 0.0400390625 0.05897658282740677
1 0.564453125 0.4813529921942758 0.03759765625 0.0598438855160451
1 0.49462890625 0.49696444058976585 0.04150390625 0.058109280138768434
1 0.435546875 0.5368603642671292 0.04345703125 0.07545533391153512
1 0.4755859375 0.5585429314830876 0.048828125 0.07718993928881179
1 0.54345703125 0.5784908933217693 0.05029296875 0.08065915004336513
1 0.6337890625 0.5993061578490894 0.05615234375 0.08673026886383348
0 0.486328125 0.44232437120555074 0.03515625 0.05030355594102342
0 0.39404296875 0.4562012142237641 0.0380859375 0.05897658282740677
0 0.29150390625 0.46747614917606245 0.03759765625 0.055507372072853424
0 0.2236328125 0.4735472679965308 0.03955078125 0.05117085862966175
0 0.15283203125 0.48482220294882916 0.04150390625 0.05290546400693842
0 0.04150390625 0.5039028620988725 0.046875 0.06764960971379011
0 0.23291015625 0.6218560277536861 0.05859375 0.08846487424111014
0 0.3271484375 0.6591500433651344 0.05712890625 0.09019947961838681
0 0.32568359375 0.611448395490026 0.05126953125 0.046834345186470075
0 0.3720703125 0.6374674761491761 0.0546875 0.08846487424111014
0 0.73095703125 0.8742411101474414 0.091796875 0.15091066782307025
0 0.82421875 0.8967909800520382 0.08984375 0.12922810060711187
0 0.9072265625 0.8655680832610582 0.087890625 0.12575888985255854
0 0.92333984375 0.9462272333044233 0.10498046875 0.10754553339115351