0 0.6875 0.8412836079791848 0.14404296875 0.2263660017346054
0 0.462890625 0.6921075455333912 0.11474609375 0.16999132697311362
0 0.34716796875 0.5897658282740676 0.09619140625 0.16305290546400694
0 0.3447265625 0.4856895056374675 0.0927734375 0.1266261925411969
0 0.26806640625 0.5255854293148309 0.10009765625 0.15177797051170858
0 0.17578125 0.5039028620988725 0.09033203125 0.15004336513443192
1 0.09033203125 0.2575888985255854 0.064453125 0.09366869037294015
1 0.00927734375 0.2541196877710321 0.01806640625 0.08499566348655681
1 0.0185546875 0.15004336513443192 0.03662109375 0.06331309627059845
1 0.1025390625 0.13616652211621855 0.04345703125 0.05724197745013009
1 0.1767578125 0.13009540329575023 0.03173828125 0.05724197745013009
1 0.2431640625 0.12489158716392021 0.0087890625 0.04423243712055507
1 0.31396484375 0.0797918473547268 0.0302734375 0.05030355594102342
1 0.36376953125 0.07805724197745013 0.03125 0.05117085862966175
1 0.39794921875 0.0745880312228968 0.0302734375 0.05030355594102342
1 0.48486328125 0.07632263660017347 0.0283203125 0.04336513443191674
1 0.958984375 0.4692107545533391 0.0322265625 0.12055507372072853
1 0.80224609375 0.43018213356461404 0.0849609375 0.14397224631396358
1 0.58642578125 0.41023417172593235 0.076171875 0.11795316565481354
1 0.640625 0.38941890719861233 0.06689453125 0.1222896790980052
1 0.57275390625 0.3712055507372073 0.0693359375 0.10060711188204684
1 0.53662109375 0.33998265394622723 0.06396484375 0.1222896790980052