0 0.6914257228315055 0.16578014184397163 0.13010967098703888 0.26152482269503546
0 0.6056829511465603 0.5735815602836879 0.09770687936191426 0.20833333333333334
0 0.5468594217347956 0.7836879432624113 0.09371884346959122 0.17464539007092197
0 0.48703888334995016 0.7881205673758865 0.07278165503489531 0.16843971631205673
0 0.5097208374875374 0.9179964539007093 0.0872382851445663 0.16400709219858156
1 0.2796610169491525 0.9725177304964538 0.025423728813559324 0.015957446808510637
1 0.25373878364905283 0.8439716312056738 0.028913260219341975 0.0549645390070922
1 0.2527417746759721 0.7535460992907801 0.029411764705882353 0.05673758865248227
1 0.2507477567298106 0.6914893617021277 0.028913260219341975 0.0549645390070922
1 0.25174476570289134 0.5336879432624113 0.024925224327018942 0.051418439716312055
1 0.4551345962113659 0.017287234042553192 0.08275174476570289 0.034574468085106384
1 0.4436689930209372 0.34929078014184395 0.06779661016949153 0.13829787234042554
1 0.4317048853439681 0.250886524822695 0.07028913260219342 0.12145390070921985
1 0.42123629112662014 0.374113475177305 0.05782652043868395 0.12588652482269502
1 0.4032901296111665 0.4397163120567376 0.07028913260219342 0.11613475177304965