0 0.7008973080757727 0.17641843971631205 0.13010967098703888 0.26152482269503546
0 0.6151545363908275 0.5842198581560284 0.09770687936191426 0.20833333333333334
0 0.5563310069790628 0.7943262411347518 0.09371884346959122 0.17464539007092197
0 0.4965104685942173 0.7987588652482269 0.07278165503489531 0.16843971631205673
0 0.5191924227318045 0.9233156028368794 0.0872382851445663 0.15336879432624115
1 0.28913260219341974 0.9831560283687943 0.025423728813559324 0.015957446808510637
1 0.26321036889332006 0.8546099290780141 0.028913260219341975 0.0549645390070922
1 0.2622133599202393 0.7641843971631206 0.029411764705882353 0.05673758865248227
1 0.26021934197407776 0.7021276595744681 0.028913260219341975 0.0549645390070922
1 0.2612163509471585 0.5443262411347518 0.024925224327018942 0.051418439716312055
1 0.4646061814556331 0.022606382978723406 0.08275174476570289 0.04521276595744681
1 0.4531405782652044 0.3599290780141844 0.06779661016949153 0.13829787234042554
1 0.4411764705882353 0.26152482269503546 0.07028913260219342 0.12145390070921985
1 0.4307078763708873 0.38475177304964536 0.05782652043868395 0.12588652482269502
1 0.4127617148554337 0.450354609929078 0.07028913260219342 0.11613475177304965