1 0.5508474576271186 0.9104609929078015 0.015453639082751745 0.03368794326241135
1 0.5503489531405783 0.825354609929078 0.013459621136590228 0.0274822695035461
1 0.5528414755732801 0.7677304964539007 0.014955134596211365 0.02925531914893617
1 0.5538384845463609 0.7127659574468085 0.01296111665004985 0.02127659574468085
1 0.53938185443669 0.7012411347517731 0.01694915254237288 0.031914893617021274
1 0.536889332003988 0.6329787234042553 0.014456630109670987 0.03280141843971631
1 0.5353938185443669 0.5664893617021277 0.01694915254237288 0.03723404255319149
1 0.532901296111665 0.4946808510638298 0.015952143569292122 0.03723404255319149
1 0.5019940179461615 0.5602836879432624 0.02193419740777667 0.047872340425531915
1 0.5049850448654037 0.48226950354609927 0.02243270189431705 0.04609929078014184
1 0.5284147557328016 0.44060283687943264 0.01744765702891326 0.03723404255319149
1 0.5104685942173479 0.4095744680851064 0.023928215353938187 0.04698581560283688
1 0.5159521435692921 0.38386524822695034 0.020937188434695914 0.03723404255319149
1 0.461864406779661 0.9796099290780141 0.034396809571286144 0.040780141843971635
0 0.5438683948155534 0.425531914893617 0.01694915254237288 0.03280141843971631
0 0.5398803589232303 0.34131205673758863 0.020438683948155532 0.038120567375886524
0 0.5363908275174477 0.24556737588652483 0.016450648055832504 0.040780141843971635
0 0.5343968095712861 0.18262411347517732 0.020438683948155532 0.041666666666666664
0 0.5333998005982054 0.12056737588652482 0.019441674975074777 0.03900709219858156
0 0.5256729810568295 0.019060283687943262 0.023429710867397806 0.038120567375886524
0 0.4930209371884347 0.18971631205673758 0.03040877367896311 0.05585106382978723
0 0.4910269192422732 0.26773049645390073 0.024925224327018942 0.04875886524822695
0 0.48055832502492524 0.27925531914893614 0.03090727816550349 0.0549645390070922
0 0.4900299102691924 0.31560283687943264 0.02642073778664008 0.04875886524822695
0 0.4247258225324028 0.6462765957446809 0.041375872382851446 0.07890070921985816
0 0.41824526420737784 0.725177304964539 0.041375872382851446 0.07890070921985816
0 0.42323030907278164 0.8040780141843972 0.03788634097706879 0.08333333333333333
0 0.3933200398803589 0.7987588652482269 0.04935194416749751 0.09663120567375887
0 0.3469591226321037 0.9388297872340425 0.06281156530408774 0.12145390070921985