1 0.43466807165437304 0.08239700374531835 0.016332982086406742 0.035580524344569285
1 0.4351949420442571 0.17228464419475656 0.01422550052687039 0.02902621722846442
1 0.43256059009483666 0.23314606741573032 0.015806111696522657 0.03089887640449438
1 0.4315068493150685 0.29119850187265917 0.0136986301369863 0.02247191011235955
1 0.44678609062170704 0.30337078651685395 0.01791359325605901 0.033707865168539325
1 0.4494204425711275 0.37546816479400746 0.015279241306638568 0.03464419475655431
1 0.45100105374077976 0.44569288389513106 0.01791359325605901 0.03932584269662921
1 0.4536354056902002 0.5215355805243446 0.01685985247629083 0.03932584269662921
1 0.4863013698630137 0.45224719101123595 0.023182297154899896 0.05056179775280899
1 0.48314014752370915 0.5346441947565543 0.02370916754478398 0.04868913857677903
1 0.458377239199157 0.5786516853932584 0.0184404636459431 0.03932584269662921
1 0.4773445732349842 0.6114232209737828 0.02528977871443625 0.04962546816479401
1 0.47154899894625923 0.6385767790262172 0.022128556375131718 0.03932584269662921
1 0.5281875658587988 0.01544943820224719 0.03635405690200211 0.03089887640449438
0 0.44204425711275025 0.5945692883895131 0.01791359325605901 0.03464419475655431
0 0.44625922023182296 0.6835205992509363 0.02160168598524763 0.040262172284644196
0 0.4499473129610116 0.7846441947565543 0.01738672286617492 0.04307116104868914
0 0.4520547945205479 0.851123595505618 0.02160168598524763 0.04400749063670412
0 0.45310853530031614 0.9166666666666666 0.02054794520547945 0.04119850187265917
0 0.4957850368809273 0.8436329588014981 0.0321390937829294 0.05898876404494382
0 0.49789251844046367 0.7612359550561798 0.026343519494204427 0.05149812734082397
0 0.5089567966280295 0.7490636704119851 0.032665964172813484 0.05805243445692884
0 0.49894625922023184 0.7106741573033708 0.02792413066385669 0.05149812734082397
0 0.5679662802950474 0.36142322097378277 0.04373024236037935 0.08333333333333333
0 0.5748155953635405 0.27808988764044945 0.04373024236037935 0.08333333333333333
0 0.5695468914646997 0.1947565543071161 0.040042149631190724 0.08801498127340825
0 0.601159114857745 0.20037453183520598 0.052160168598524764 0.10205992509363296
0 0.6501580611169653 0.05805243445692884 0.06638566912539515 0.11610486891385768