0 0.8642418032786885 0.8989071038251366 0.1173155737704918 0.19216757741347906
0 0.5742827868852459 0.6730418943533698 0.07223360655737705 0.13296903460837886
0 0.4492827868852459 0.5974499089253188 0.06557377049180328 0.11202185792349727
0 0.3831967213114754 0.5336976320582878 0.05584016393442623 0.09289617486338798
0 0.38831967213114754 0.4781420765027322 0.04918032786885246 0.07650273224043716
0 0.3447745901639344 0.4972677595628415 0.05122950819672131 0.07832422586520947
0 0.29610655737704916 0.4890710382513661 0.05327868852459016 0.09107468123861566
0 0.16086065573770492 0.2750455373406193 0.0235655737704918 0.033697632058287796
0 0.09579918032786885 0.2795992714025501 0.02459016393442623 0.03460837887067395
0 0.020491803278688523 0.2941712204007286 0.02817622950819672 0.042805100182149364
0 0.04610655737704918 0.4080145719489982 0.042008196721311473 0.06557377049180328
0 0.06506147540983606 0.39435336976320584 0.027663934426229508 0.0546448087431694
0 0.028688524590163935 0.39526411657559196 0.04047131147540984 0.056466302367941715
1 0.9877049180327869 0.5318761384335154 0.02459016393442623 0.0965391621129326
1 0.8601434426229508 0.5045537340619308 0.055327868852459015 0.09289617486338798
1 0.7274590163934426 0.4744990892531876 0.050204918032786885 0.07194899817850638
1 0.6311475409836066 0.45081967213114754 0.045081967213114756 0.07285974499089254
1 0.5450819672131147 0.42805100182149364 0.03739754098360656 0.060109289617486336
1 0.5179303278688525 0.4344262295081967 0.038422131147540985 0.061930783242258654
1 0.5081967213114754 0.41712204007285975 0.0353483606557377 0.056466302367941715
1 0.492827868852459 0.3970856102003643 0.03483606557377049 0.052823315118397086
1 0.46311475409836067 0.2540983606557377 0.016905737704918034 0.025500910746812388
1 0.41700819672131145 0.2540983606557377 0.017930327868852458 0.030965391621129327
1 0.382172131147541 0.2540983606557377 0.018442622950819672 0.029143897996357013
1 0.35604508196721313 0.2522768670309654 0.01639344262295082 0.026411657559198543
1 0.29661885245901637 0.28051001821493626 0.019979508196721313 0.030965391621129327
1 0.33401639344262296 0.2777777777777778 0.004098360655737705 0.026411657559198543
1 0.25563524590163933 0.28506375227686703 0.02459016393442623 0.033697632058287796
1 0.2505122950819672 0.3551912568306011 0.03227459016393443 0.05373406193078324
1 0.20952868852459017 0.29508196721311475 0.02612704918032787 0.033697632058287796
1 0.19723360655737704 0.35154826958105645 0.030737704918032786 0.04553734061930783
1 0.16956967213114754 0.30601092896174864 0.02663934426229508 0.03825136612021858
1 0.14959016393442623 0.3406193078324226 0.03381147540983607 0.04553734061930783
1 0.1168032786885246 0.32695810564663025 0.031762295081967214 0.04735883424408015