0 0.872867803837953 0.9105113636363636 0.1220682302771855 0.17897727272727273
0 0.5714285714285714 0.6865530303030303 0.07515991471215352 0.13825757575757575
0 0.44136460554371004 0.6079545454545454 0.06823027718550106 0.11647727272727272
0 0.3726012793176972 0.5416666666666666 0.05810234541577825 0.09659090909090909
0 0.3779317697228145 0.48390151515151514 0.0511727078891258 0.07954545454545454
0 0.3326226012793177 0.5037878787878788 0.053304904051172705 0.08143939393939394
0 0.2819829424307036 0.4952651515151515 0.05543710021321962 0.0946969696969697
0 0.14125799573560768 0.2727272727272727 0.024520255863539446 0.035037878787878785
0 0.07356076759061833 0.2774621212121212 0.0255863539445629 0.03598484848484849
0 0.004797441364605544 0.2921401515151515 0.009594882729211088 0.04450757575757576
0 0.02185501066098081 0.4109848484848485 0.04371002132196162 0.06818181818181818
0 0.04157782515991471 0.39678030303030304 0.028784648187633263 0.056818181818181816
0 0.012260127931769723 0.3977272727272727 0.024520255863539446 0.058712121212121215
1 0.8688699360341151 0.5113636363636364 0.057569296375266525 0.09659090909090909
1 0.7308102345415778 0.48011363636363635 0.05223880597014925 0.07481060606060606
1 0.6305970149253731 0.45549242424242425 0.046908315565031986 0.07575757575757576
1 0.5410447761194029 0.4318181818181818 0.03891257995735608 0.0625
1 0.5127931769722814 0.4384469696969697 0.03997867803837953 0.06439393939393939
1 0.5026652452025586 0.42045454545454547 0.036780383795309166 0.058712121212121215
1 0.48667377398720685 0.3996212121212121 0.03624733475479744 0.054924242424242424
1 0.4557569296375267 0.2509469696969697 0.017590618336886993 0.026515151515151516
1 0.4077825159914712 0.2509469696969697 0.018656716417910446 0.032196969696969696
1 0.3715351812366738 0.2509469696969697 0.019189765458422176 0.030303030303030304
1 0.3443496801705757 0.2490530303030303 0.017057569296375266 0.027462121212121212
1 0.28251599147121537 0.2784090909090909 0.020788912579957356 0.032196969696969696
1 0.32142857142857145 0.2755681818181818 0.0042643923240938165 0.027462121212121212
1 0.23987206823027718 0.2831439393939394 0.0255863539445629 0.035037878787878785
1 0.2345415778251599 0.3560606060606061 0.033582089552238806 0.05587121212121212
1 0.19189765458422176 0.2935606060606061 0.027185501066098083 0.035037878787878785
1 0.1791044776119403 0.3522727272727273 0.031982942430703626 0.04734848484848485
1 0.15031982942430705 0.30492424242424243 0.02771855010660981 0.03977272727272727
1 0.12953091684434967 0.3409090909090909 0.035181236673773986 0.04734848484848485
1 0.09541577825159915 0.32670454545454547 0.03304904051172708 0.04924242424242424