1 0.7557291666666667 0.35185185185185186 0.051041666666666666 0.075
1 0.6442708333333333 0.3509259259259259 0.05416666666666667 0.08425925925925926
1 0.5244791666666667 0.3537037037037037 0.052083333333333336 0.07592592592592592
1 0.40260416666666665 0.35185185185185186 0.052083333333333336 0.08148148148148149
1 0.2864583333333333 0.3398148148148148 0.053125 0.0824074074074074
1 0.17135416666666667 0.33796296296296297 0.0640625 0.09166666666666666
1 0.06302083333333333 0.32037037037037036 0.051041666666666666 0.07777777777777778
1 0.022916666666666665 0.3416666666666667 0.04583333333333333 0.09444444444444444
1 0.019010416666666665 0.3101851851851852 0.03802083333333333 0.05740740740740741
1 0.008072916666666667 0.29212962962962963 0.016145833333333335 0.058333333333333334
0 0.059375 0.5935185185185186 0.1078125 0.15925925925925927
0 0.3619791666666667 0.7083333333333334 0.10104166666666667 0.17592592592592593
0 0.65 0.6907407407407408 0.09166666666666666 0.16111111111111112
0 0.8807291666666667 0.6481481481481481 0.09427083333333333 0.16944444444444445