1 0.7539267015706806 0.2905027932960894 0.05130890052356021 0.07541899441340782
1 0.6418848167539267 0.28957169459962756 0.05445026178010471 0.08472998137802606
1 0.5214659685863874 0.29236499068901306 0.05235602094240838 0.07635009310986965
1 0.39895287958115183 0.2905027932960894 0.05235602094240838 0.08193668528864059
1 0.28219895287958113 0.2783985102420857 0.05340314136125655 0.08286778398510242
1 0.16649214659685863 0.276536312849162 0.06439790575916231 0.09217877094972067
1 0.05759162303664921 0.25884543761638734 0.05130890052356021 0.0782122905027933
1 0.020157068062827226 0.2802607076350093 0.04031413612565445 0.09497206703910614
1 0.016230366492146597 0.24860335195530725 0.032460732984293195 0.05772811918063315
1 0.005235602094240838 0.23044692737430167 0.010471204188481676 0.05865921787709497
0 0.05392670157068063 0.5335195530726257 0.10785340314136126 0.1601489757914339
0 0.3581151832460733 0.648975791433892 0.10157068062827225 0.17690875232774675
0 0.6476439790575916 0.6312849162011173 0.09214659685863874 0.16201117318435754
0 0.8795811518324608 0.5884543761638734 0.09476439790575916 0.17039106145251395