0 0.4743169398907104 0.035922330097087375 0.040437158469945354 0.07184466019417475
0 0.4557377049180328 0.229126213592233 0.04207650273224044 0.08932038834951456
0 0.45027322404371584 0.4 0.04426229508196721 0.08640776699029126
0 0.4530054644808743 0.6009708737864078 0.040983606557377046 0.07475728155339806
0 0.46229508196721314 0.6640776699029126 0.03333333333333333 0.062135922330097085
0 0.4721311475409836 0.7038834951456311 0.03825136612021858 0.05631067961165048
0 0.5092896174863388 0.6368932038834951 0.03224043715846994 0.04951456310679612
0 0.5027322404371585 0.6873786407766991 0.030601092896174863 0.059223300970873784
0 0.5344262295081967 0.841747572815534 0.025136612021857924 0.04757281553398058
0 0.5382513661202186 0.8029126213592233 0.024043715846994537 0.037864077669902914
0 0.5398907103825137 0.9087378640776699 0.021311475409836064 0.038834951456310676
0 0.5387978142076503 0.9611650485436893 0.02622950819672131 0.03300970873786408
1 0.5245901639344263 0.030097087378640777 0.033879781420765025 0.05825242718446602
1 0.5191256830601093 0.26990291262135924 0.034972677595628415 0.05339805825242718
1 0.5262295081967213 0.34271844660194173 0.03333333333333333 0.05145631067961165
1 0.5295081967213114 0.4 0.029508196721311476 0.035922330097087375
1 0.5366120218579234 0.42524271844660194 0.02896174863387978 0.04757281553398058
1 0.5508196721311476 0.5640776699029126 0.02459016393442623 0.040776699029126215
1 0.5480874316939891 0.612621359223301 0.027868852459016394 0.037864077669902914
1 0.5497267759562842 0.6844660194174758 0.020218579234972677 0.03495145631067961
1 0.5568306010928962 0.7213592233009709 0.017486338797814208 0.02524271844660194
1 0.5568306010928962 0.7514563106796116 0.01912568306010929 0.030097087378640777