0 0.48420533070088845 0.04824561403508772 0.03652517275419546 0.08070175438596491
0 0.4674234945705824 0.2307017543859649 0.038005923000987166 0.08070175438596491
0 0.4624876604146101 0.3850877192982456 0.03998025666337611 0.0780701754385965
0 0.46495557749259625 0.5666666666666667 0.037018756169792694 0.06754385964912281
0 0.47334649555774927 0.6236842105263158 0.030108588351431393 0.056140350877192984
0 0.48223099703849953 0.6596491228070176 0.034550839091806514 0.05087719298245614
0 0.5157946692991116 0.5991228070175438 0.02912142152023692 0.04473684210526316
0 0.5098716683119447 0.6447368421052632 0.027640671273445213 0.05350877192982456
0 0.5384995064165844 0.7842105263157895 0.022704837117472853 0.04298245614035088
0 0.5419545903257651 0.7491228070175439 0.02171767028627838 0.034210526315789476
0 0.5434353405725567 0.8447368421052631 0.0192497532082922 0.03508771929824561
0 0.5424481737413623 0.8921052631578947 0.023692003948667325 0.02982456140350877
0 0.5454096742349457 0.9552631578947368 0.017769002961500493 0.02894736842105263
0 0.5498519249753209 0.9815789473684211 0.017769002961500493 0.028070175438596492
0 0.558736426456071 0.9543859649122807 0.01579466929911155 0.02894736842105263
1 0.5296150049358341 0.05087719298245614 0.03060217176702863 0.05263157894736842
1 0.5246791707798618 0.2675438596491228 0.0315893385982231 0.04824561403508772
1 0.5310957551826259 0.3333333333333333 0.030108588351431393 0.04649122807017544
1 0.5340572556762093 0.3850877192982456 0.02665350444225074 0.03245614035087719
1 0.5404738400789734 0.40789473684210525 0.026159921026653505 0.04298245614035088
1 0.5533070088845015 0.5333333333333333 0.022211253701875617 0.03684210526315789
1 0.5508390918065152 0.5771929824561404 0.025172754195459033 0.034210526315789476
1 0.552319842053307 0.6421052631578947 0.01826258637709773 0.031578947368421054
1 0.558736426456071 0.6754385964912281 0.01579466929911155 0.02280701754385965
1 0.558736426456071 0.7026315789473684 0.017275419545903257 0.027192982456140352