1 0.6331006979062812 0.05851063829787234 0.019940179461615155 0.04343971631205674
1 0.6226321036889332 0.1125886524822695 0.03040877367896311 0.051418439716312055
1 0.6166500498504487 0.17109929078014185 0.026919242273180457 0.04875886524822695
1 0.6076769690927218 0.2393617021276596 0.03040877367896311 0.051418439716312055
1 0.6026919242273181 0.33156028368794327 0.027916251246261216 0.051418439716312055
1 0.6021934197407777 0.5381205673758865 0.029411764705882353 0.04609929078014184
1 0.6101694915254238 0.6037234042553191 0.03040877367896311 0.03900709219858156
1 0.6211365902293121 0.6569148936170213 0.026919242273180457 0.0425531914893617
1 0.634097706879362 0.6693262411347518 0.019441674975074777 0.03900709219858156
1 0.6674975074775673 0.8031914893617021 0.024426719840478565 0.034574468085106384
1 0.6719840478564307 0.850177304964539 0.024426719840478565 0.034574468085106384
1 0.6719840478564307 0.8820921985815603 0.022931206380857428 0.040780141843971635
1 0.6799601196410767 0.9131205673758865 0.023429710867397806 0.03900709219858156
1 0.6839481555333998 0.9459219858156028 0.019940179461615155 0.0398936170212766
1 0.7058823529411765 0.9951241134751773 0.022931206380857428 0.00975177304964539
0 0.56580259222333 0.05851063829787234 0.028913260219341975 0.05939716312056738
0 0.5488534396809571 0.1773049645390071 0.0353938185443669 0.06205673758865248
0 0.5338983050847458 0.25354609929078015 0.036390827517447655 0.06028368794326241
0 0.5264207377866401 0.3528368794326241 0.034396809571286144 0.06471631205673758
0 0.5099700897308076 0.5203900709219859 0.04037886340977069 0.07624113475177305
0 0.5054835493519442 0.6710992907801419 0.045363908275174475 0.0851063829787234
0 0.5174476570289133 0.8475177304964538 0.04037886340977069 0.07446808510638298
0 0.5338983050847458 0.901595744680851 0.03489531405782652 0.06826241134751773
0 0.5493519441674976 0.9539007092198581 0.036390827517447655 0.057624113475177305
0 0.6051844466600199 0.8980496453900709 0.022931206380857428 0.04609929078014184
0 0.5982053838484547 0.9530141843971631 0.0259222333000997 0.04875886524822695
0 0.6156530408773679 0.8687943262411347 0.02143569292123629 0.03546099290780142