1 0.376853813559322 0.9806967984934086 0.0323093220338983 0.038606403013182675
1 0.3834745762711864 0.9265536723163842 0.028601694915254237 0.051789077212806026
1 0.3930084745762712 0.8540489642184558 0.0323093220338983 0.054613935969868174
1 0.3983050847457627 0.756120527306968 0.029661016949152543 0.054613935969868174
1 0.3988347457627119 0.536723163841808 0.03125 0.04896421845574388
1 0.3903601694915254 0.4670433145009416 0.0323093220338983 0.04143126177024482
1 0.3787076271186441 0.4105461393596987 0.028601694915254237 0.04519774011299435
1 0.3649364406779661 0.3973634651600753 0.02065677966101695 0.04143126177024482
1 0.3294491525423729 0.2551789077212806 0.025953389830508475 0.03672316384180791
1 0.3246822033898305 0.20527306967984935 0.025953389830508475 0.03672316384180791
1 0.3246822033898305 0.1713747645951036 0.024364406779661018 0.04331450094161959
1 0.3162076271186441 0.1384180790960452 0.02489406779661017 0.04143126177024482
1 0.3119703389830508 0.10357815442561205 0.0211864406779661 0.0423728813559322
1 0.2886652542372881 0.03766478342749529 0.024364406779661018 0.03766478342749529
0 0.4555084745762712 0.9199623352165726 0.03760593220338983 0.06591337099811675
0 0.4713983050847458 0.8389830508474576 0.03866525423728814 0.064030131826742
0 0.4793432203389831 0.7335216572504708 0.036546610169491525 0.0687382297551789
0 0.4968220338983051 0.5555555555555556 0.04290254237288135 0.08097928436911488
0 0.5015889830508474 0.3954802259887006 0.048199152542372885 0.0903954802259887
0 0.4888771186440678 0.2080979284369115 0.04290254237288135 0.07909604519774012
0 0.4713983050847458 0.15065913370998116 0.037076271186440676 0.07250470809792843
0 0.454978813559322 0.0951035781544256 0.03866525423728814 0.06120527306967985
0 0.3956567796610169 0.1544256120527307 0.024364406779661018 0.04896421845574388
0 0.4030720338983051 0.096045197740113 0.02754237288135593 0.051789077212806026
0 0.3845338983050847 0.1854990583804143 0.022775423728813558 0.03766478342749529
0 0.3421610169491525 0.010828625235404897 0.02754237288135593 0.021657250470809793