0 0.5019646365422397 0.9598603839441536 0.028978388998035363 0.06195462478184991
0 0.512278978388998 0.8647469458987783 0.032907662082514735 0.053228621291448515
0 0.5240667976424361 0.7478184991273996 0.03143418467583497 0.05148342059336824
0 0.5324165029469549 0.6675392670157068 0.036345776031434185 0.056719022687609075
0 0.5388015717092338 0.5680628272251309 0.03781925343811395 0.056719022687609075
0 0.5412573673870335 0.3970331588132635 0.043222003929273084 0.06980802792321117
0 0.5422396856581533 0.2469458987783595 0.039783889980353634 0.07242582897033159
0 0.5216110019646365 0.07678883071553229 0.03781925343811395 0.06457242582897033
0 0.5017190569744597 0.0274869109947644 0.04076620825147348 0.0549738219895288
0 0.48035363457760316 0.009598603839441536 0.03143418467583497 0.019197207678883072
0 0.42730844793713163 0.05148342059336824 0.029469548133595286 0.04275741710296684
0 0.4243614931237721 0.0881326352530541 0.025540275049115914 0.03926701570680628
1 0.4425343811394892 0.8848167539267016 0.02504911591355599 0.034904013961605584
1 0.44646365422396855 0.824607329842932 0.022593320235756387 0.03926701570680628
1 0.4533398821218075 0.774869109947644 0.027996070726915522 0.038394415357766144
1 0.4587426326129666 0.6980802792321117 0.030451866404715127 0.0462478184991274
1 0.46070726915520627 0.6108202443280978 0.027013752455795677 0.04537521815008726
1 0.4454813359528487 0.40924956369982546 0.02406679764243615 0.03664921465968586
1 0.4381139489194499 0.3481675392670157 0.023575638506876228 0.03926701570680628
1 0.42288801571709234 0.3045375218150087 0.022593320235756387 0.031413612565445025
1 0.4066797642436149 0.2931937172774869 0.01719056974459725 0.04275741710296684
1 0.3698428290766208 0.1762652705061082 0.019155206286836934 0.03228621291448516
1 0.3654223968565815 0.13787085514834205 0.026522593320235755 0.030541012216404886
1 0.36296660117878193 0.09598603839441536 0.021611001964636542 0.034904013961605584
1 0.3462671905697446 0.034904013961605584 0.01768172888015717 0.029668411867364748
1 0.33546168958742634 0.015706806282722512 0.022593320235756387 0.031413612565445025