0 0.5169927909371782 0.9368131868131868 0.03038105046343975 0.06501831501831502
0 0.527806385169928 0.836996336996337 0.0345005149330587 0.055860805860805864
0 0.5401647785787848 0.7142857142857143 0.032955715756951595 0.05402930402930403
0 0.548918640576725 0.63003663003663 0.03810504634397528 0.05952380952380952
0 0.5556127703398558 0.5256410256410257 0.03964984552008239 0.05952380952380952
0 0.5581874356333677 0.34615384615384615 0.04531410916580844 0.07326007326007326
0 0.5592173017507724 0.18864468864468864 0.04170957775489186 0.076007326007326
0 0.5373326467559217 0.02197802197802198 0.03964984552008239 0.04395604395604396
0 0.4356333676622039 0.02197802197802198 0.026776519052523172 0.04120879120879121
1 0.45468589083419153 0.858058608058608 0.026261585993820804 0.03663003663003663
1 0.4588053553038105 0.7948717948717948 0.02368692070030896 0.04120879120879121
1 0.46601441812564365 0.7426739926739927 0.029351184346035016 0.040293040293040296
1 0.47167868177136973 0.6620879120879121 0.03192584963954686 0.048534798534798536
1 0.4737384140061792 0.5705128205128205 0.02832131822863028 0.047619047619047616
1 0.45777548918640576 0.358974358974359 0.025231719876416064 0.038461538461538464
1 0.45005149330587024 0.2948717948717949 0.024716786817713696 0.04120879120879121
1 0.4340885684860968 0.2490842490842491 0.02368692070030896 0.03296703296703297
1 0.41709577754891863 0.23717948717948717 0.018022657054582905 0.04487179487179487
1 0.378475798146241 0.11446886446886446 0.02008238928939238 0.03388278388278388
1 0.37384140061791965 0.07417582417582418 0.027806385169927908 0.03205128205128205
1 0.37126673532440785 0.03021978021978022 0.02265705458290422 0.03663003663003663