0 0.5502049180327869 0.12659380692167577 0.0548155737704918 0.09562841530054644
0 0.5338114754098361 0.18761384335154827 0.0471311475409836 0.07194899817850638
0 0.5292008196721312 0.2540983606557377 0.0548155737704918 0.06739526411657559
1 0.49334016393442626 0.6156648451730419 0.03637295081967213 0.07012750455373407
1 0.49334016393442626 0.5018214936247724 0.040983606557377046 0.0610200364298725
1 0.4923155737704918 0.42531876138433516 0.03432377049180328 0.06739526411657559
1 0.47797131147540983 0.32604735883424407 0.03381147540983607 0.05555555555555555
1 0.4713114754098361 0.2204007285974499 0.03790983606557377 0.06466302367941712
1 0.4600409836065574 0.12750455373406194 0.03483606557377049 0.06284153005464481
1 0.44774590163934425 0.060109289617486336 0.02612704918032787 0.05009107468123861
1 0.4413422131147541 0.011839708561020037 0.030225409836065573 0.023679417122040074