0 0.12113659022931206 0.8953900709219859 0.1061814556331007 0.16312056737588654
0 0.07178464606181456 0.8173758865248227 0.08574277168494517 0.15691489361702127
0 0.16051844466600199 0.7668439716312057 0.08823529411764706 0.12411347517730496
0 0.6759720837487537 0.5691489361702128 0.052342971086739784 0.09485815602836879
0 0.7931206380857427 0.5203900709219859 0.05583250249252243 0.07624113475177305
0 0.8738783649052841 0.49379432624113473 0.05134596211365902 0.07092198581560284
0 0.9880358923230309 0.47429078014184395 0.023928215353938187 0.07446808510638298
0 0.6425722831505484 0.5407801418439716 0.03938185443668993 0.08156028368794327
0 0.6061814556331007 0.5328014184397163 0.036889332003988036 0.09485815602836879
1 0.03589232303090728 0.5966312056737588 0.06380857427716849 0.09840425531914894
1 0.4082751744765703 0.47074468085106386 0.03838484546360917 0.06294326241134751
1 0.47058823529411764 0.47074468085106386 0.03339980059820538 0.07092198581560284
1 0.5124626121635095 0.46897163120567376 0.036889332003988036 0.05939716312056738
1 0.5667996011964108 0.4441489361702128 0.03040877367896311 0.05851063829787234
1 0.6246261216350947 0.4326241134751773 0.0353938185443669 0.06560283687943262
1 0.6754735792622134 0.41312056737588654 0.034396809571286144 0.06028368794326241
1 0.7123629112662014 0.39184397163120566 0.027417746759720838 0.04521276595744681
1 0.744765702891326 0.38120567375886527 0.025423728813559324 0.05230496453900709
1 0.7652043868394816 0.36524822695035464 0.024426719840478565 0.04343971631205674