1 0.27685546875 0.23350694444444445 0.025390625 0.04079861111111111
1 0.2197265625 0.2543402777777778 0.01904296875 0.046875
1 0.22509765625 0.3003472222222222 0.02978515625 0.05642361111111111
1 0.17041015625 0.3810763888888889 0.0361328125 0.08072916666666667
1 0.28466796875 0.4375 0.05419921875 0.0798611111111111
1 0.3759765625 0.4314236111111111 0.0498046875 0.08940972222222222
1 0.4794921875 0.4201388888888889 0.04833984375 0.06944444444444445
1 0.54638671875 0.4053819444444444 0.05224609375 0.08333333333333333
1 0.8916015625 0.3567708333333333 0.04736328125 0.0859375
1 0.96044921875 0.3689236111111111 0.056640625 0.08940972222222222
0 0.63134765625 0.6623263888888888 0.08740234375 0.1328125
0 0.5908203125 0.5789930555555556 0.06884765625 0.12413194444444445
0 0.666015625 0.5625 0.06982421875 0.11631944444444445
0 0.60498046875 0.5121527777777778 0.05615234375 0.06684027777777778
0 0.05078125 0.8862847222222222 0.10107421875 0.1875