1 0.5002520161290323 0.982078853046595 0.05594758064516129 0.035842293906810034
1 0.5105846774193549 0.9408602150537635 0.05141129032258065 0.07706093189964158
1 0.5398185483870968 0.46774193548387094 0.03125 0.05734767025089606
1 0.5408266129032258 0.3826164874551971 0.029233870967741934 0.05734767025089606
1 0.545866935483871 0.3216845878136201 0.025705645161290324 0.0528673835125448
1 0.5514112903225806 0.2777777777777778 0.03326612903225806 0.03942652329749104
1 0.5650201612903226 0.3772401433691756 0.024193548387096774 0.04659498207885305
1 0.5695564516129032 0.460573476702509 0.018145161290322582 0.05197132616487455
1 0.577116935483871 0.5277777777777778 0.020161290322580645 0.0456989247311828
1 0.5831653225806451 0.5869175627240143 0.021169354838709676 0.02956989247311828
1 0.5982862903225806 0.7894265232974911 0.02217741935483871 0.035842293906810034
1 0.5992943548387096 0.8198924731182796 0.015625 0.02956989247311828
1 0.6073588709677419 0.8682795698924731 0.017641129032258066 0.03494623655913978
0 0.3966733870967742 0.8745519713261649 0.06401209677419355 0.11917562724014337
0 0.43649193548387094 0.7589605734767025 0.05493951612903226 0.08870967741935484
0 0.4269153225806452 0.6675627240143369 0.06048387096774194 0.10483870967741936
0 0.46068548387096775 0.6854838709677419 0.02620967741935484 0.07974910394265233
0 0.49294354838709675 0.12186379928315412 0.04032258064516129 0.07706093189964158
0 0.5050403225806451 0.1827956989247312 0.03528225806451613 0.05913978494623656
0 0.5176411290322581 0.11559139784946236 0.012600806451612902 0.04659498207885305
0 0.5564516129032258 0.007168458781362007 0.02620967741935484 0.014336917562724014
0 0.5619959677419355 0.07258064516129033 0.02721774193548387 0.0456989247311828
0 0.5675403225806451 0.1478494623655914 0.02217741935483871 0.03942652329749104
0 0.5735887096774194 0.25268817204301075 0.022681451612903226 0.03136200716845878
0 0.5806451612903226 0.34050179211469533 0.020161290322580645 0.02956989247311828