1 0.927734375 0.5390625 0.05810546875 0.07725694444444445
1 0.81591796875 0.5295138888888888 0.05419921875 0.08680555555555555
1 0.77685546875 0.5104166666666666 0.041015625 0.09635416666666667
1 0.74365234375 0.4930555555555556 0.0419921875 0.08854166666666667
1 0.48583984375 0.4427083333333333 0.03125 0.05381944444444445
1 0.439453125 0.4409722222222222 0.03125 0.050347222222222224
1 0.40625 0.4322916666666667 0.02880859375 0.044270833333333336
1 0.38232421875 0.4227430555555556 0.021484375 0.057291666666666664
1 0.4365234375 0.3993055555555556 0.025390625 0.041666666666666664
1 0.48193359375 0.3914930555555556 0.0283203125 0.03125
1 0.5185546875 0.3784722222222222 0.02490234375 0.034722222222222224
1 0.55078125 0.3680555555555556 0.01611328125 0.036458333333333336
1 0.6611328125 0.3420138888888889 0.01953125 0.03819444444444445
1 0.677734375 0.3402777777777778 0.01611328125 0.026909722222222224
1 0.7041015625 0.3263888888888889 0.01904296875 0.030381944444444444
0 0.8466796875 0.8012152777777778 0.0927734375 0.1623263888888889
0 0.70751953125 0.6892361111111112 0.06494140625 0.11024305555555555
0 0.64453125 0.6206597222222222 0.04833984375 0.09461805555555555
0 0.5947265625 0.6371527777777778 0.05712890625 0.10416666666666667
0 0.6044921875 0.5789930555555556 0.04345703125 0.04513888888888889
0 0.29736328125 0.5234375 0.0419921875 0.06944444444444445
0 0.33056640625 0.5026041666666666 0.0322265625 0.06076388888888889
0 0.2939453125 0.4809027777777778 0.025390625 0.021701388888888888
0 0.1044921875 0.4913194444444444 0.03173828125 0.058159722222222224
0 0.08349609375 0.4765625 0.03173828125 0.06076388888888889
0 0.17333984375 0.4322916666666667 0.029296875 0.05295138888888889
0 0.22607421875 0.4140625 0.025390625 0.04513888888888889
0 0.2705078125 0.4045138888888889 0.02490234375 0.046875
0 0.3115234375 0.3949652777777778 0.021484375 0.03819444444444445
0 0.36865234375 0.3845486111111111 0.01708984375 0.0390625
0 0.41650390625 0.3723958333333333 0.01611328125 0.034722222222222224