1 0.4920042643923241 0.9838709677419355 0.054371002132196165 0.03225806451612903
1 0.5229211087420043 0.5075901328273245 0.03304904051172708 0.06072106261859583
1 0.5239872068230277 0.4174573055028463 0.03091684434968017 0.06072106261859583
1 0.529317697228145 0.35294117647058826 0.027185501066098083 0.055977229601518026
1 0.535181236673774 0.3064516129032258 0.035181236673773986 0.04174573055028463
1 0.5495735607675906 0.4117647058823529 0.0255863539445629 0.04933586337760911
1 0.5543710021321961 0.5 0.019189765458422176 0.05502846299810247
1 0.5623667377398721 0.571157495256167 0.021321961620469083 0.04838709677419355
1 0.5687633262260128 0.6337760910815939 0.022388059701492536 0.031309297912713474
1 0.5847547974413646 0.8481973434535104 0.023454157782515993 0.03795066413662239
1 0.585820895522388 0.8804554079696395 0.01652452025586354 0.031309297912713474
1 0.5943496801705757 0.9316888045540797 0.018656716417910446 0.03700189753320683
0 0.3712686567164179 0.937381404174573 0.06769722814498934 0.1252371916508539
0 0.4136460554371002 0.8159392789373814 0.05810234541577825 0.09392789373814042
0 0.4035181236673774 0.7191650853889943 0.06396588486140725 0.1110056925996205
0 0.43923240938166314 0.7381404174573055 0.02771855010660981 0.08444022770398482
0 0.47334754797441364 0.1413662239089184 0.042643923240938165 0.08159392789373814
0 0.4861407249466951 0.20588235294117646 0.03731343283582089 0.06261859582542695
0 0.4994669509594883 0.1347248576850095 0.013326226012793176 0.04933586337760911
0 0.5405117270788913 0.013757115749525617 0.02771855010660981 0.027514231499051234
0 0.5463752665245203 0.08918406072106262 0.028784648187633263 0.04838709677419355
0 0.5522388059701493 0.16888045540796964 0.023454157782515993 0.04174573055028463
0 0.55863539445629 0.27988614800759015 0.02398720682302772 0.03320683111954459
0 0.5660980810234542 0.372865275142315 0.021321961620469083 0.031309297912713474