1 0.6396484375 0.3871527777777778 0.046875 0.0703125
1 0.55078125 0.4088541666666667 0.03759765625 0.06770833333333333
1 0.44482421875 0.4201388888888889 0.04638671875 0.0798611111111111
1 0.341796875 0.4270833333333333 0.04296875 0.07291666666666667
1 0.232421875 0.4375 0.03955078125 0.06684027777777778
1 0.13232421875 0.4409722222222222 0.052734375 0.07552083333333333
1 0.0244140625 0.4609375 0.04833984375 0.08680555555555555
0 0.751953125 0.6076388888888888 0.0732421875 0.13802083333333334
0 0.57958984375 0.6657986111111112 0.083984375 0.1467013888888889
0 0.35693359375 0.6883680555555556 0.0810546875 0.15711805555555555
0 0.072265625 0.6657986111111112 0.09033203125 0.1467013888888889