0 0.3474576271186441 0.8936170212765957 0.06031904287138584 0.13297872340425532
0 0.41625124626121635 0.7801418439716312 0.05732801595214357 0.11436170212765957
0 0.4217347956131605 0.6666666666666666 0.052342971086739784 0.10460992907801418
0 0.4675972083748754 0.776595744680851 0.045363908275174475 0.07092198581560284
0 0.4546360917248255 0.7180851063829787 0.03788634097706879 0.08333333333333333
0 0.5757726819541376 0.22074468085106383 0.0353938185443669 0.07180851063829788
0 0.5633100697906281 0.10017730496453901 0.03339980059820538 0.06205673758865248
0 0.5807577268195414 0.1622340425531915 0.03738783649052842 0.047872340425531915
0 0.5982053838484547 0.2225177304964539 0.010967098703888335 0.04521276595744681
0 0.6879361914257228 0.006648936170212766 0.028913260219341975 0.013297872340425532
0 0.6964107676969092 0.05851063829787234 0.026919242273180457 0.05053191489361702
0 0.7018943170488534 0.12943262411347517 0.023928215353938187 0.04875886524822695
0 0.7108673978065803 0.23581560283687944 0.02193419740777667 0.04343971631205674
0 0.7203389830508474 0.325354609929078 0.020438683948155532 0.0398936170212766
1 0.7347956131605184 0.8554964539007093 0.01794616151545364 0.03723404255319149
1 0.7183449651046859 0.7641843971631206 0.019940179461615155 0.02925531914893617
1 0.7268195413758723 0.7943262411347518 0.020937188434695914 0.025709219858156027
1 0.7113659022931207 0.6276595744680851 0.019441674975074777 0.028368794326241134
1 0.7033898305084746 0.5771276595744681 0.023928215353938187 0.03546099290780142
1 0.69740777666999 0.5150709219858156 0.02193419740777667 0.03546099290780142
1 0.6909272183449651 0.4441489361702128 0.027417746759720838 0.041666666666666664
1 0.6799601196410767 0.37943262411347517 0.0259222333000997 0.051418439716312055
1 0.6590229312063809 0.29432624113475175 0.026919242273180457 0.0425531914893617
1 0.6425722831505484 0.3377659574468085 0.03290129611166501 0.04343971631205674
1 0.6286141575274178 0.40691489361702127 0.024426719840478565 0.05851063829787234
1 0.6211365902293121 0.4929078014184397 0.029411764705882353 0.06028368794326241
1 0.5508474576271186 0.9485815602836879 0.0353938185443669 0.0673758865248227
1 0.5259222333000997 0.9827127659574468 0.049850448654037885 0.034574468085106384