0 0.3522245762711864 0.879472693032015 0.06408898305084745 0.14124293785310735
0 0.4253177966101695 0.7589453860640302 0.06091101694915254 0.12146892655367232
0 0.4311440677966102 0.6384180790960452 0.055614406779661014 0.1111111111111111
0 0.4798728813559322 0.7551789077212806 0.048199152542372885 0.07532956685499058
0 0.4661016949152542 0.6930320150659134 0.04025423728813559 0.08851224105461393
0 0.5948093220338984 0.1647834274952919 0.03760593220338983 0.07627118644067797
0 0.5815677966101694 0.03672316384180791 0.03548728813559322 0.06591337099811675
0 0.6001059322033898 0.10263653483992467 0.03972457627118644 0.05084745762711865
0 0.6186440677966102 0.16666666666666666 0.011652542372881356 0.0480225988700565
0 0.7229872881355932 0.009416195856873822 0.028601694915254237 0.018832391713747645
0 0.7288135593220338 0.06779661016949153 0.025423728813559324 0.051789077212806026
0 0.7383474576271186 0.1807909604519774 0.023305084745762712 0.046139359698681735
0 0.7484110169491526 0.275894538606403 0.021716101694915255 0.0423728813559322
1 0.763771186440678 0.8389830508474576 0.019067796610169493 0.03954802259887006
1 0.746292372881356 0.7419962335216572 0.0211864406779661 0.031073446327683617
1 0.7552966101694916 0.7740112994350282 0.022245762711864406 0.027306967984934087
1 0.7388771186440678 0.5969868173258004 0.02065677966101695 0.030131826741996232
1 0.7304025423728814 0.5433145009416196 0.025423728813559324 0.03766478342749529
1 0.7240466101694916 0.4774011299435028 0.023305084745762712 0.03766478342749529
1 0.7171610169491526 0.4020715630885122 0.02913135593220339 0.044256120527306965
1 0.7055084745762712 0.3333333333333333 0.02754237288135593 0.054613935969868174
1 0.6832627118644068 0.24293785310734464 0.028601694915254237 0.04519774011299435
1 0.6657838983050848 0.2890772128060264 0.034957627118644065 0.046139359698681735
1 0.6509533898305084 0.3625235404896422 0.025953389830508475 0.062146892655367235
1 0.6430084745762712 0.4538606403013183 0.03125 0.064030131826742
1 0.5683262711864406 0.9378531073446328 0.03760593220338983 0.07156308851224105
1 0.541843220338983 0.9778719397363466 0.05296610169491525 0.044256120527306965