1 0.912109375 0.7256944444444444 0.04638671875 0.08940972222222222
1 0.8076171875 0.6631944444444444 0.04541015625 0.0798611111111111
1 0.74462890625 0.5737847222222222 0.0439453125 0.078125
1 0.7744140625 0.6328125 0.03955078125 0.07291666666666667
1 0.49169921875 0.4366319444444444 0.02978515625 0.04774305555555555
1 0.44482421875 0.4270833333333333 0.0322265625 0.05381944444444445
1 0.41015625 0.3984375 0.025390625 0.044270833333333336
1 0.3857421875 0.3793402777777778 0.02490234375 0.05642361111111111
1 0.43603515625 0.3420138888888889 0.0244140625 0.05295138888888889
1 0.47021484375 0.3194444444444444 0.021484375 0.0390625
1 0.50830078125 0.3090277777777778 0.0234375 0.033854166666666664
1 0.5400390625 0.3012152777777778 0.01611328125 0.036458333333333336
1 0.56982421875 0.2873263888888889 0.01904296875 0.044270833333333336
1 0.64697265625 0.2734375 0.0166015625 0.033854166666666664
1 0.66357421875 0.2664930555555556 0.01318359375 0.034722222222222224
1 0.69287109375 0.2526041666666667 0.017578125 0.03125
0 0.71142578125 0.9513888888888888 0.05908203125 0.09114583333333333
0 0.64306640625 0.8107638888888888 0.05419921875 0.0798611111111111
0 0.59033203125 0.8185763888888888 0.0498046875 0.08940972222222222
0 0.615234375 0.7482638888888888 0.046875 0.05381944444444445
0 0.64404296875 0.7291666666666666 0.03564453125 0.07291666666666667
0 0.28076171875 0.5425347222222222 0.0390625 0.06597222222222222
0 0.3408203125 0.5286458333333334 0.0390625 0.07291666666666667
0 0.30810546875 0.5060763888888888 0.02880859375 0.05381944444444445
0 0.11572265625 0.4409722222222222 0.03369140625 0.049479166666666664
0 0.09423828125 0.4227430555555556 0.03173828125 0.06684027777777778
0 0.0849609375 0.3776041666666667 0.0234375 0.034722222222222224
0 0.11376953125 0.3541666666666667 0.0283203125 0.04513888888888889
0 0.1640625 0.3315972222222222 0.03173828125 0.044270833333333336
0 0.220703125 0.3133680555555556 0.02587890625 0.04513888888888889
0 0.26171875 0.2977430555555556 0.025390625 0.041666666666666664
0 0.30419921875 0.296875 0.01904296875 0.0390625
0 0.3583984375 0.2821180555555556 0.01904296875 0.034722222222222224
0 0.40673828125 0.2717013888888889 0.01806640625 0.0390625