1 0.9905609492988133 0.7845489443378119 0.018878101402373247 0.09884836852207293
1 0.8915857605177994 0.7159309021113244 0.05016181229773463 0.08829174664107485
1 0.8220064724919094 0.6170825335892515 0.04854368932038835 0.08637236084452975
1 0.854908306364617 0.682341650671785 0.043689320388349516 0.08061420345489444
1 0.5426105717367853 0.4654510556621881 0.03290183387270766 0.052783109404990404
1 0.49083063646170444 0.45489443378119004 0.03559870550161812 0.05950095969289827
1 0.4525350593311758 0.42322456813819576 0.028047464940668825 0.04894433781190019
1 0.4255663430420712 0.4021113243761996 0.02750809061488673 0.06238003838771593
1 0.4811218985976268 0.36084452975047987 0.02696871628910464 0.05854126679462572
1 0.5188781014023732 0.33589251439539347 0.023732470334412083 0.04318618042226487
1 0.5609492988133765 0.32437619961612285 0.025889967637540454 0.03742802303262956
1 0.5960086299892126 0.31573896353166986 0.01779935275080906 0.04030710172744722
1 0.6289104638619202 0.30038387715930903 0.021035598705501618 0.04894433781190019
1 0.7141316073354909 0.28502879078694815 0.018338727076591153 0.03742802303262956
1 0.732470334412082 0.27735124760076774 0.014563106796116505 0.03838771593090211
1 0.7648327939590076 0.2619961612284069 0.019417475728155338 0.0345489443378119
0 0.7098166127292341 0.8790786948176583 0.059870550161812294 0.08829174664107485
0 0.651564185544768 0.8877159309021113 0.05501618122977346 0.09884836852207293
0 0.6790722761596548 0.8099808061420346 0.05177993527508091 0.05950095969289827
0 0.7108953613807982 0.7888675623800384 0.039374325782092774 0.08061420345489444
0 0.30960086299892126 0.5825335892514395 0.043149946062567425 0.07293666026871401
0 0.37594390507011866 0.5671785028790787 0.043149946062567425 0.08061420345489444
0 0.33980582524271846 0.5422264875239923 0.03182308522114347 0.05950095969289827
0 0.1272923408845739 0.47024952015355087 0.0372168284789644 0.05470249520153551
0 0.10355987055016182 0.45009596928982726 0.03505933117583603 0.07389635316698656
0 0.09331175836030205 0.4001919385796545 0.025889967637540454 0.03838771593090211
0 0.12513484358144553 0.3742802303262956 0.03128371089536138 0.04990403071017274
0 0.18069039913700108 0.3493282149712092 0.03505933117583603 0.04894433781190019
0 0.24325782092772383 0.3291746641074856 0.028586839266450916 0.04990403071017274
0 0.2885652642934196 0.31190019193857965 0.028047464940668825 0.046065259117082535
0 0.3354908306364617 0.31094049904030713 0.021035598705501618 0.04318618042226487
0 0.395361380798274 0.2946257197696737 0.021035598705501618 0.03838771593090211
0 0.4487594390507012 0.28310940499040305 0.019956850053937433 0.04318618042226487