1 0.933792372881356 0.7137476459510358 0.05031779661016949 0.09698681732580038
1 0.8204449152542372 0.6459510357815442 0.04925847457627119 0.08662900188323917
1 0.7521186440677966 0.5489642184557438 0.04766949152542373 0.0847457627118644
1 0.784427966101695 0.6129943502824858 0.04290254237288135 0.07909604519774012
1 0.4777542372881356 0.4001883239171375 0.0323093220338983 0.051789077212806026
1 0.4269067796610169 0.3898305084745763 0.034957627118644065 0.0583804143126177
1 0.3893008474576271 0.3587570621468927 0.02754237288135593 0.0480225988700565
1 0.3628177966101695 0.3380414312617702 0.02701271186440678 0.06120527306967985
1 0.4173728813559322 0.2975517890772128 0.026483050847457626 0.05743879472693032
1 0.4544491525423729 0.2730696798493409 0.023305084745762712 0.0423728813559322
1 0.4957627118644068 0.2617702448210923 0.025423728813559324 0.03672316384180791
1 0.5301906779661016 0.2532956685499058 0.017478813559322032 0.03954802259887006
1 0.5625 0.2382297551789077 0.02065677966101695 0.0480225988700565
1 0.6461864406779662 0.2231638418079096 0.018008474576271187 0.03672316384180791
1 0.6641949152542372 0.21563088512241055 0.014300847457627119 0.03766478342749529
1 0.6959745762711864 0.20056497175141244 0.019067796610169493 0.03389830508474576
0 0.7158368644067796 0.954331450094162 0.06408898305084745 0.09133709981167608
0 0.6419491525423728 0.8060263653483992 0.058792372881355935 0.08662900188323917
0 0.5847457627118644 0.8145009416195856 0.05402542372881356 0.09698681732580038
0 0.6117584745762712 0.7382297551789078 0.05084745762711865 0.0583804143126177
0 0.6430084745762712 0.7175141242937854 0.03866525423728814 0.07909604519774012
0 0.2489406779661017 0.5150659133709982 0.0423728813559322 0.07156308851224105
0 0.3140889830508475 0.5 0.0423728813559322 0.07909604519774012
0 0.2786016949152542 0.4755178907721281 0.03125 0.0583804143126177
0 0.06991525423728813 0.4048964218455744 0.036546610169491525 0.05367231638418079
0 0.046610169491525424 0.3851224105461394 0.034427966101694914 0.07250470809792843
0 0.036546610169491525 0.3361581920903955 0.025423728813559324 0.03766478342749529
0 0.06779661016949153 0.3107344632768362 0.03072033898305085 0.04896421845574388
0 0.12235169491525423 0.2862523540489642 0.034427966101694914 0.0480225988700565
0 0.18379237288135594 0.2664783427495292 0.028072033898305086 0.04896421845574388
0 0.22828389830508475 0.2495291902071563 0.02754237288135593 0.04519774011299435
0 0.274364406779661 0.24858757062146894 0.02065677966101695 0.0423728813559322
0 0.3331567796610169 0.23258003766478344 0.02065677966101695 0.03766478342749529
0 0.3855932203389831 0.22128060263653485 0.019597457627118644 0.0423728813559322