0 0.935814455231931 0.6420345489443378 0.09924487594390508 0.15259117082533588
0 0.692017259978425 0.6928982725527831 0.09439050701186623 0.17370441458733205
0 0.4034519956850054 0.7264875239923224 0.09385113268608414 0.16698656429942418
0 0.08198489751887811 0.6554702495201535 0.10409924487594391 0.17370441458733205
1 0.06903991370010787 0.30518234165067176 0.05879180151024811 0.08829174664107485
1 0.17853290183387271 0.30518234165067176 0.05177993527508091 0.09309021113243762
1 0.2853290183387271 0.30230326295585414 0.05177993527508091 0.09117082533589252
1 0.4115426105717368 0.30038387715930903 0.04854368932038835 0.09213051823416507
1 0.5215749730312838 0.2965451055662188 0.04692556634304207 0.09596928982725528
1 0.6467098166127292 0.2802303262955854 0.04908306364617044 0.08637236084452975
1 0.7659115426105717 0.27543186180422263 0.04854368932038835 0.08637236084452975