0 0.38232421875 0.2779587404994571 0.02294921875 0.05754614549402823
0 0.33251953125 0.38327904451682954 0.015625 0.06188925081433225
0 0.32275390625 0.43322475570032576 0.017578125 0.06297502714440825
0 0.31005859375 0.5950054288816504 0.041015625 0.07926167209554831
0 0.41259765625 0.752442996742671 0.046875 0.10640608034744843
0 0.4873046875 0.7633007600434311 0.048828125 0.10423452768729642
0 0.56494140625 0.8023887079261672 0.05029296875 0.11183496199782844
0 0.72998046875 0.7991313789359392 0.046875 0.11834961997828447
0 0.77880859375 0.756786102062975 0.04736328125 0.10857763300760044
0 0.83447265625 0.7242128121606949 0.04736328125 0.11617806731813246
0 0.95263671875 0.7079261672095548 0.0439453125 0.10423452768729642
1 0.96240234375 0.48751357220412594 0.04443359375 0.08469055374592833
1 0.8896484375 0.46579804560260585 0.03857421875 0.06623235613463627
1 0.76611328125 0.4516829533116178 0.03564453125 0.0749185667752443
1 0.7158203125 0.4505971769815418 0.03076171875 0.06514657980456026
1 0.65625 0.44516829533116176 0.02783203125 0.06297502714440825
1 0.60302734375 0.46905537459283386 0.029296875 0.07600434310532031
1 0.52734375 0.3767643865363735 0.029296875 0.06514657980456026
1 0.5126953125 0.3268186753528773 0.02685546875 0.06297502714440825
1 0.51806640625 0.2768729641693811 0.0322265625 0.03474484256243214
1 0.52685546875 0.24429967426710097 0.02392578125 0.031487513572204126
1 0.53173828125 0.21389793702497287 0.02490234375 0.01737242128121607
1 0.52783203125 0.19001085776330076 0.0205078125 0.02823018458197611
1 0.54638671875 0.1259500542888165 0.01708984375 0.038002171552660155