0 0.5964172813487882 0.14402810304449648 0.02792413066385669 0.05503512880562061
0 0.5453108535300316 0.02459016393442623 0.030031612223393046 0.03747072599531616
0 0.5210748155953635 0.011124121779859485 0.030558482613277135 0.02224824355971897
0 0.4423076923076923 0.009953161592505855 0.038461538461538464 0.01990632318501171
0 0.36617492096944154 0.21662763466042154 0.051633298208640675 0.11241217798594848
0 0.3609062170706006 0.3957845433255269 0.0505795574288725 0.117096018735363
0 0.34193888303477343 0.5819672131147541 0.05426765015806112 0.12060889929742388
0 0.3432560590094837 0.9607728337236534 0.05742887249736565 0.07845433255269321
1 0.5126448893572181 0.9437939110070258 0.03161222339304531 0.07377049180327869
1 0.5152792413066386 0.8009367681498829 0.030558482613277135 0.06674473067915691
1 0.5036880927291886 0.6733021077283372 0.0368809272918862 0.0702576112412178
1 0.5484720758693361 0.4918032786885246 0.03161222339304531 0.0702576112412178
1 0.5727081138040042 0.4566744730679157 0.030558482613277135 0.06440281030444965
1 0.5969441517386723 0.46955503512880564 0.01685985247629083 0.07728337236533958
1 0.6127502634351949 0.49063231850117095 0.015279241306638568 0.05737704918032787
1 0.6275026343519494 0.5023419203747073 0.008429926238145416 0.059718969555035126
1 0.6390937829293993 0.4929742388758782 0.0136986301369863 0.04918032786885246
1 0.6701791359325606 0.5374707259953162 0.0184404636459431 0.040983606557377046