0 0.599853515625 0.23858695652173914 0.02587890625 0.051086956521739134
0 0.552490234375 0.12771739130434784 0.02783203125 0.034782608695652174
0 0.530029296875 0.10597826086956522 0.0283203125 0.0391304347826087
0 0.457275390625 0.07771739130434782 0.03564453125 0.09130434782608696
0 0.386474609375 0.3059782608695652 0.0478515625 0.10434782608695652
0 0.381591796875 0.4722826086956522 0.046875 0.10869565217391304
0 0.364013671875 0.6451086956521739 0.05029296875 0.11195652173913044
0 0.365478515625 0.9804347826086957 0.05322265625 0.041304347826086954
1 0.52197265625 0.9739130434782609 0.029296875 0.05434782608695652
1 0.524658203125 0.8483695652173913 0.0283203125 0.06195652173913044
1 0.513916015625 0.7298913043478261 0.0341796875 0.06521739130434782
1 0.555419921875 0.5614130434782608 0.029296875 0.06521739130434782
1 0.577880859375 0.528804347826087 0.0283203125 0.059782608695652176
1 0.600341796875 0.5407608695652174 0.015625 0.07173913043478261
1 0.614990234375 0.5603260869565218 0.01416015625 0.05326086956521739
1 0.628662109375 0.571195652173913 0.0078125 0.05543478260869565
1 0.639404296875 0.5625 0.0126953125 0.04565217391304348
1 0.668212890625 0.6038043478260869 0.01708984375 0.03804347826086957