1 0.5825190010857764 0.0320048309178744 0.04017372421281216 0.0640096618357488
1 0.5960912052117264 0.14009661835748793 0.03637350705754615 0.05676328502415459
1 0.6074918566775245 0.24758454106280192 0.033659066232356136 0.050724637681159424
1 0.6156351791530945 0.3393719806763285 0.03040173724212812 0.04589371980676329
1 0.6232356134636265 0.4396135265700483 0.029315960912052116 0.035024154589371984
1 0.6340933767643865 0.4939613526570048 0.026058631921824105 0.042270531400966184
1 0.6438653637350705 0.5519323671497585 0.023887079261672096 0.03985507246376811
1 0.6547231270358306 0.6086956521739131 0.02225841476655809 0.03985507246376811
0 0.48425624321389793 0.042874396135265704 0.04451682953311618 0.08574879227053141
0 0.499457111834962 0.13768115942028986 0.04451682953311618 0.07608695652173914
0 0.5184581976112921 0.2222222222222222 0.04451682953311618 0.07367149758454106
0 0.5325732899022801 0.30434782608695654 0.03745928338762215 0.057971014492753624
0 0.5542888165038002 0.5422705314009661 0.03908794788273615 0.07729468599033816
0 0.5570032573289903 0.678743961352657 0.028773072747014114 0.057971014492753624
0 0.5727470141150923 0.7958937198067633 0.030944625407166124 0.05434782608695652
0 0.5825190010857764 0.9384057971014492 0.029315960912052116 0.07004830917874397
0 0.6036916395222585 0.967391304347826 0.02062975027144408 0.057971014492753624
0 0.6191639522258415 0.9836956521739131 0.026601520086862108 0.03260869565217391