1 0.5574596774193549 0.052690582959641255 0.037298387096774195 0.05605381165919283
1 0.5690524193548387 0.13565022421524664 0.037298387096774195 0.06390134529147982
1 0.5816532258064516 0.23766816143497757 0.03377016129032258 0.052690582959641255
1 0.5922379032258065 0.3374439461883408 0.03125 0.04708520179372197
1 0.5997983870967742 0.4226457399103139 0.028225806451612902 0.042600896860986545
1 0.6068548387096774 0.515695067264574 0.02721774193548387 0.032511210762331835
1 0.6169354838709677 0.5661434977578476 0.024193548387096774 0.03923766816143498
1 0.626008064516129 0.6199551569506726 0.02217741935483871 0.03699551569506727
1 0.6360887096774194 0.672645739910314 0.02066532258064516 0.03699551569506727
0 0.43044354838709675 0.010089686098654708 0.04435483870967742 0.020179372197309416
0 0.4778225806451613 0.14237668161434977 0.04133064516129032 0.08968609865470852
0 0.49193548387096775 0.23542600896860988 0.04133064516129032 0.07062780269058296
0 0.5095766129032258 0.31390134529147984 0.04133064516129032 0.06838565022421525
0 0.5226814516129032 0.3901345291479821 0.03477822580645161 0.053811659192825115
0 0.5428427419354839 0.6109865470852018 0.036290322580645164 0.07174887892376682
0 0.5453629032258065 0.7376681614349776 0.026713709677419355 0.053811659192825115
0 0.5599798387096774 0.8464125560538116 0.028729838709677418 0.05044843049327354
0 0.5690524193548387 0.9730941704035875 0.02721774193548387 0.053811659192825115
0 0.5887096774193549 0.9893497757847534 0.019153225806451613 0.021300448430493273