1 0.0185546875 0.5635179153094463 0.03662109375 0.08577633007600434
1 0.087890625 0.509229098805646 0.03857421875 0.08903365906623235
1 0.15087890625 0.47014115092290987 0.029296875 0.08469055374592833
1 0.25 0.40390879478827363 0.029296875 0.06514657980456026
1 0.30810546875 0.38219326818675353 0.0244140625 0.08034744842562432
1 0.34423828125 0.3572204125950054 0.02783203125 0.08034744842562432
1 0.388671875 0.3300760043431053 0.02294921875 0.0727470141150923
1 0.43212890625 0.30727470141150925 0.0205078125 0.06731813246471227
1 0.46923828125 0.2909880564603692 0.0185546875 0.06080347448425624
1 0.509765625 0.2757871878393051 0.01416015625 0.05863192182410423
1 0.53173828125 0.254071661237785 0.01708984375 0.05211726384364821
1 0.55517578125 0.23452768729641693 0.01611328125 0.04777415852334419
1 0.578125 0.21281216069489686 0.01611328125 0.04451682953311618
0 0.21875 0.8219326818675353 0.0478515625 0.1259500542888165
0 0.2421875 0.7242128121606949 0.04833984375 0.10640608034744843
0 0.27490234375 0.6558089033659066 0.0380859375 0.09554831704668838
0 0.34716796875 0.5537459283387622 0.0390625 0.08903365906623235
0 0.3876953125 0.5233441910966341 0.03076171875 0.08903365906623235
0 0.421875 0.48534201954397393 0.02978515625 0.08903365906623235
0 0.455078125 0.4571118349619978 0.0234375 0.0749185667752443
0 0.55126953125 0.41368078175895767 0.03125 0.0781758957654723
0 0.6064453125 0.40825190010857765 0.0234375 0.05754614549402823
0 0.65380859375 0.3767643865363735 0.02197265625 0.06188925081433225
0 0.71142578125 0.3572204125950054 0.0283203125 0.05863192182410423
0 0.72314453125 0.31487513572204123 0.0234375 0.04125950054288816
0 0.7333984375 0.28338762214983715 0.02001953125 0.053203040173724216