0 0.279265873015873 0.30242825607064017 0.0248015873015873 0.052980132450331126
0 0.2777777777777778 0.3554083885209713 0.030753968253968252 0.0706401766004415
0 0.2787698412698413 0.41721854304635764 0.02976190476190476 0.05187637969094923
0 0.27976190476190477 0.4768211920529801 0.03373015873015873 0.05518763796909492
0 0.29712301587301587 0.5452538631346578 0.03422619047619048 0.06622516556291391
0 0.3382936507936508 0.6357615894039735 0.0441468253968254 0.08830022075055188
0 0.3898809523809524 0.7163355408388521 0.03571428571428571 0.09713024282560706
0 0.5004960317460317 0.8101545253863135 0.056051587301587304 0.12472406181015452
0 0.5699404761904762 0.7560706401766004 0.049107142857142856 0.1280353200883002
0 0.6413690476190477 0.7119205298013245 0.04513888888888889 0.10816777041942605
0 0.7504960317460317 0.609271523178808 0.04265873015873016 0.10154525386313466
0 0.7683531746031746 0.5452538631346578 0.040674603174603176 0.08057395143487858
0 0.7946428571428571 0.5011037527593819 0.041666666666666664 0.08719646799116998
0 0.8695436507936508 0.4448123620309051 0.036210317460317464 0.08940397350993377
0 0.9087301587301587 0.434878587196468 0.03571428571428571 0.0772626931567329
0 0.9563492063492064 0.41611479028697573 0.034722222222222224 0.0728476821192053
0 0.9873511904761905 0.40507726269315675 0.025297619047619048 0.0772626931567329
1 0.3854166666666667 0.09602649006622517 0.014384920634920634 0.025386313465783666
1 0.38740079365079366 0.11699779249448124 0.012896825396825396 0.01434878587196468
1 0.39285714285714285 0.1600441501103753 0.019345238095238096 0.033112582781456956
1 0.4007936507936508 0.18763796909492272 0.013392857142857142 0.023178807947019868
1 0.4007936507936508 0.22737306843267108 0.01240079365079365 0.04304635761589404
1 0.4290674603174603 0.2969094922737307 0.023313492063492064 0.05518763796909492
1 0.45783730158730157 0.3454746136865342 0.025297619047619048 0.06622516556291391
1 0.5555555555555556 0.38631346578366443 0.024305555555555556 0.06291390728476821
1 0.5892857142857143 0.35209713024282563 0.028769841269841268 0.0728476821192053
1 0.6374007936507936 0.33995584988962474 0.025297619047619048 0.0684326710816777
1 0.6770833333333334 0.31788079470198677 0.027281746031746032 0.06291390728476821
1 0.7683531746031746 0.2958057395143488 0.02628968253968254 0.06622516556291391
1 0.8184523809523809 0.27704194260485654 0.022321428571428572 0.056291390728476824
1 0.8645833333333334 0.2682119205298013 0.02628968253968254 0.04083885209713024
1 0.9131944444444444 0.26048565121412803 0.027281746031746032 0.06070640176600441
1 0.9613095238095238 0.24724061810154527 0.028273809523809524 0.06070640176600441