0 0.48757763975155277 0.024193548387096774 0.031055900621118012 0.04838709677419355
0 0.4451345755693582 0.10483870967741936 0.041407867494824016 0.10253456221198157
0 0.40734989648033126 0.22465437788018433 0.045548654244306416 0.08294930875576037
0 0.36335403726708076 0.4815668202764977 0.05848861283643892 0.13018433179723501
0 0.3887163561076605 0.6428571428571429 0.060041407867494824 0.11405529953917051
0 0.40942028985507245 0.8087557603686636 0.050724637681159424 0.10483870967741936
1 0.69824016563147 0.21428571428571427 0.011904761904761904 0.03341013824884793
1 0.6884057971014492 0.21889400921658986 0.006728778467908903 0.029953917050691243
1 0.6682194616977226 0.2315668202764977 0.015527950310559006 0.044930875576036866
1 0.65527950310559 0.25 0.010869565217391304 0.03110599078341014
1 0.6366459627329193 0.25 0.020186335403726708 0.02880184331797235
1 0.6040372670807453 0.315668202764977 0.025879917184265012 0.05414746543778802
1 0.5812629399585921 0.3824884792626728 0.031055900621118012 0.0587557603686636
1 0.562111801242236 0.6094470046082949 0.029503105590062112 0.056451612903225805
1 0.5781573498964804 0.6877880184331797 0.034161490683229816 0.06682027649769585
1 0.5838509316770186 0.7995391705069125 0.032091097308488616 0.0587557603686636
1 0.5942028985507246 0.8917050691244239 0.029503105590062112 0.06336405529953917