0 0.5736478711162255 0.11321721311475409 0.04027617951668585 0.0625
0 0.6311852704257768 0.16444672131147542 0.04257767548906789 0.06864754098360656
1 0.00949367088607595 0.17315573770491804 0.0189873417721519 0.06967213114754098
1 0.038262370540851555 0.22540983606557377 0.05581127733026467 0.08196721311475409
0 0.6867088607594937 0.22694672131147542 0.05005753739930955 0.07479508196721311
1 0.07163406214039125 0.29661885245901637 0.056962025316455694 0.08709016393442623
0 0.7433831990794016 0.29764344262295084 0.05063291139240506 0.08504098360655737
0 0.378596087456847 0.0194672131147541 0.0379746835443038 0.0389344262295082
1 0.09004602991944764 0.38422131147540983 0.061565017261219795 0.10040983606557377
0 0.8127157652474108 0.38422131147540983 0.06271576524741082 0.09836065573770492
0 0.8906789413118527 0.48360655737704916 0.06559263521288838 0.10655737704918032
0 0.964614499424626 0.5988729508196722 0.07077100115074798 0.11987704918032786
1 0.10644418872266974 0.6449795081967213 0.07710011507479862 0.12192622950819672
0 0.44390103567318756 0.042008196721311473 0.037399309551208286 0.06762295081967214
0 0.5083429228998849 0.0706967213114754 0.037399309551208286 0.06967213114754098