0 0.5083783783783784 0.06442307692307692 0.03945945945945946 0.06346153846153846
1 0.14486486486486486 0.9620192307692308 0.0972972972972973 0.07596153846153846
0 0.5659459459459459 0.10144230769230769 0.04 0.07019230769230769
0 0.6213513513513513 0.1485576923076923 0.03783783783783784 0.07307692307692308
1 0.021621621621621623 0.15528846153846154 0.043243243243243246 0.07019230769230769
1 0.0645945945945946 0.20528846153846153 0.04756756756756757 0.08173076923076923
0 0.674054054054054 0.21009615384615385 0.04864864864864865 0.07019230769230769
1 0.09513513513513513 0.27115384615384613 0.05297297297297297 0.07884615384615384
0 0.7291891891891892 0.27740384615384617 0.05189189189189189 0.08173076923076923
0 0.3845945945945946 0.016826923076923076 0.03405405405405405 0.03365384615384615
1 0.11621621621621622 0.3548076923076923 0.061621621621621624 0.08653846153846154
0 0.7927027027027027 0.3596153846153846 0.055675675675675676 0.09230769230769231
0 0.865945945945946 0.45625 0.06486486486486487 0.09711538461538462
0 0.9364864864864865 0.5605769230769231 0.07081081081081081 0.11153846153846154
1 0.1281081081081081 0.5951923076923077 0.07783783783783783 0.11730769230769231
0 0.4462162162162162 0.0375 0.036216216216216214 0.05961538461538462