0 0.6165760869565218 0.19003868471953578 0.03967391304347826 0.0725338491295938
1 0.08586956521739131 0.22727272727272727 0.04673913043478261 0.08317214700193423
0 0.6725543478260869 0.2369439071566731 0.042934782608695654 0.07736943907156674
1 0.12744565217391304 0.2741779497098646 0.042934782608695654 0.07446808510638298
0 0.7277173913043479 0.3002901353965184 0.04891304347826087 0.08027079303675048
1 0.15842391304347825 0.34332688588007737 0.049456521739130434 0.08897485493230174
0 0.7834239130434782 0.37475822050290136 0.05489130434782609 0.09381044487427466
1 0.17391304347826086 0.42504835589941975 0.051086956521739134 0.097678916827853
0 0.8467391304347827 0.4647001934235977 0.058695652173913045 0.09961315280464217
0 0.9209239130434783 0.5691489361702128 0.0625 0.109284332688588
1 0.18125 0.6648936170212766 0.06902173913043479 0.13249516441005801
0 0.9793478260869565 0.675531914893617 0.041304347826086954 0.1286266924564797