0 0.2681564245810056 0.1709741550695825 0.026815642458100558 0.0536779324055666
0 0.2706703910614525 0.3817097415506958 0.03519553072625698 0.055666003976143144
0 0.27346368715083796 0.5730616302186878 0.026256983240223464 0.040755467196819085
0 0.2737430167597765 0.4801192842942346 0.03798882681564246 0.05765407554671968
0 0.29245810055865923 0.5984095427435387 0.03407821229050279 0.04572564612326044
0 0.30810055865921787 0.5387673956262425 0.031843575418994415 0.04572564612326044
0 0.3198324022346369 0.4671968190854871 0.04078212290502793 0.05765407554671968
0 0.3368715083798883 0.371272365805169 0.041340782122905026 0.06461232604373758
0 0.35782122905027935 0.2554671968190855 0.045251396648044694 0.06958250497017893
0 0.38212290502793295 0.14065606361829025 0.04581005586592179 0.06063618290258449
1 0.22262569832402235 0.3672962226640159 0.007262569832402235 0.04473161033797217
0 0.40670391061452515 0.04473161033797217 0.035754189944134075 0.06759443339960239
1 0.22513966480446929 0.6898608349900597 0.012290502793296089 0.0437375745526839
1 0.41983240223463686 0.9910536779324056 0.03966480446927374 0.017892644135188866
1 0.22541899441340782 0.7847912524850894 0.012849162011173185 0.04473161033797217
1 0.22374301675977654 0.051192842942345926 0.009497206703910615 0.03479125248508946
1 0.22513966480446929 0.536779324055666 0.012290502793296089 0.03777335984095427
1 0.22681564245810057 0.8613320079522863 0.01564245810055866 0.05069582504970179
1 0.22569832402234638 0.20228628230616302 0.013407821229050279 0.04473161033797217
1 0.4594972067039106 0.9622266401590457 0.05195530726256983 0.07554671968190854
1 0.5033519553072626 0.9463220675944334 0.05698324022346369 0.09343936381709742
1 0.22960893854748604 0.9473161033797217 0.021229050279329607 0.04572564612326044
1 0.6432960893854749 0.9378727634194831 0.07653631284916201 0.1143141153081511