1 0.11685082872928176 0.07465618860510806 0.029281767955801105 0.07858546168958742
0 0.7027624309392265 0.09135559921414538 0.02983425414364641 0.047151277013752456
0 0.585635359116022 0.09577603143418467 0.030939226519337018 0.0618860510805501
1 0.09806629834254144 0.09675834970530452 0.03259668508287293 0.06385068762278978
0 0.811878453038674 0.09921414538310412 0.03038674033149171 0.06286836935166994
0 0.47928176795580113 0.1006876227897839 0.022651933701657457 0.04616895874263261
0 0.530939226519337 0.10117878192534381 0.032044198895027624 0.06679764243614932
0 0.9284530386740332 0.10265225933202357 0.0281767955801105 0.06974459724950884
1 0.08701657458563536 0.11345776031434185 0.0281767955801105 0.05206286836935167
0 0.46519337016574586 0.13408644400785855 0.02541436464088398 0.05992141453831041
1 0.0867403314917127 0.1581532416502947 0.03867403314917127 0.068762278978389
0 0.4983425414364641 0.16159135559921414 0.02541436464088398 0.055992141453831044
0 0.538121546961326 0.18222003929273084 0.032044198895027624 0.07170923379174853
1 0.09917127071823205 0.18713163064833005 0.034806629834254144 0.054027504911591355
0 0.5914364640883978 0.21218074656188604 0.03591160220994475 0.07269155206286837
1 0.11988950276243093 0.2293713163064833 0.03867403314917127 0.07367387033398821
0 0.6558011049723756 0.24901768172888017 0.03867403314917127 0.07956777996070727
1 0.85 0.0054027504911591355 0.022651933701657457 0.010805500982318271
1 0.14834254143646408 0.26571709233791746 0.04033149171270718 0.0618860510805501
0 0.7196132596685083 0.2917485265225933 0.03370165745856354 0.08055009823182711
1 0.1925414364640884 0.31237721021611004 0.04806629834254143 0.07662082514734773
1 0.8124309392265193 0.009823182711198428 0.020441988950276244 0.019646365422396856
1 0.593646408839779 0.008840864440078585 0.024861878453038673 0.01768172888015717
0 0.7729281767955801 0.3349705304518664 0.03756906077348066 0.06286836935166994
1 0.4143646408839779 0.013261296660117878 0.02430939226519337 0.026522593320235755
1 0.23232044198895027 0.3580550098231827 0.039226519337016576 0.06974459724950884
1 0.3616022099447514 0.0137524557956778 0.024861878453038673 0.0275049115913556
1 0.7693370165745856 0.010805500982318271 0.019337016574585635 0.021611001964636542
1 0.4994475138121547 0.013261296660117878 0.020994475138121547 0.026522593320235755
1 0.319060773480663 0.016208251473477406 0.0281767955801105 0.03241650294695481
1 0.6853591160220994 0.01424361493123772 0.024861878453038673 0.02848722986247544
0 0.8287292817679558 0.4037328094302554 0.03867403314917127 0.07465618860510806
1 0.2585635359116022 0.42779960707269155 0.05082872928176796 0.09135559921414538
0 0.8895027624309392 0.4857563850687623 0.04640883977900553 0.0893909626719057
1 0.2718232044198895 0.5049115913555993 0.051933701657458566 0.10019646365422397
1 0.2712707182320442 0.02111984282907662 0.02541436464088398 0.04223968565815324
1 0.22513812154696133 0.023575638506876228 0.024861878453038673 0.047151277013752456
0 0.9555248618784531 0.5839882121807466 0.06022099447513812 0.11493123772102161
1 0.18259668508287294 0.0343811394891945 0.0281767955801105 0.06286836935166994
1 0.2765193370165746 0.7509823182711198 0.06353591160220995 0.13457760314341846
1 0.14696132596685083 0.043713163064833006 0.026519337016574586 0.06974459724950884