1 0.2546961325966851 0.4336935166994106 0.02541436464088398 0.04027504911591356
1 0.25524861878453037 0.5849705304518664 0.026519337016574586 0.03241650294695481
1 0.25662983425414365 0.6802554027504911 0.025966850828729283 0.04616895874263261
1 0.2585635359116022 0.27652259332023577 0.02541436464088398 0.04027504911591356
1 0.2585635359116022 0.11738703339882121 0.02983425414364641 0.04420432220039293
1 0.2585635359116022 0.7524557956777996 0.03314917127071823 0.05893909626719057
1 0.2604972375690608 0.8364440078585462 0.029281767955801105 0.054027504911591355
1 0.2640883977900553 0.918958742632613 0.036464088397790057 0.05992141453831041
1 0.27265193370165747 0.9857563850687623 0.03591160220994475 0.02848722986247544
0 0.31132596685082875 0.2888015717092338 0.0281767955801105 0.0550098231827112
0 0.3116022099447514 0.08398821218074656 0.032044198895027624 0.05206286836935167
0 0.311878453038674 0.3880157170923379 0.029281767955801105 0.05304518664047151
0 0.3146408839779006 0.48035363457760316 0.020441988950276244 0.05304518664047151
0 0.33038674033149174 0.49803536345776034 0.04088397790055249 0.06286836935166994
0 0.3447513812154696 0.4400785854616896 0.036464088397790057 0.0550098231827112
0 0.35718232044198894 0.3757367387033399 0.034806629834254144 0.05206286836935167
0 0.37734806629834255 0.2706286836935167 0.030939226519337018 0.05206286836935167
0 0.3953038674033149 0.1674852652259332 0.03812154696132597 0.06777996070726916
0 0.41740331491712707 0.060903732809430254 0.04143646408839779 0.07269155206286837
1 0.42513812154696135 0.9705304518664047 0.042541436464088395 0.05893909626719057
1 0.4494475138121547 0.9140471512770137 0.039226519337016576 0.0893909626719057
1 0.49060773480662984 0.8757367387033399 0.04751381215469613 0.08742632612966601
1 0.5386740331491713 0.8457760314341847 0.04861878453038674 0.09430255402750491
1 0.6726519337016574 0.8339882121807466 0.06906077348066299 0.11787819253438114