1 0.7279569892473118 0.5253346080305927 0.024731182795698924 0.03919694072657744
1 0.7274193548387097 0.37810707456978965 0.025806451612903226 0.03154875717017208
1 0.7260752688172043 0.2853728489483748 0.025268817204301075 0.044933078393881457
1 0.7255376344086022 0.9837476099426387 0.032795698924731186 0.032504780114722756
1 0.7241935483870968 0.6782982791586998 0.024731182795698924 0.03919694072657744
1 0.7241935483870968 0.8331739961759083 0.02903225806451613 0.043021032504780114
1 0.7241935483870968 0.21510516252390058 0.03225806451612903 0.05736137667304015
1 0.7223118279569892 0.13336520076481836 0.02849462365591398 0.052581261950286805
1 0.7188172043010753 0.05305927342256214 0.035483870967741936 0.058317399617590825
0 0.6728494623655914 0.6663479923518164 0.027419354838709678 0.05353728489483748
0 0.6725806451612903 0.865678776290631 0.03118279569892473 0.05066921606118547
0 0.6723118279569893 0.5697896749521989 0.02849462365591398 0.05162523900573614
0 0.6696236559139785 0.47992351816443596 0.01989247311827957 0.05162523900573614
0 0.6543010752688172 0.4627151051625239 0.03978494623655914 0.06118546845124283
0 0.6403225806451613 0.5191204588910134 0.035483870967741936 0.05353728489483748
0 0.6282258064516129 0.5817399617590823 0.03387096774193549 0.05066921606118547
0 0.6086021505376344 0.6840344168260039 0.030107526881720432 0.05066921606118547
0 0.5911290322580646 0.7844168260038241 0.037096774193548385 0.06596558317399617
0 0.5696236559139785 0.8881453154875717 0.04032258064516129 0.07074569789674952
1 0.5620967741935484 0.01577437858508604 0.04139784946236559 0.03154875717017208
1 0.5384408602150538 0.05783938814531549 0.038172043010752686 0.0869980879541109
0 0.5379032258064517 0.9804015296367112 0.03924731182795699 0.03919694072657744
1 0.49838709677419357 0.09512428298279159 0.046236559139784944 0.08508604206500955
1 0.45161290322580644 0.124282982791587 0.047311827956989246 0.09177820267686425
1 0.32123655913978494 0.13575525812619502 0.06720430107526881 0.1147227533460803