1 0.8958791208791209 0.08203125 0.02142857142857143 0.02734375
1 0.8989010989010989 0.1162109375 0.01978021978021978 0.04296875
1 0.4442307692307692 0.123046875 0.026923076923076925 0.044921875
1 0.39395604395604394 0.1240234375 0.025274725274725275 0.052734375
1 0.8777472527472527 0.12548828125 0.022527472527472527 0.0361328125
1 0.5291208791208791 0.1279296875 0.020879120879120878 0.041015625
1 0.6178571428571429 0.1279296875 0.022527472527472527 0.041015625
1 0.8357142857142857 0.1279296875 0.026373626373626374 0.041015625
1 0.7082417582417583 0.1298828125 0.024175824175824177 0.044921875
1 0.7936813186813186 0.13037109375 0.022527472527472527 0.0400390625
1 0.35384615384615387 0.13330078125 0.025274725274725275 0.0517578125
1 0.3068681318681319 0.1357421875 0.023626373626373626 0.05078125
1 0.2651098901098901 0.146484375 0.028021978021978023 0.064453125
1 0.22252747252747251 0.15673828125 0.026373626373626374 0.0732421875
1 0.18763736263736264 0.1708984375 0.026923076923076925 0.0625
1 0.1576923076923077 0.18994140625 0.03296703296703297 0.0732421875
1 0.14258241758241758 0.21142578125 0.024725274725274724 0.0517578125
0 0.7274725274725274 0.216796875 0.02967032967032967 0.0625
0 0.610989010989011 0.22509765625 0.03406593406593406 0.0537109375
0 0.5601648351648352 0.2275390625 0.024725274725274724 0.05078125
0 0.5096153846153846 0.23095703125 0.025824175824175823 0.0458984375
0 0.8368131868131868 0.23193359375 0.031868131868131866 0.0537109375
1 0.128021978021978 0.23193359375 0.02857142857142857 0.0537109375
0 0.9563186813186814 0.23291015625 0.03241758241758242 0.0556640625
0 0.4928571428571429 0.2548828125 0.02857142857142857 0.060546875
1 0.13186813186813187 0.2666015625 0.031868131868131866 0.05859375
0 0.5277472527472528 0.27783203125 0.025824175824175823 0.0537109375
0 0.5593406593406594 0.30224609375 0.02967032967032967 0.0517578125
1 0.1423076923076923 0.3056640625 0.03076923076923077 0.05078125
1 0.16043956043956045 0.33740234375 0.03076923076923077 0.0556640625
0 0.6181318681318682 0.337890625 0.03076923076923077 0.05078125
0 0.6821428571428572 0.37109375 0.033516483516483515 0.05859375
1 0.19065934065934065 0.3798828125 0.03296703296703297 0.056640625
1 0.9920329670329671 0.015625 0.015934065934065933 0.03125
0 0.7434065934065934 0.41650390625 0.03956043956043956 0.0654296875
1 0.9288461538461539 0.0166015625 0.018131868131868133 0.02734375
1 0.967032967032967 0.0166015625 0.017582417582417582 0.02734375
1 0.2304945054945055 0.4208984375 0.04230769230769231 0.06640625
1 0.9478021978021978 0.017578125 0.015384615384615385 0.03515625
1 0.2653846153846154 0.466796875 0.04285714285714286 0.080078125
0 0.7997252747252748 0.47412109375 0.04230769230769231 0.0634765625
1 0.9142857142857143 0.0234375 0.014285714285714285 0.02734375
1 0.2865384615384615 0.53173828125 0.04450549450549451 0.0927734375
0 0.8596153846153847 0.5458984375 0.04450549450549451 0.08203125
1 0.9019230769230769 0.029296875 0.015934065934065933 0.025390625
1 0.3041208791208791 0.61474609375 0.046703296703296704 0.0908203125
0 0.9189560439560439 0.6259765625 0.05 0.0859375
0 0.9818681318681318 0.72021484375 0.03626373626373627 0.0986328125
1 0.3021978021978022 0.85498046875 0.06483516483516484 0.1142578125
1 0.8958791208791209 0.060546875 0.018131868131868133 0.0234375