1 0.7135869565217391 0.4144100580270793 0.025 0.047388781431334626
1 0.7130434782608696 0.32591876208897486 0.029347826086956522 0.04448742746615087
1 0.7108695652173913 0.5638297872340425 0.02282608695652174 0.0367504835589942
1 0.7108695652173913 0.7200193423597679 0.02282608695652174 0.039651837524177946
1 0.7097826086956521 0.879110251450677 0.025 0.0425531914893617
1 0.7078804347826086 0.2553191489361702 0.028804347826086957 0.04448742746615087
1 0.7065217391304348 0.17263056092843326 0.02826086956521739 0.041586073500967116
1 0.7005434782608696 0.09912959381044488 0.035869565217391305 0.04932301740812379
1 0.6948369565217392 0.024177949709864602 0.04076086956521739 0.04642166344294004
0 0.6614130434782609 0.9129593810444874 0.034782608695652174 0.05222437137330754
0 0.6567934782608695 0.7079303675048356 0.029891304347826088 0.059961315280464215
0 0.6554347826086957 0.6184719535783365 0.02826086956521739 0.043520309477756286
0 0.6535326086956522 0.5294970986460348 0.025543478260869567 0.045454545454545456
0 0.6402173913043478 0.5 0.03369565217391304 0.05029013539651837
0 0.627445652173913 0.561411992263056 0.029891304347826088 0.045454545454545456
0 0.6138586956521739 0.6170212765957447 0.028804347826086957 0.05222437137330754
0 0.5940217391304348 0.7205029013539652 0.02826086956521739 0.05415860735009671
0 0.5755434782608696 0.8331721470019342 0.03260869565217391 0.05899419729206963
0 0.5502717391304348 0.9410058027079303 0.03641304347826087 0.06963249516441006
1 0.5478260869565217 0.03820116054158607 0.03695652173913044 0.07446808510638298
1 0.5222826086956521 0.09961315280464217 0.04456521739130435 0.07543520309477757
1 0.4861413043478261 0.13684719535783366 0.051630434782608696 0.07833655705996131
1 0.43994565217391307 0.16779497098646035 0.050543478260869565 0.08220502901353965
1 0.30625 0.1644100580270793 0.06358695652173912 0.11411992263056092